n_obs: 10
data_preparation: 93.76380205154419
writing: 2.8587260246276855
reading: 0.2079012393951416
data_fitting: 294.45989751815796
flux_point: 45.69084191322327
