n_obs: 10
data_preparation: 40.640448331832886
writing: 2.4133803844451904
reading: 3.3350322246551514
data_fitting: 172.55481266975403
flux_point: 38.89138603210449
