n_obs: 10
data_preparation: 74.46880578994751
writing: 2.5702574253082275
reading: 0.1934370994567871
data_fitting: 160.35134744644165
flux_point: 31.612520694732666
