n_obs: 10
data_preparation: 83.9280252456665
writing: 2.3371620178222656
reading: 0.17905974388122559
data_fitting: 170.73953819274902
flux_point: 31.9684796333313
