n_obs: 10
data_preparation: 94.66244602203369
writing: 3.785186767578125
reading: 0.28690552711486816
data_fitting: 218.9606740474701
flux_point: 42.78102946281433
