n_obs: 10
data_preparation: 56.233028173446655
writing: 2.740689992904663
reading: 0.21412372589111328
data_fitting: 186.72616982460022
flux_point: 25.215776681900024
