n_obs: 10
data_preparation: 27.384565591812134
writing: 1.5954225063323975
reading: 0.5495584011077881
data_fitting: 104.91609692573547
flux_point: 16.757466316223145
