n_obs: 10
data_preparation: 31.044017791748047
writing: 2.573195695877075
reading: 0.16753816604614258
data_fitting: 108.65281295776367
flux_point: 15.825926780700684
