n_obs: 10
data_preparation: 68.63210940361023
writing: 3.0460410118103027
reading: 0.2134549617767334
data_fitting: 201.76778984069824
flux_point: 29.570348501205444
