n_obs: 10
data_preparation: 46.27255296707153
writing: 3.485562562942505
reading: 0.31031060218811035
data_fitting: 223.6203474998474
flux_point: 79.1651086807251
