n_obs: 10
data_preparation: 95.77767133712769
writing: 2.5382611751556396
reading: 0.19443321228027344
data_fitting: 204.0702142715454
flux_point: 39.94502091407776
