n_obs: 10
data_preparation: 29.952038764953613
writing: 2.307600498199463
reading: 0.2763044834136963
data_fitting: 113.07750725746155
flux_point: 14.40697431564331
