n_obs: 10
data_preparation: 30.337879419326782
writing: 2.1133270263671875
reading: 0.5245356559753418
data_fitting: 104.53017282485962
flux_point: 18.124598741531372
