n_obs: 10
data_preparation: 30.997949361801147
writing: 2.186678647994995
reading: 0.5605981349945068
data_fitting: 125.55260992050171
flux_point: 18.94529151916504
