n_obs: 10
data_preparation: 30.482211589813232
writing: 2.344189167022705
reading: 0.49138379096984863
data_fitting: 117.21714329719543
flux_point: 18.485329389572144
