n_obs: 10
data_preparation: 26.502521991729736
writing: 1.8043789863586426
reading: 0.4523472785949707
data_fitting: 106.17828130722046
flux_point: 16.503780126571655
