n_obs: 10
data_preparation: 31.36619544029236
writing: 2.0630712509155273
reading: 0.555903434753418
data_fitting: 109.25656700134277
flux_point: 18.55470085144043
