n_obs: 10
data_preparation: 70.92309737205505
writing: 3.041241407394409
reading: 0.24286532402038574
data_fitting: 207.47505068778992
flux_point: 28.69019627571106
