n_obs: 10
data_preparation: 31.302154064178467
writing: 2.105879306793213
reading: 0.5137679576873779
data_fitting: 119.9085648059845
flux_point: 19.405035734176636
