n_obs: 10
data_preparation: 28.29844880104065
writing: 1.6377794742584229
reading: 0.5543091297149658
data_fitting: 121.12360453605652
flux_point: 17.336727142333984
