n_obs: 10
data_preparation: 31.513420343399048
writing: 2.5737245082855225
reading: 0.18388152122497559
data_fitting: 114.23717188835144
flux_point: 13.72004747390747
