n_obs: 10
data_preparation: 37.4631712436676
writing: 1.7982027530670166
reading: 0.43619704246520996
data_fitting: 110.94507193565369
flux_point: 25.327340841293335
