n_obs: 10
data_preparation: 30.134185075759888
writing: 2.5523903369903564
reading: 0.167708158493042
data_fitting: 106.83938479423523
flux_point: 15.460896492004395
