n_obs: 10
data_preparation: 90.53352212905884
writing: 3.165724754333496
reading: 0.21583056449890137
data_fitting: 187.56254124641418
flux_point: 35.514729738235474
