n_obs: 10
data_preparation: 31.213987827301025
writing: 2.0423808097839355
reading: 0.551372766494751
data_fitting: 109.13676881790161
flux_point: 17.51856517791748
