n_obs: 10
data_preparation: 44.69603252410889
writing: 1.920020580291748
reading: 0.512794017791748
data_fitting: 112.74922299385071
flux_point: 20.03455114364624
