n_obs: 10
data_preparation: 28.862542390823364
writing: 2.2925002574920654
reading: 0.48867106437683105
data_fitting: 118.92282581329346
flux_point: 17.341933488845825
