n_obs: 10
data_preparation: 24.78765082359314
writing: 1.9979512691497803
reading: 1.3993606567382812
data_fitting: 243.35172319412231
flux_point: 58.10025930404663
