n_obs: 10
data_preparation: 113.77424383163452
writing: 3.3524045944213867
reading: 0.2770516872406006
data_fitting: 227.17853569984436
flux_point: 45.440712213516235
