n_obs: 10
data_preparation: 30.877760648727417
writing: 2.5741701126098633
reading: 0.17018556594848633
data_fitting: 108.47986602783203
flux_point: 15.857999801635742
