n_obs: 10
data_preparation: 28.084442853927612
writing: 1.8876006603240967
reading: 0.5467727184295654
data_fitting: 116.36887550354004
flux_point: 17.525418758392334
