n_obs: 10
data_preparation: 31.143240213394165
writing: 2.1549975872039795
reading: 0.5004177093505859
data_fitting: 113.33007979393005
flux_point: 18.875314712524414
