n_obs: 10
data_preparation: 98.36841011047363
writing: 2.945974826812744
reading: 0.2297227382659912
data_fitting: 210.42358922958374
flux_point: 44.161014556884766
