n_obs: 10
data_preparation: 52.93625617027283
writing: 2.842844009399414
reading: 0.20148086547851562
data_fitting: 161.31055998802185
flux_point: 23.125558137893677
