n_obs: 10
data_preparation: 36.576419830322266
writing: 2.7293472290039062
reading: 0.24641656875610352
data_fitting: 158.2103669643402
flux_point: 30.796398639678955
