n_obs: 10
data_preparation: 31.114895343780518
writing: 2.1580698490142822
reading: 0.5247833728790283
data_fitting: 112.39784169197083
flux_point: 17.97273325920105
