n_obs: 10
data_preparation: 86.21031498908997
writing: 2.512873411178589
reading: 0.19465136528015137
data_fitting: 190.22416877746582
flux_point: 36.17798852920532
