n_obs: 10
data_preparation: 38.23336219787598
writing: 3.0930535793304443
reading: 0.29717588424682617
data_fitting: 171.59449076652527
flux_point: 30.68160581588745
