n_obs: 10
data_preparation: 29.811148405075073
writing: 2.3220412731170654
reading: 0.5061521530151367
data_fitting: 125.789794921875
flux_point: 17.981005907058716
