n_obs: 10
data_preparation: 33.91637468338013
writing: 2.593388319015503
reading: 0.23267197608947754
data_fitting: 155.99220299720764
flux_point: 61.66116762161255
