n_obs: 10
data_preparation: 23.900055408477783
writing: 1.8455381393432617
reading: 1.4839506149291992
data_fitting: 218.22818422317505
flux_point: 56.20943307876587
