n_obs: 10
data_preparation: 99.84360074996948
writing: 3.249863624572754
reading: 0.22532367706298828
data_fitting: 216.3802227973938
flux_point: 43.10079884529114
