n_obs: 10
data_preparation: 32.37101173400879
writing: 2.402926445007324
reading: 0.5029256343841553
data_fitting: 127.75232672691345
flux_point: 18.86386013031006
