n_obs: 10
data_preparation: 31.68407964706421
writing: 2.0491137504577637
reading: 0.5545036792755127
data_fitting: 109.41998767852783
flux_point: 18.273494005203247
