n_obs: 10
data_preparation: 31.561920642852783
writing: 2.3481709957122803
reading: 0.14812111854553223
data_fitting: 105.84474039077759
flux_point: 12.546186208724976
