n_obs: 10
data_preparation: 30.40490746498108
writing: 2.543806314468384
reading: 0.16775941848754883
data_fitting: 106.8756914138794
flux_point: 15.786913633346558
