n_obs: 10
data_preparation: 88.41896057128906
writing: 4.206950426101685
reading: 0.3354825973510742
data_fitting: 259.42939829826355
flux_point: 35.496827125549316
