n_obs: 10
data_preparation: 89.14123201370239
writing: 2.6062469482421875
reading: 0.19353842735290527
data_fitting: 182.7573504447937
flux_point: 33.68457221984863
