n_obs: 10
data_preparation: 31.448909997940063
writing: 2.0233712196350098
reading: 0.5431349277496338
data_fitting: 108.90658140182495
flux_point: 17.53190302848816
