n_obs: 10
data_preparation: 26.434375524520874
writing: 1.4998784065246582
reading: 0.4554474353790283
data_fitting: 100.5995512008667
flux_point: 16.600183725357056
