n_obs: 10
data_preparation: 30.515961170196533
writing: 2.0938727855682373
reading: 0.5177974700927734
data_fitting: 108.19228863716125
flux_point: 18.341013193130493
