n_obs: 10
data_preparation: 30.813331127166748
writing: 1.9276106357574463
reading: 0.5191876888275146
data_fitting: 105.66356921195984
flux_point: 17.80924892425537
