n_obs: 10
data_preparation: 38.54492139816284
writing: 1.9962458610534668
reading: 1.4780778884887695
data_fitting: 123.21585512161255
flux_point: 26.192811250686646
