n_obs: 10
data_preparation: 119.39238786697388
writing: 3.68955659866333
reading: 0.2924654483795166
data_fitting: 234.68141102790833
flux_point: 43.766074895858765
