n_obs: 10
data_preparation: 74.19923758506775
writing: 3.1835193634033203
reading: 0.2583749294281006
data_fitting: 191.98749661445618
flux_point: 27.63999581336975
