n_obs: 10
data_preparation: 31.53860902786255
writing: 2.0841290950775146
reading: 0.5469996929168701
data_fitting: 114.4591417312622
flux_point: 18.01769471168518
