n_obs: 10
data_preparation: 30.646068811416626
writing: 2.3422701358795166
reading: 0.4972043037414551
data_fitting: 132.22439908981323
flux_point: 19.364829063415527
