n_obs: 10
data_preparation: 86.14689373970032
writing: 2.8627421855926514
reading: 0.186079740524292
data_fitting: 172.1491904258728
flux_point: 32.3940908908844
