n_obs: 10
data_preparation: 86.97651195526123
writing: 2.5038299560546875
reading: 0.19451165199279785
data_fitting: 193.1828258037567
flux_point: 36.486844539642334
