n_obs: 10
data_preparation: 30.39720320701599
writing: 2.3207345008850098
reading: 0.1390211582183838
data_fitting: 103.63628816604614
flux_point: 12.350305795669556
