n_obs: 10
data_preparation: 96.45772647857666
writing: 2.661709785461426
reading: 0.20092463493347168
data_fitting: 203.844820022583
flux_point: 43.41281580924988
