n_obs: 10
data_preparation: 84.86718988418579
writing: 3.8851304054260254
reading: 0.3146018981933594
data_fitting: 248.5171618461609
flux_point: 36.89236330986023
