n_obs: 10
data_preparation: 89.7542815208435
writing: 3.05136775970459
reading: 0.2166450023651123
data_fitting: 184.64466547966003
flux_point: 34.801695585250854
