n_obs: 10
data_preparation: 42.08096265792847
writing: 2.1645991802215576
reading: 0.5177233219146729
data_fitting: 131.70663142204285
flux_point: 30.46834897994995
