n_obs: 10
data_preparation: 36.97127056121826
writing: 2.8237295150756836
reading: 0.25365281105041504
data_fitting: 190.76944303512573
flux_point: 29.295193672180176
