n_obs: 10
data_preparation: 27.061028718948364
writing: 1.5777554512023926
reading: 0.5460054874420166
data_fitting: 105.28877758979797
flux_point: 16.92282772064209
