n_obs: 10
data_preparation: 31.56345510482788
writing: 2.3456733226776123
reading: 0.14549851417541504
data_fitting: 105.28940176963806
flux_point: 12.609218120574951
