n_obs: 10
data_preparation: 40.41297698020935
writing: 2.0810344219207764
reading: 0.5026919841766357
data_fitting: 124.03745031356812
flux_point: 29.262588024139404
