n_obs: 10
data_preparation: 92.97005224227905
writing: 3.6123461723327637
reading: 0.26160478591918945
data_fitting: 203.45171356201172
flux_point: 76.11182713508606
