n_obs: 10
data_preparation: 93.1812891960144
writing: 3.1002981662750244
reading: 0.27550363540649414
data_fitting: 460.8361005783081
flux_point: 45.94573616981506
