n_obs: 10
data_preparation: 29.82147717475891
writing: 2.3101296424865723
reading: 0.4853661060333252
data_fitting: 127.95366311073303
flux_point: 18.225942373275757
