n_obs: 10
data_preparation: 30.863168716430664
writing: 2.1638667583465576
reading: 0.5156619548797607
data_fitting: 113.46868133544922
flux_point: 18.8427996635437
