n_obs: 10
data_preparation: 32.105682373046875
writing: 2.148697853088379
reading: 0.5835742950439453
data_fitting: 115.26958680152893
flux_point: 19.024083614349365
