n_obs: 10
data_preparation: 91.91372847557068
writing: 2.6552767753601074
reading: 0.20940113067626953
data_fitting: 187.5840892791748
flux_point: 69.36385250091553
