n_obs: 10
data_preparation: 31.443812370300293
writing: 2.5227785110473633
reading: 0.18097972869873047
data_fitting: 108.02038764953613
flux_point: 12.677001237869263
