n_obs: 10
data_preparation: 27.425616979599
writing: 1.8549563884735107
reading: 0.5488665103912354
data_fitting: 113.19725680351257
flux_point: 17.090519905090332
