n_obs: 10
data_preparation: 36.14927935600281
writing: 1.8820788860321045
reading: 1.3847417831420898
data_fitting: 229.94995880126953
flux_point: 58.79604721069336
