n_obs: 10
data_preparation: 120.93272256851196
writing: 3.874971866607666
reading: 0.2902653217315674
data_fitting: 237.94397830963135
flux_point: 47.02837610244751
