n_obs: 10
data_preparation: 31.054189682006836
writing: 2.11126708984375
reading: 0.5202701091766357
data_fitting: 106.667311668396
flux_point: 17.968690395355225
