n_obs: 10
data_preparation: 48.11089873313904
writing: 2.0476081371307373
reading: 0.5398962497711182
data_fitting: 125.22795510292053
flux_point: 22.41902256011963
