n_obs: 10
data_preparation: 32.0337393283844
writing: 2.092599630355835
reading: 0.5595653057098389
data_fitting: 108.42911434173584
flux_point: 17.73298668861389
