n_obs: 10
data_preparation: 30.40945315361023
writing: 2.495485305786133
reading: 0.16751909255981445
data_fitting: 107.80259203910828
flux_point: 15.566519737243652
