n_obs: 10
data_preparation: 28.49065637588501
writing: 1.6016662120819092
reading: 0.5403563976287842
data_fitting: 109.06210732460022
flux_point: 17.85309600830078
