n_obs: 10
data_preparation: 29.566710710525513
writing: 2.084880828857422
reading: 0.4950428009033203
data_fitting: 109.49087285995483
flux_point: 18.70141911506653
