n_obs: 10
data_preparation: 96.19949436187744
writing: 3.255706787109375
reading: 0.21439313888549805
data_fitting: 210.1866729259491
flux_point: 39.89886426925659
