n_obs: 10
data_preparation: 84.1554913520813
writing: 2.284780502319336
reading: 0.17585158348083496
data_fitting: 182.9235577583313
flux_point: 35.154725313186646
