n_obs: 10
data_preparation: 28.773963689804077
writing: 2.3156888484954834
reading: 0.48189711570739746
data_fitting: 120.04845595359802
flux_point: 17.826565980911255
