n_obs: 10
data_preparation: 30.487562894821167
writing: 2.596444606781006
reading: 0.16909384727478027
data_fitting: 107.65849566459656
flux_point: 15.503947496414185
