n_obs: 10
data_preparation: 96.57418155670166
writing: 2.650113105773926
reading: 0.19264006614685059
data_fitting: 192.43464183807373
flux_point: 37.71140766143799
