n_obs: 10
data_preparation: 30.482555150985718
writing: 2.096431255340576
reading: 0.5572013854980469
data_fitting: 109.19836378097534
flux_point: 17.665598392486572
