n_obs: 10
data_preparation: 30.722659587860107
writing: 2.1374499797821045
reading: 0.49841976165771484
data_fitting: 112.80746793746948
flux_point: 18.6668803691864
