n_obs: 10
data_preparation: 28.198530197143555
writing: 1.6028883457183838
reading: 0.5380711555480957
data_fitting: 107.62829923629761
flux_point: 17.29378056526184
