n_obs: 10
data_preparation: 115.47866439819336
writing: 3.5740315914154053
reading: 0.31794238090515137
data_fitting: 552.22363448143
flux_point: 54.80623912811279
