n_obs: 10
data_preparation: 31.293080806732178
writing: 2.029083013534546
reading: 0.5434465408325195
data_fitting: 106.8339433670044
flux_point: 17.405000686645508
