n_obs: 10
data_preparation: 31.566558837890625
writing: 2.1953203678131104
reading: 0.52728271484375
data_fitting: 113.46623182296753
flux_point: 18.390008211135864
