n_obs: 10
data_preparation: 117.96593165397644
writing: 3.4873626232147217
reading: 0.285630464553833
data_fitting: 231.00607228279114
flux_point: 45.432061195373535
