n_obs: 10
data_preparation: 99.7744791507721
writing: 3.1067111492156982
reading: 0.24590778350830078
data_fitting: 217.47741961479187
flux_point: 75.8314573764801
