n_obs: 10
data_preparation: 93.18340158462524
writing: 3.6515278816223145
reading: 0.28373003005981445
data_fitting: 212.0363895893097
flux_point: 41.04700589179993
