n_obs: 10
data_preparation: 27.92566418647766
writing: 1.6155836582183838
reading: 0.5495645999908447
data_fitting: 107.6984212398529
flux_point: 17.306792497634888
