n_obs: 10
data_preparation: 57.56002354621887
writing: 2.6229987144470215
reading: 0.20459508895874023
data_fitting: 168.19314813613892
flux_point: 25.360708236694336
