n_obs: 10
data_preparation: 72.0070972442627
writing: 3.4016659259796143
reading: 0.27440500259399414
data_fitting: 214.83621287345886
flux_point: 31.47931671142578
