n_obs: 10
data_preparation: 30.72904396057129
writing: 2.595787286758423
reading: 0.1710963249206543
data_fitting: 110.30653643608093
flux_point: 16.443249225616455
