n_obs: 10
data_preparation: 105.99434447288513
writing: 3.409025192260742
reading: 0.308086633682251
data_fitting: 229.22475934028625
flux_point: 44.4795868396759
