n_obs: 10
data_preparation: 96.18363738059998
writing: 3.0691137313842773
reading: 0.25247955322265625
data_fitting: 331.98022174835205
flux_point: 38.8193793296814
