n_obs: 10
data_preparation: 43.412240505218506
writing: 2.602158308029175
reading: 3.3629283905029297
data_fitting: 174.03118586540222
flux_point: 39.7125940322876
