n_obs: 10
data_preparation: 86.77706456184387
writing: 2.4966437816619873
reading: 0.19607138633728027
data_fitting: 190.92868041992188
flux_point: 35.513388872146606
