n_obs: 10
data_preparation: 36.23746061325073
writing: 1.7925474643707275
reading: 0.45563602447509766
data_fitting: 113.01697134971619
flux_point: 32.79407858848572
