n_obs: 10
data_preparation: 36.103631019592285
writing: 2.7604904174804688
reading: 0.2493150234222412
data_fitting: 213.8840389251709
flux_point: 28.974043369293213
