n_obs: 10
data_preparation: 30.85305666923523
writing: 2.0540645122528076
reading: 0.5473003387451172
data_fitting: 106.84694600105286
flux_point: 17.802903175354004
