n_obs: 10
data_preparation: 31.353614568710327
writing: 2.5415940284729004
reading: 0.17450809478759766
data_fitting: 109.22222805023193
flux_point: 13.06601333618164
