n_obs: 10
data_preparation: 93.98593735694885
writing: 2.5832436084747314
reading: 0.20058894157409668
data_fitting: 207.2276895046234
flux_point: 40.132941007614136
