n_obs: 10
data_preparation: 30.607350826263428
writing: 1.9279718399047852
reading: 0.5187118053436279
data_fitting: 105.95831346511841
flux_point: 17.693583250045776
