n_obs: 10
data_preparation: 26.727413177490234
writing: 1.481780767440796
reading: 0.45281243324279785
data_fitting: 99.47564148902893
flux_point: 16.5870144367218
