n_obs: 10
data_preparation: 29.325298070907593
writing: 2.400636911392212
reading: 0.5216569900512695
data_fitting: 122.96785354614258
flux_point: 18.553252458572388
