n_obs: 10
data_preparation: 35.67933630943298
writing: 2.842189311981201
reading: 0.2585415840148926
data_fitting: 153.36320781707764
flux_point: 28.63410520553589
