n_obs: 10
data_preparation: 31.03882670402527
writing: 2.027435779571533
reading: 0.5450944900512695
data_fitting: 107.33484101295471
flux_point: 17.67766237258911
