n_obs: 10
data_preparation: 86.96625399589539
writing: 2.6185576915740967
reading: 0.19768929481506348
data_fitting: 177.28912901878357
flux_point: 33.10932230949402
