n_obs: 10
data_preparation: 41.180943965911865
writing: 2.1448349952697754
reading: 0.5046055316925049
data_fitting: 127.57292342185974
flux_point: 30.478709936141968
