n_obs: 10
data_preparation: 30.227718353271484
writing: 2.487194061279297
reading: 0.1776444911956787
data_fitting: 105.14188480377197
flux_point: 12.457559823989868
