n_obs: 10
data_preparation: 30.585191011428833
writing: 1.9968223571777344
reading: 0.5422167778015137
data_fitting: 109.07597708702087
flux_point: 17.404398918151855
