n_obs: 10
data_preparation: 35.425904512405396
writing: 1.7179441452026367
reading: 0.4260752201080322
data_fitting: 125.6303277015686
flux_point: 23.8733332157135
