n_obs: 10
data_preparation: 87.36105012893677
writing: 2.828697443008423
reading: 0.21577692031860352
data_fitting: 197.9258749485016
flux_point: 38.61421036720276
