n_obs: 10
data_preparation: 30.748082876205444
writing: 2.3713910579681396
reading: 0.5042147636413574
data_fitting: 119.44492244720459
flux_point: 18.642069339752197
