n_obs: 10
data_preparation: 26.84675145149231
writing: 1.5711126327514648
reading: 0.45881175994873047
data_fitting: 116.55335569381714
flux_point: 17.069279432296753
