n_obs: 10
data_preparation: 94.63382196426392
writing: 3.145003080368042
reading: 0.23554706573486328
data_fitting: 319.3766760826111
flux_point: 47.29451298713684
