n_obs: 10
data_preparation: 93.33694863319397
writing: 2.875166893005371
reading: 0.24010705947875977
data_fitting: 486.4601228237152
flux_point: 45.27585029602051
