n_obs: 10
data_preparation: 21.48678421974182
writing: 1.1890621185302734
reading: 0.35666418075561523
data_fitting: 95.84980368614197
flux_point: 13.46370530128479
