n_obs: 10
data_preparation: 35.35722303390503
writing: 2.1756234169006348
reading: 0.18554067611694336
data_fitting: 152.21820998191833
flux_point: 30.052501678466797
