n_obs: 10
data_preparation: 72.7979667186737
writing: 3.2313976287841797
reading: 0.2578105926513672
data_fitting: 221.29649448394775
flux_point: 31.993366241455078
