n_obs: 10
data_preparation: 63.804917335510254
writing: 2.691131353378296
reading: 0.1924731731414795
data_fitting: 201.21649408340454
flux_point: 27.018410682678223
