n_obs: 10
data_preparation: 92.75095295906067
writing: 2.718175172805786
reading: 0.21448421478271484
data_fitting: 477.98861813545227
flux_point: 46.33859944343567
