n_obs: 10
data_preparation: 28.29898762702942
writing: 1.596552848815918
reading: 0.4992401599884033
data_fitting: 120.1355516910553
flux_point: 17.880178689956665
