n_obs: 10
data_preparation: 30.569777011871338
writing: 2.3143582344055176
reading: 0.14282751083374023
data_fitting: 103.9710340499878
flux_point: 12.533929824829102
