n_obs: 10
data_preparation: 31.525395393371582
writing: 2.3475284576416016
reading: 0.14447021484375
data_fitting: 106.7370502948761
flux_point: 12.805867433547974
