n_obs: 10
data_preparation: 90.64891290664673
writing: 2.6907474994659424
reading: 0.22359943389892578
data_fitting: 462.1463391780853
flux_point: 43.58932876586914
