n_obs: 10
data_preparation: 39.12264943122864
writing: 1.9714207649230957
reading: 1.4506583213806152
data_fitting: 140.73471689224243
flux_point: 46.58184361457825
