n_obs: 10
data_preparation: 98.82047033309937
writing: 3.0645084381103516
reading: 0.23677730560302734
data_fitting: 213.51332759857178
flux_point: 40.26836323738098
