n_obs: 10
data_preparation: 56.62800168991089
writing: 2.6307432651519775
reading: 0.2071671485900879
data_fitting: 169.08127784729004
flux_point: 24.923776626586914
