n_obs: 10
data_preparation: 31.26699185371399
writing: 2.3190078735351562
reading: 0.14054226875305176
data_fitting: 104.15924668312073
flux_point: 12.666685342788696
