n_obs: 10
data_preparation: 104.52691268920898
writing: 3.4548749923706055
reading: 0.28760576248168945
data_fitting: 236.3717098236084
flux_point: 45.214542865753174
