n_obs: 10
data_preparation: 76.17249989509583
writing: 3.069145679473877
reading: 0.19301557540893555
data_fitting: 163.98274087905884
flux_point: 29.930822372436523
