n_obs: 10
data_preparation: 100.98656272888184
writing: 3.3289988040924072
reading: 0.2705872058868408
data_fitting: 220.6258988380432
flux_point: 42.640625953674316
