n_obs: 10
data_preparation: 38.097161531448364
writing: 1.948209285736084
reading: 1.3988351821899414
data_fitting: 299.1021909713745
flux_point: 79.27028679847717
