n_obs: 10
data_preparation: 30.68263530731201
writing: 2.508418321609497
reading: 0.17914271354675293
data_fitting: 106.3718523979187
flux_point: 12.686275720596313
