n_obs: 10
data_preparation: 68.22656965255737
writing: 2.806187629699707
reading: 0.21086406707763672
data_fitting: 223.23132300376892
flux_point: 31.948181867599487
