n_obs: 10
data_preparation: 95.30758094787598
writing: 3.1818606853485107
reading: 0.2434542179107666
data_fitting: 323.8102045059204
flux_point: 47.28978395462036
