n_obs: 10
data_preparation: 109.45693159103394
writing: 3.2342607975006104
reading: 0.2837653160095215
data_fitting: 209.00386118888855
flux_point: 41.13599419593811
