n_obs: 10
data_preparation: 88.96403622627258
writing: 2.895174980163574
reading: 0.23633766174316406
data_fitting: 201.90832042694092
flux_point: 37.130555868148804
