n_obs: 10
data_preparation: 101.84367156028748
writing: 3.282531499862671
reading: 0.25508666038513184
data_fitting: 216.98962140083313
flux_point: 75.77553963661194
