n_obs: 10
data_preparation: 102.29423880577087
writing: 3.0877928733825684
reading: 0.2465527057647705
data_fitting: 242.7168025970459
flux_point: 43.42510509490967
