n_obs: 10
data_preparation: 87.50213027000427
writing: 2.523505687713623
reading: 0.19544553756713867
data_fitting: 183.93026852607727
flux_point: 36.08245015144348
