n_obs: 10
data_preparation: 30.160583019256592
writing: 2.4849534034729004
reading: 0.17864537239074707
data_fitting: 105.06565403938293
flux_point: 12.646780729293823
