n_obs: 10
data_preparation: 28.77081060409546
writing: 1.9853906631469727
reading: 0.5394120216369629
data_fitting: 104.7547767162323
flux_point: 17.535424947738647
