n_obs: 10
data_preparation: 91.79145383834839
writing: 2.5675723552703857
reading: 0.20111322402954102
data_fitting: 207.61116886138916
flux_point: 39.65733528137207
