n_obs: 10
data_preparation: 30.926175117492676
writing: 2.630769968032837
reading: 0.17641758918762207
data_fitting: 108.34992909431458
flux_point: 15.555179357528687
