n_obs: 10
data_preparation: 92.84472250938416
writing: 3.2763166427612305
reading: 0.2436971664428711
data_fitting: 219.25511598587036
flux_point: 39.527459383010864
