n_obs: 10
data_preparation: 30.402753591537476
writing: 2.6012961864471436
reading: 0.1686720848083496
data_fitting: 109.11291456222534
flux_point: 15.710675716400146
