n_obs: 10
data_preparation: 30.627034664154053
writing: 2.328763961791992
reading: 0.14244508743286133
data_fitting: 103.12010431289673
flux_point: 12.544500350952148
