n_obs: 10
data_preparation: 100.2918906211853
writing: 2.751671075820923
reading: 0.20246291160583496
data_fitting: 209.38688111305237
flux_point: 41.17931938171387
