n_obs: 10
data_preparation: 23.19743013381958
writing: 1.8212471008300781
reading: 1.4133565425872803
data_fitting: 232.6132628917694
flux_point: 57.184818267822266
