n_obs: 10
data_preparation: 39.910857915878296
writing: 2.770962715148926
reading: 0.28315138816833496
data_fitting: 186.50975513458252
flux_point: 51.32402515411377
