n_obs: 10
data_preparation: 35.19947528839111
writing: 2.840787172317505
reading: 0.26047253608703613
data_fitting: 157.0696268081665
flux_point: 27.706379652023315
