n_obs: 10
data_preparation: 30.317267656326294
writing: 2.0881431102752686
reading: 0.5126011371612549
data_fitting: 111.6243884563446
flux_point: 18.081539630889893
