n_obs: 10
data_preparation: 110.37603545188904
writing: 3.431370258331299
reading: 0.2759222984313965
data_fitting: 332.7760980129242
flux_point: 52.95958638191223
