n_obs: 10
data_preparation: 42.57020282745361
writing: 2.1934475898742676
reading: 1.5305378437042236
data_fitting: 344.1329081058502
flux_point: 89.15840768814087
