n_obs: 10
data_preparation: 91.62922048568726
writing: 3.1602563858032227
reading: 0.24246454238891602
data_fitting: 213.63645577430725
flux_point: 40.15710973739624
