n_obs: 10
data_preparation: 27.712461233139038
writing: 1.6212372779846191
reading: 0.5542569160461426
data_fitting: 108.68008828163147
flux_point: 17.825384378433228
