n_obs: 10
data_preparation: 71.58950328826904
writing: 3.441671133041382
reading: 0.25902509689331055
data_fitting: 219.25218629837036
flux_point: 32.279101848602295
