n_obs: 10
data_preparation: 97.64353489875793
writing: 2.8258655071258545
reading: 0.21120285987854004
data_fitting: 213.65189456939697
flux_point: 42.80063080787659
