n_obs: 10
data_preparation: 30.539804935455322
writing: 2.427281379699707
reading: 0.5208024978637695
data_fitting: 124.37833833694458
flux_point: 19.193947076797485
