n_obs: 10
data_preparation: 31.16460609436035
writing: 2.1601221561431885
reading: 0.5249912738800049
data_fitting: 109.40259218215942
flux_point: 18.695405960083008
