n_obs: 10
data_preparation: 33.17615246772766
writing: 2.0930068492889404
reading: 0.4894375801086426
data_fitting: 120.53747582435608
flux_point: 18.988304138183594
