n_obs: 10
data_preparation: 31.131896018981934
writing: 2.110808849334717
reading: 0.5124471187591553
data_fitting: 114.19795942306519
flux_point: 18.62969207763672
