n_obs: 10
data_preparation: 90.18719553947449
writing: 2.874955177307129
reading: 0.23789691925048828
data_fitting: 447.04046750068665
flux_point: 42.93796920776367
