n_obs: 10
data_preparation: 94.88377213478088
writing: 2.7983791828155518
reading: 0.22388720512390137
data_fitting: 509.394917011261
flux_point: 51.24785375595093
