n_obs: 10
data_preparation: 31.2952880859375
writing: 2.336655616760254
reading: 0.14741206169128418
data_fitting: 105.2783887386322
flux_point: 12.642324447631836
