n_obs: 10
data_preparation: 31.499970197677612
writing: 2.1306936740875244
reading: 0.4870939254760742
data_fitting: 113.42625021934509
flux_point: 18.891356706619263
