n_obs: 10
data_preparation: 34.02119469642639
writing: 2.6253435611724854
reading: 0.24397683143615723
data_fitting: 143.1867799758911
flux_point: 27.572665691375732
