n_obs: 10
data_preparation: 112.63413882255554
writing: 3.5124857425689697
reading: 0.28118419647216797
data_fitting: 225.59302425384521
flux_point: 86.11788487434387
