n_obs: 10
data_preparation: 29.93951678276062
writing: 2.2963929176330566
reading: 0.49652552604675293
data_fitting: 120.74137353897095
flux_point: 18.563554763793945
