n_obs: 10
data_preparation: 93.1876471042633
writing: 3.117046356201172
reading: 0.25206661224365234
data_fitting: 485.25460290908813
flux_point: 45.129053354263306
