n_obs: 10
data_preparation: 78.66289043426514
writing: 3.415097713470459
reading: 0.26288366317749023
data_fitting: 216.18077731132507
flux_point: 31.260034799575806
