n_obs: 10
data_preparation: 35.12569713592529
writing: 2.9633078575134277
reading: 0.27489781379699707
data_fitting: 166.8762776851654
flux_point: 62.628586769104004
