n_obs: 10
data_preparation: 96.56009411811829
writing: 2.6317079067230225
reading: 0.2080376148223877
data_fitting: 213.86327123641968
flux_point: 42.38238167762756
