n_obs: 10
data_preparation: 37.37354612350464
writing: 2.6901133060455322
reading: 0.2833425998687744
data_fitting: 179.21317720413208
flux_point: 64.28333640098572
