n_obs: 10
data_preparation: 41.350353956222534
writing: 2.1422598361968994
reading: 1.580533742904663
data_fitting: 124.97462010383606
flux_point: 26.21573829650879
