n_obs: 10
data_preparation: 91.6848247051239
writing: 2.683086633682251
reading: 0.20294904708862305
data_fitting: 195.4070646762848
flux_point: 36.18270182609558
