n_obs: 10
data_preparation: 38.0595703125
writing: 2.3143882751464844
reading: 3.122412919998169
data_fitting: 163.4967758655548
flux_point: 40.030582904815674
