n_obs: 10
data_preparation: 88.07980394363403
writing: 2.489377737045288
reading: 0.19463515281677246
data_fitting: 192.54245519638062
flux_point: 36.09137845039368
