n_obs: 10
data_preparation: 31.25390386581421
writing: 2.535362482070923
reading: 0.18005609512329102
data_fitting: 109.86041188240051
flux_point: 13.285022020339966
