n_obs: 10
data_preparation: 30.7702419757843
writing: 2.5719358921051025
reading: 0.16774225234985352
data_fitting: 109.90728044509888
flux_point: 15.896475791931152
