n_obs: 10
data_preparation: 100.5571517944336
writing: 3.630551338195801
reading: 0.23936104774475098
data_fitting: 211.892804145813
flux_point: 74.99143552780151
