n_obs: 10
data_preparation: 76.66123032569885
writing: 2.6070361137390137
reading: 0.19345593452453613
data_fitting: 168.0046489238739
flux_point: 32.780418395996094
