n_obs: 10
data_preparation: 104.35130786895752
writing: 3.1546123027801514
reading: 0.25680088996887207
data_fitting: 201.59895372390747
flux_point: 40.350847244262695
