n_obs: 10
data_preparation: 30.726318359375
writing: 2.395987033843994
reading: 0.5047464370727539
data_fitting: 124.84527444839478
flux_point: 18.449769496917725
