n_obs: 10
data_preparation: 30.854042291641235
writing: 2.064586877822876
reading: 0.49755430221557617
data_fitting: 117.65340876579285
flux_point: 18.93919348716736
