n_obs: 10
data_preparation: 40.768993854522705
writing: 2.335171937942505
reading: 3.27762508392334
data_fitting: 165.70962619781494
flux_point: 42.81134366989136
