n_obs: 10
data_preparation: 56.44902467727661
writing: 2.633624315261841
reading: 0.20724081993103027
data_fitting: 169.17388534545898
flux_point: 25.295408248901367
