n_obs: 10
data_preparation: 30.55389165878296
writing: 2.320909023284912
reading: 0.48891520500183105
data_fitting: 121.11767554283142
flux_point: 18.63705086708069
