n_obs: 10
data_preparation: 31.842915773391724
writing: 2.099360942840576
reading: 0.5660510063171387
data_fitting: 112.49377465248108
flux_point: 18.430306911468506
