n_obs: 10
data_preparation: 63.9326446056366
writing: 2.3535873889923096
reading: 0.6250202655792236
data_fitting: 147.38987016677856
flux_point: 25.530901193618774
