n_obs: 10
data_preparation: 93.36640882492065
writing: 2.990938901901245
reading: 0.24323391914367676
data_fitting: 492.478844165802
flux_point: 45.833287477493286
