n_obs: 10
data_preparation: 31.643179893493652
writing: 2.0981907844543457
reading: 0.5111994743347168
data_fitting: 105.83674645423889
flux_point: 18.71865701675415
