n_obs: 10
data_preparation: 29.666642665863037
writing: 2.1574456691741943
reading: 0.5119755268096924
data_fitting: 122.95961785316467
flux_point: 19.225279331207275
