n_obs: 10
data_preparation: 109.45861482620239
writing: 3.339852809906006
reading: 0.25145959854125977
data_fitting: 211.18155527114868
flux_point: 39.34576749801636
