n_obs: 10
data_preparation: 30.38863182067871
writing: 2.355928897857666
reading: 0.5043041706085205
data_fitting: 131.31721711158752
flux_point: 19.2533175945282
