n_obs: 10
data_preparation: 90.35462880134583
writing: 2.841688871383667
reading: 0.21385455131530762
data_fitting: 463.74351048469543
flux_point: 43.179471254348755
