n_obs: 10
data_preparation: 40.19686222076416
writing: 3.3696274757385254
reading: 0.30059242248535156
data_fitting: 190.50039911270142
flux_point: 34.080113649368286
