n_obs: 10
data_preparation: 31.420426845550537
writing: 2.351161003112793
reading: 0.14492297172546387
data_fitting: 104.50464129447937
flux_point: 12.554094791412354
