n_obs: 10
data_preparation: 24.966106414794922
writing: 2.027994155883789
reading: 2.3130578994750977
data_fitting: 243.33429050445557
flux_point: 58.74606466293335
