n_obs: 10
data_preparation: 33.24665570259094
writing: 1.6921253204345703
reading: 1.271376132965088
data_fitting: 115.48674726486206
flux_point: 38.92022895812988
