n_obs: 10
data_preparation: 30.9888596534729
writing: 2.15160870552063
reading: 0.5246434211730957
data_fitting: 106.92749047279358
flux_point: 18.236855506896973
