n_obs: 10
data_preparation: 31.840013027191162
writing: 2.4175877571105957
reading: 0.14972281455993652
data_fitting: 109.64823627471924
flux_point: 12.837793827056885
