n_obs: 10
data_preparation: 93.87004518508911
writing: 2.7629430294036865
reading: 0.22184276580810547
data_fitting: 486.1683671474457
flux_point: 46.957863569259644
