n_obs: 10
data_preparation: 89.96036124229431
writing: 2.8468639850616455
reading: 0.2164924144744873
data_fitting: 459.26662588119507
flux_point: 45.2380645275116
