n_obs: 10
data_preparation: 45.4872841835022
writing: 2.324610948562622
reading: 1.7059378623962402
data_fitting: 143.23385787010193
flux_point: 31.564185857772827
