n_obs: 10
data_preparation: 36.23169708251953
writing: 3.1310176849365234
reading: 0.2865874767303467
data_fitting: 173.48309707641602
flux_point: 64.2993528842926
