n_obs: 10
data_preparation: 34.02558922767639
writing: 2.215003490447998
reading: 0.5129549503326416
data_fitting: 111.38256621360779
flux_point: 19.55561923980713
