n_obs: 10
data_preparation: 73.96834707260132
writing: 2.584134578704834
reading: 0.19243717193603516
data_fitting: 160.29590916633606
flux_point: 31.755581617355347
