n_obs: 10
data_preparation: 34.31799340248108
writing: 2.887845277786255
reading: 0.27593541145324707
data_fitting: 166.29174137115479
flux_point: 61.32175254821777
