n_obs: 10
data_preparation: 28.166125059127808
writing: 1.7757039070129395
reading: 0.5532994270324707
data_fitting: 120.04739427566528
flux_point: 17.47147035598755
