n_obs: 10
data_preparation: 98.23663568496704
writing: 3.2960033416748047
reading: 0.21510720252990723
data_fitting: 216.23200249671936
flux_point: 42.6742377281189
