n_obs: 10
data_preparation: 41.43345093727112
writing: 1.7575857639312744
reading: 0.5190773010253906
data_fitting: 150.06004238128662
flux_point: 20.828670263290405
