n_obs: 10
data_preparation: 30.887874841690063
writing: 2.558589458465576
reading: 0.1667778491973877
data_fitting: 108.48529863357544
flux_point: 15.793439149856567
