n_obs: 10
data_preparation: 36.32781195640564
writing: 2.5966379642486572
reading: 0.25256776809692383
data_fitting: 181.67104268074036
flux_point: 28.592663764953613
