n_obs: 10
data_preparation: 33.17563438415527
writing: 2.352250576019287
reading: 0.5017881393432617
data_fitting: 138.6595058441162
flux_point: 20.911409854888916
