n_obs: 10
data_preparation: 53.141045570373535
writing: 2.562598705291748
reading: 0.18952202796936035
data_fitting: 173.17816638946533
flux_point: 22.6557137966156
