n_obs: 10
data_preparation: 121.19374489784241
writing: 3.5636327266693115
reading: 0.2669227123260498
data_fitting: 239.08974385261536
flux_point: 43.657424211502075
