n_obs: 10
data_preparation: 100.08702111244202
writing: 3.0406579971313477
reading: 0.23868417739868164
data_fitting: 229.12785530090332
flux_point: 42.908815145492554
