n_obs: 10
data_preparation: 87.57057929039001
writing: 2.551082134246826
reading: 0.19787931442260742
data_fitting: 188.79842352867126
flux_point: 37.34440517425537
