n_obs: 10
data_preparation: 30.954333066940308
writing: 2.0514004230499268
reading: 0.5426931381225586
data_fitting: 109.134770154953
flux_point: 17.787461042404175
