n_obs: 10
data_preparation: 30.914539575576782
writing: 1.9571425914764404
reading: 0.5303916931152344
data_fitting: 109.0579001903534
flux_point: 18.23523449897766
