n_obs: 10
data_preparation: 30.34901475906372
writing: 2.3836398124694824
reading: 0.5042521953582764
data_fitting: 123.15333724021912
flux_point: 19.08853316307068
