n_obs: 10
data_preparation: 31.840364456176758
writing: 2.0435612201690674
reading: 0.5671875476837158
data_fitting: 108.93965578079224
flux_point: 17.992089986801147
