n_obs: 10
data_preparation: 72.34849095344543
writing: 2.4844179153442383
reading: 0.19258832931518555
data_fitting: 158.45051670074463
flux_point: 31.515855073928833
