n_obs: 10
data_preparation: 30.491350173950195
writing: 2.338469982147217
reading: 0.4946291446685791
data_fitting: 131.07686376571655
flux_point: 18.908103227615356
