n_obs: 10
data_preparation: 87.25688576698303
writing: 2.4785373210906982
reading: 0.19315695762634277
data_fitting: 187.40005111694336
flux_point: 35.28595757484436
