n_obs: 10
data_preparation: 30.98637843132019
writing: 2.5690298080444336
reading: 0.16824960708618164
data_fitting: 109.24311590194702
flux_point: 15.152437448501587
