n_obs: 10
data_preparation: 27.78828740119934
writing: 1.5837724208831787
reading: 0.5424399375915527
data_fitting: 108.59772753715515
flux_point: 17.470195293426514
