n_obs: 10
data_preparation: 62.72000813484192
writing: 2.6898422241210938
reading: 0.21086978912353516
data_fitting: 177.67156958580017
flux_point: 25.49585461616516
