n_obs: 10
data_preparation: 99.02970433235168
writing: 3.0991673469543457
reading: 0.24124741554260254
data_fitting: 222.9986662864685
flux_point: 41.42374324798584
