n_obs: 10
data_preparation: 31.09102749824524
writing: 2.106466293334961
reading: 0.49804091453552246
data_fitting: 115.58864831924438
flux_point: 19.31667971611023
