n_obs: 10
data_preparation: 31.3081955909729
writing: 2.0921144485473633
reading: 0.5645508766174316
data_fitting: 110.32947373390198
flux_point: 18.622095823287964
