n_obs: 10
data_preparation: 31.208535194396973
writing: 2.0687429904937744
reading: 0.5573351383209229
data_fitting: 111.21484375
flux_point: 18.092679023742676
