n_obs: 10
data_preparation: 27.422625064849854
writing: 1.8524885177612305
reading: 0.5413575172424316
data_fitting: 112.39346146583557
flux_point: 17.04963231086731
