n_obs: 10
data_preparation: 31.048864603042603
writing: 2.0859453678131104
reading: 0.4883420467376709
data_fitting: 116.90829873085022
flux_point: 18.93466830253601
