n_obs: 10
data_preparation: 30.317803144454956
writing: 2.3305020332336426
reading: 0.48880553245544434
data_fitting: 116.58224987983704
flux_point: 19.09574294090271
