n_obs: 10
data_preparation: 31.52022695541382
writing: 2.387190818786621
reading: 0.5131192207336426
data_fitting: 135.35108184814453
flux_point: 19.355289936065674
