n_obs: 10
data_preparation: 30.444940328598022
writing: 2.5707755088806152
reading: 0.17214298248291016
data_fitting: 107.86596632003784
flux_point: 15.65038800239563
