n_obs: 10
data_preparation: 30.93486261367798
writing: 1.947295904159546
reading: 0.5321502685546875
data_fitting: 106.0869493484497
flux_point: 17.91761350631714
