n_obs: 10
data_preparation: 31.52687931060791
writing: 2.3840456008911133
reading: 0.1462419033050537
data_fitting: 105.49459791183472
flux_point: 12.68761658668518
