n_obs: 10
data_preparation: 97.399338722229
writing: 3.228466033935547
reading: 0.2660181522369385
data_fitting: 215.9528992176056
flux_point: 42.19897818565369
