n_obs: 10
data_preparation: 32.897441148757935
writing: 2.19592547416687
reading: 0.512998104095459
data_fitting: 120.85312151908875
flux_point: 19.23058247566223
