n_obs: 10
data_preparation: 86.82036972045898
writing: 2.502655506134033
reading: 0.1940910816192627
data_fitting: 191.51566314697266
flux_point: 35.964316606521606
