n_obs: 10
data_preparation: 94.78821349143982
writing: 3.143059253692627
reading: 0.19420266151428223
data_fitting: 197.1044270992279
flux_point: 39.13781762123108
