n_obs: 10
data_preparation: 31.524409532546997
writing: 2.0509700775146484
reading: 0.5462968349456787
data_fitting: 107.88048124313354
flux_point: 17.870349407196045
