n_obs: 10
data_preparation: 37.2913920879364
writing: 3.169456958770752
reading: 0.2928323745727539
data_fitting: 168.14112854003906
flux_point: 31.06358027458191
