n_obs: 10
data_preparation: 30.857729196548462
writing: 2.560840129852295
reading: 0.16869258880615234
data_fitting: 113.21493196487427
flux_point: 15.641908884048462
