n_obs: 10
data_preparation: 94.79745864868164
writing: 3.1837077140808105
reading: 0.2500283718109131
data_fitting: 213.76297283172607
flux_point: 40.27624034881592
