n_obs: 10
data_preparation: 72.80871033668518
writing: 2.4861536026000977
reading: 0.1930098533630371
data_fitting: 164.5332384109497
flux_point: 33.932974100112915
