n_obs: 10
data_preparation: 119.93299961090088
writing: 3.4998362064361572
reading: 0.3020439147949219
data_fitting: 241.9945774078369
flux_point: 48.042521953582764
