n_obs: 10
data_preparation: 30.547585010528564
writing: 2.0295097827911377
reading: 0.5515449047088623
data_fitting: 106.00706791877747
flux_point: 17.589713096618652
