n_obs: 10
data_preparation: 87.79131650924683
writing: 2.523528575897217
reading: 0.18817734718322754
data_fitting: 167.48071718215942
flux_point: 33.814300775527954
