n_obs: 10
data_preparation: 31.362562894821167
writing: 2.06413197517395
reading: 0.5522382259368896
data_fitting: 108.09175324440002
flux_point: 17.541801929473877
