n_obs: 10
data_preparation: 65.39001131057739
writing: 2.7704172134399414
reading: 0.21230173110961914
data_fitting: 207.57248449325562
flux_point: 29.958938121795654
