n_obs: 10
data_preparation: 31.500494718551636
writing: 2.3839304447174072
reading: 0.14216899871826172
data_fitting: 105.13540434837341
flux_point: 12.292657375335693
