n_obs: 10
data_preparation: 118.05977392196655
writing: 3.75174617767334
reading: 0.32998061180114746
data_fitting: 574.0263624191284
flux_point: 56.95393180847168
