n_obs: 10
data_preparation: 93.29667234420776
writing: 2.8818297386169434
reading: 0.21321535110473633
data_fitting: 309.0010943412781
flux_point: 47.38360285758972
