n_obs: 10
data_preparation: 29.509033203125
writing: 2.306708812713623
reading: 0.4948122501373291
data_fitting: 127.35547280311584
flux_point: 18.3033287525177
