n_obs: 10
data_preparation: 39.452555894851685
writing: 2.0367701053619385
reading: 1.510051965713501
data_fitting: 117.3286542892456
flux_point: 25.39141321182251
