n_obs: 10
data_preparation: 72.61857509613037
writing: 3.190561294555664
reading: 0.2487187385559082
data_fitting: 219.28139305114746
flux_point: 32.10686230659485
