n_obs: 10
data_preparation: 113.3750331401825
writing: 3.5119400024414062
reading: 0.31066417694091797
data_fitting: 231.26063632965088
flux_point: 43.43999671936035
