n_obs: 10
data_preparation: 30.799442291259766
writing: 2.0416951179504395
reading: 0.5547666549682617
data_fitting: 109.19292378425598
flux_point: 18.00314974784851
