n_obs: 10
data_preparation: 30.850740909576416
writing: 2.3138630390167236
reading: 0.48438143730163574
data_fitting: 117.30284380912781
flux_point: 18.752301454544067
