n_obs: 10
data_preparation: 22.97308850288391
writing: 1.9349455833435059
reading: 2.985057830810547
data_fitting: 218.06736254692078
flux_point: 55.41332268714905
