n_obs: 10
data_preparation: 38.4554283618927
writing: 1.93068265914917
reading: 1.4610188007354736
data_fitting: 115.98062086105347
flux_point: 24.83866024017334
