n_obs: 10
data_preparation: 30.14822745323181
writing: 2.4950056076049805
reading: 0.1772143840789795
data_fitting: 104.98902702331543
flux_point: 12.52683424949646
