n_obs: 10
data_preparation: 39.84622764587402
writing: 1.8923652172088623
reading: 1.384101152420044
data_fitting: 140.32971692085266
flux_point: 47.52471423149109
