n_obs: 10
data_preparation: 56.01740789413452
writing: 2.6596176624298096
reading: 0.2054431438446045
data_fitting: 164.92457246780396
flux_point: 23.802900552749634
