n_obs: 10
data_preparation: 32.30983352661133
writing: 2.2122385501861572
reading: 0.5041804313659668
data_fitting: 123.79746651649475
flux_point: 20.47999930381775
