n_obs: 10
data_preparation: 99.29872512817383
writing: 2.969616651535034
reading: 0.2365894317626953
data_fitting: 225.74801683425903
flux_point: 44.590967655181885
