n_obs: 10
data_preparation: 38.389912605285645
writing: 1.984593152999878
reading: 1.4543876647949219
data_fitting: 140.48589181900024
flux_point: 47.56386351585388
