n_obs: 10
data_preparation: 28.396148920059204
writing: 1.8944547176361084
reading: 0.5589163303375244
data_fitting: 116.73505091667175
flux_point: 17.364824295043945
