n_obs: 10
data_preparation: 79.11664605140686
writing: 3.1389012336730957
reading: 0.24716877937316895
data_fitting: 207.6284453868866
flux_point: 28.71737289428711
