n_obs: 10
data_preparation: 30.99224042892456
writing: 2.0964105129241943
reading: 0.5184757709503174
data_fitting: 106.99309945106506
flux_point: 18.049104928970337
