n_obs: 10
data_preparation: 116.57780528068542
writing: 3.749725818634033
reading: 0.29726171493530273
data_fitting: 248.602534532547
flux_point: 46.9137179851532
