n_obs: 10
data_preparation: 49.988128662109375
writing: 2.0680971145629883
reading: 0.5607547760009766
data_fitting: 134.3890619277954
flux_point: 23.658543825149536
