n_obs: 10
data_preparation: 32.52354407310486
writing: 2.4237852096557617
reading: 0.15670037269592285
data_fitting: 109.7219250202179
flux_point: 13.252044677734375
