n_obs: 10
data_preparation: 80.83169889450073
writing: 3.566279411315918
reading: 0.28856921195983887
data_fitting: 225.20997643470764
flux_point: 33.8320996761322
