n_obs: 10
data_preparation: 30.896070957183838
writing: 2.3684232234954834
reading: 0.5040378570556641
data_fitting: 124.80083107948303
flux_point: 19.202049493789673
