n_obs: 10
data_preparation: 26.70396637916565
writing: 2.154949903488159
reading: 1.6550195217132568
data_fitting: 262.6747660636902
flux_point: 62.14162874221802
