n_obs: 10
data_preparation: 94.48668193817139
writing: 3.0099518299102783
reading: 0.18614768981933594
data_fitting: 197.47751426696777
flux_point: 38.77831554412842
