n_obs: 10
data_preparation: 30.39441728591919
writing: 2.5848729610443115
reading: 0.17078065872192383
data_fitting: 108.8760507106781
flux_point: 15.730418920516968
