n_obs: 10
data_preparation: 30.208548545837402
writing: 2.3042526245117188
reading: 0.4923055171966553
data_fitting: 117.46504855155945
flux_point: 19.303407907485962
