n_obs: 10
data_preparation: 31.54108214378357
writing: 2.3571720123291016
reading: 0.20736336708068848
data_fitting: 135.897310256958
flux_point: 50.77000570297241
