n_obs: 10
data_preparation: 31.084052085876465
writing: 2.1140589714050293
reading: 0.5027704238891602
data_fitting: 113.90833950042725
flux_point: 19.15439248085022
