n_obs: 10
data_preparation: 32.13591766357422
writing: 2.3729031085968018
reading: 0.1433861255645752
data_fitting: 107.34053802490234
flux_point: 12.623733043670654
