n_obs: 10
data_preparation: 38.9396333694458
writing: 3.2505691051483154
reading: 0.3051450252532959
data_fitting: 174.78808069229126
flux_point: 31.477552890777588
