n_obs: 10
data_preparation: 36.2385036945343
writing: 2.717557430267334
reading: 0.24425601959228516
data_fitting: 152.97488713264465
flux_point: 28.775214195251465
