n_obs: 10
data_preparation: 70.65407419204712
writing: 3.1015405654907227
reading: 0.2421131134033203
data_fitting: 232.4975552558899
flux_point: 32.22310185432434
