n_obs: 10
data_preparation: 27.418145656585693
writing: 1.5708730220794678
reading: 0.5371651649475098
data_fitting: 105.78079771995544
flux_point: 16.955639123916626
