n_obs: 10
data_preparation: 27.982630014419556
writing: 1.802900791168213
reading: 0.5616142749786377
data_fitting: 116.75542426109314
flux_point: 17.4184889793396
