n_obs: 10
data_preparation: 29.841515064239502
writing: 2.3566882610321045
reading: 0.4927709102630615
data_fitting: 120.32213020324707
flux_point: 18.331140518188477
