n_obs: 10
data_preparation: 30.927826404571533
writing: 2.0866904258728027
reading: 0.5163707733154297
data_fitting: 105.9771842956543
flux_point: 17.956130981445312
