n_obs: 10
data_preparation: 24.25736904144287
writing: 1.9596359729766846
reading: 1.4106130599975586
data_fitting: 232.36883664131165
flux_point: 56.7893443107605
