n_obs: 10
data_preparation: 38.023661375045776
writing: 3.071119785308838
reading: 0.27235984802246094
data_fitting: 167.72634196281433
flux_point: 30.525938749313354
