n_obs: 10
data_preparation: 30.78568434715271
writing: 2.0330862998962402
reading: 0.5385892391204834
data_fitting: 107.74777221679688
flux_point: 17.352466583251953
