n_obs: 10
data_preparation: 31.089019298553467
writing: 2.0266640186309814
reading: 0.5441086292266846
data_fitting: 103.41706466674805
flux_point: 17.34098243713379
