n_obs: 10
data_preparation: 99.43430352210999
writing: 3.009351968765259
reading: 0.22500324249267578
data_fitting: 202.01196479797363
flux_point: 37.74877429008484
