n_obs: 10
data_preparation: 61.915741205215454
writing: 2.70809268951416
reading: 0.20505523681640625
data_fitting: 199.7828733921051
flux_point: 27.26803469657898
