n_obs: 10
data_preparation: 39.826759576797485
writing: 2.440755605697632
reading: 0.24983525276184082
data_fitting: 150.87101674079895
flux_point: 38.26431632041931
