n_obs: 10
data_preparation: 113.37538409233093
writing: 3.6221728324890137
reading: 0.3213386535644531
data_fitting: 554.9185264110565
flux_point: 55.36269497871399
