n_obs: 10
data_preparation: 28.62812829017639
writing: 1.650853157043457
reading: 0.5562319755554199
data_fitting: 111.80222296714783
flux_point: 18.14476728439331
