n_obs: 10
data_preparation: 30.022655963897705
writing: 2.359869956970215
reading: 0.513873815536499
data_fitting: 124.95180678367615
flux_point: 19.397849082946777
