n_obs: 10
data_preparation: 32.2476372718811
writing: 2.5794780254364014
reading: 0.23540616035461426
data_fitting: 143.64546012878418
flux_point: 54.843942165374756
