n_obs: 10
data_preparation: 29.164000034332275
writing: 2.29669451713562
reading: 0.49681830406188965
data_fitting: 128.56053400039673
flux_point: 19.350959062576294
