n_obs: 10
data_preparation: 95.31528949737549
writing: 4.154614210128784
reading: 0.29799675941467285
data_fitting: 214.04498744010925
flux_point: 40.61850953102112
