n_obs: 10
data_preparation: 85.25291538238525
writing: 3.157325506210327
reading: 0.21132111549377441
data_fitting: 186.56408786773682
flux_point: 35.00946545600891
