n_obs: 10
data_preparation: 68.64572882652283
writing: 2.734128713607788
reading: 0.21074986457824707
data_fitting: 193.64682459831238
flux_point: 29.06212043762207
