n_obs: 10
data_preparation: 74.78398633003235
writing: 2.5968363285064697
reading: 0.1934506893157959
data_fitting: 164.59254479408264
flux_point: 33.21043086051941
