n_obs: 10
data_preparation: 96.48590421676636
writing: 2.842308759689331
reading: 0.2232980728149414
data_fitting: 219.2091085910797
flux_point: 40.17611527442932
