n_obs: 10
data_preparation: 31.16476607322693
writing: 2.4278759956359863
reading: 0.5270330905914307
data_fitting: 131.58681917190552
flux_point: 20.104007720947266
