n_obs: 10
data_preparation: 29.794408559799194
writing: 2.3187062740325928
reading: 0.2735731601715088
data_fitting: 111.51914930343628
flux_point: 14.17963194847107
