n_obs: 10
data_preparation: 30.661282300949097
writing: 2.1411080360412598
reading: 0.5059792995452881
data_fitting: 114.8216962814331
flux_point: 19.058049201965332
