n_obs: 10
data_preparation: 96.3993833065033
writing: 2.7885780334472656
reading: 0.1975111961364746
data_fitting: 215.20105814933777
flux_point: 43.17586302757263
