n_obs: 10
data_preparation: 29.186537742614746
writing: 2.2971904277801514
reading: 0.4926450252532959
data_fitting: 127.76807761192322
flux_point: 19.964001893997192
