n_obs: 10
data_preparation: 104.5941104888916
writing: 3.2581586837768555
reading: 0.2640092372894287
data_fitting: 218.78187036514282
flux_point: 42.761801958084106
