n_obs: 10
data_preparation: 29.44229745864868
writing: 2.357438564300537
reading: 0.49786949157714844
data_fitting: 120.28036046028137
flux_point: 18.136416912078857
