n_obs: 10
data_preparation: 98.52112793922424
writing: 2.919743061065674
reading: 0.22998571395874023
data_fitting: 216.8294322490692
flux_point: 42.44546127319336
