n_obs: 10
data_preparation: 92.97360515594482
writing: 3.1144886016845703
reading: 0.27510905265808105
data_fitting: 203.49239253997803
flux_point: 39.93829345703125
