n_obs: 10
data_preparation: 31.144866704940796
writing: 2.071469306945801
reading: 0.5550756454467773
data_fitting: 111.4726927280426
flux_point: 17.84406614303589
