n_obs: 10
data_preparation: 27.422000646591187
writing: 1.8460445404052734
reading: 0.5342183113098145
data_fitting: 111.95760941505432
flux_point: 16.728371620178223
