n_obs: 10
data_preparation: 97.49374771118164
writing: 2.9289491176605225
reading: 0.22136521339416504
data_fitting: 214.29324650764465
flux_point: 40.96371054649353
