n_obs: 10
data_preparation: 99.31152510643005
writing: 2.929119825363159
reading: 0.23035144805908203
data_fitting: 227.8782889842987
flux_point: 42.86602544784546
