n_obs: 10
data_preparation: 43.20057463645935
writing: 1.8079602718353271
reading: 0.5317482948303223
data_fitting: 163.5500190258026
flux_point: 22.51718783378601
