n_obs: 10
data_preparation: 89.54304790496826
writing: 2.5913429260253906
reading: 0.20944786071777344
data_fitting: 203.6601939201355
flux_point: 39.18951082229614
