n_obs: 10
data_preparation: 54.45579385757446
writing: 2.1377058029174805
reading: 0.16344189643859863
data_fitting: 149.0280213356018
flux_point: 28.120312690734863
