n_obs: 10
data_preparation: 30.76270318031311
writing: 2.5572402477264404
reading: 0.16981220245361328
data_fitting: 108.70094680786133
flux_point: 15.175655364990234
