n_obs: 10
data_preparation: 33.848331928253174
writing: 1.8853437900543213
reading: 2.5470216274261475
data_fitting: 145.96771383285522
flux_point: 29.78566336631775
