n_obs: 10
data_preparation: 97.71264815330505
writing: 2.849731922149658
reading: 0.21170496940612793
data_fitting: 212.08170819282532
flux_point: 41.625502824783325
