n_obs: 10
data_preparation: 40.92634344100952
writing: 2.3749871253967285
reading: 3.320991039276123
data_fitting: 169.31359910964966
flux_point: 42.518412828445435
