n_obs: 10
data_preparation: 30.291116952896118
writing: 2.3969008922576904
reading: 0.5151276588439941
data_fitting: 124.27870893478394
flux_point: 18.671451330184937
