n_obs: 10
data_preparation: 29.999167680740356
writing: 2.321204662322998
reading: 0.5026776790618896
data_fitting: 130.1226830482483
flux_point: 18.461348056793213
