n_obs: 10
data_preparation: 31.19087290763855
writing: 2.6530063152313232
reading: 0.1673133373260498
data_fitting: 109.70958828926086
flux_point: 15.670698165893555
