n_obs: 10
data_preparation: 43.03347110748291
writing: 2.2099833488464355
reading: 0.535224199295044
data_fitting: 133.22410535812378
flux_point: 35.37365198135376
