n_obs: 10
data_preparation: 30.59262704849243
writing: 2.361173152923584
reading: 0.4832899570465088
data_fitting: 120.37285828590393
flux_point: 19.46959090232849
