n_obs: 10
data_preparation: 38.955408334732056
writing: 3.0249786376953125
reading: 0.27629876136779785
data_fitting: 201.31205344200134
flux_point: 30.37369203567505
