n_obs: 10
data_preparation: 30.880468130111694
writing: 2.4854462146759033
reading: 0.17587637901306152
data_fitting: 106.2871503829956
flux_point: 12.631495952606201
