n_obs: 10
data_preparation: 113.55868673324585
writing: 3.9051103591918945
reading: 0.31751108169555664
data_fitting: 243.63622546195984
flux_point: 47.51741027832031
