n_obs: 10
data_preparation: 114.13631129264832
writing: 3.6270833015441895
reading: 0.30690932273864746
data_fitting: 510.3594079017639
flux_point: 49.37405252456665
