n_obs: 10
data_preparation: 116.3116934299469
writing: 3.443361520767212
reading: 0.2696347236633301
data_fitting: 230.3540666103363
flux_point: 46.60140252113342
