n_obs: 10
data_preparation: 25.132256984710693
writing: 1.9914155006408691
reading: 1.6073882579803467
data_fitting: 254.94875264167786
flux_point: 62.46502614021301
