n_obs: 10
data_preparation: 53.15521812438965
writing: 2.2033731937408447
reading: 0.5339031219482422
data_fitting: 125.00951528549194
flux_point: 30.062864780426025
