n_obs: 10
data_preparation: 102.75167989730835
writing: 3.586258888244629
reading: 0.26261472702026367
data_fitting: 225.58779430389404
flux_point: 42.17645883560181
