n_obs: 10
data_preparation: 116.70230793952942
writing: 3.698927879333496
reading: 0.3015615940093994
data_fitting: 568.8834018707275
flux_point: 55.744810342788696
