n_obs: 10
data_preparation: 27.157007217407227
writing: 1.829589605331421
reading: 0.541334867477417
data_fitting: 111.71434116363525
flux_point: 16.935407400131226
