n_obs: 10
data_preparation: 35.02145552635193
writing: 2.716500997543335
reading: 0.24324655532836914
data_fitting: 141.13309812545776
flux_point: 56.32642221450806
