n_obs: 10
data_preparation: 27.211533784866333
writing: 1.8364589214324951
reading: 0.5413081645965576
data_fitting: 111.17293763160706
flux_point: 16.823947191238403
