n_obs: 10
data_preparation: 65.38038516044617
writing: 1.8709025382995605
reading: 0.14113974571228027
data_fitting: 141.89296698570251
flux_point: 28.957520484924316
