n_obs: 10
data_preparation: 88.55359601974487
writing: 2.61574125289917
reading: 0.19610285758972168
data_fitting: 187.74039125442505
flux_point: 38.64643836021423
