n_obs: 10
data_preparation: 56.150567054748535
writing: 2.6105198860168457
reading: 0.2045726776123047
data_fitting: 162.90475225448608
flux_point: 24.853196382522583
