n_obs: 10
data_preparation: 32.237009048461914
writing: 2.1300058364868164
reading: 0.5786545276641846
data_fitting: 113.52714586257935
flux_point: 18.402219772338867
