n_obs: 10
data_preparation: 30.4453763961792
writing: 2.4975297451019287
reading: 0.17038273811340332
data_fitting: 107.45099878311157
flux_point: 15.422985553741455
