n_obs: 10
data_preparation: 30.527648448944092
writing: 2.375542402267456
reading: 0.5088400840759277
data_fitting: 119.4063777923584
flux_point: 19.20902729034424
