n_obs: 10
data_preparation: 31.392648696899414
writing: 2.0442802906036377
reading: 0.5461184978485107
data_fitting: 108.04521155357361
flux_point: 18.182061195373535
