n_obs: 10
data_preparation: 30.106919765472412
writing: 1.9204208850860596
reading: 0.5821661949157715
data_fitting: 113.92851376533508
flux_point: 17.85939621925354
