n_obs: 10
data_preparation: 29.928435802459717
writing: 2.339902639389038
reading: 0.5063707828521729
data_fitting: 130.94614553451538
flux_point: 20.005788326263428
