n_obs: 10
data_preparation: 98.11800694465637
writing: 3.9769861698150635
reading: 0.2628650665283203
data_fitting: 221.69031167030334
flux_point: 45.035314321517944
