n_obs: 10
data_preparation: 94.20430159568787
writing: 3.0092973709106445
reading: 0.25363707542419434
data_fitting: 502.7901062965393
flux_point: 45.84081029891968
