n_obs: 10
data_preparation: 101.47642421722412
writing: 3.079686403274536
reading: 0.2303307056427002
data_fitting: 214.65897750854492
flux_point: 39.58106803894043
