n_obs: 10
data_preparation: 24.916495323181152
writing: 1.92580246925354
reading: 1.530992031097412
data_fitting: 246.54252314567566
flux_point: 59.469852924346924
