n_obs: 10
data_preparation: 32.17610955238342
writing: 2.1279237270355225
reading: 0.5730748176574707
data_fitting: 115.03206419944763
flux_point: 19.071829795837402
