n_obs: 10
data_preparation: 29.786757469177246
writing: 2.3407115936279297
reading: 0.5118601322174072
data_fitting: 122.44568610191345
flux_point: 18.596662044525146
