n_obs: 10
data_preparation: 31.87204599380493
writing: 2.227116346359253
reading: 0.5600173473358154
data_fitting: 112.32720804214478
flux_point: 18.322306632995605
