n_obs: 10
data_preparation: 63.80754566192627
writing: 2.701343297958374
reading: 0.1954631805419922
data_fitting: 201.0899941921234
flux_point: 27.053627252578735
