n_obs: 10
data_preparation: 68.86166095733643
writing: 2.767789602279663
reading: 0.21009588241577148
data_fitting: 202.97266030311584
flux_point: 29.340296506881714
