n_obs: 10
data_preparation: 87.5798008441925
writing: 2.745117425918579
reading: 0.21301960945129395
data_fitting: 184.45789885520935
flux_point: 35.55879855155945
