n_obs: 10
data_preparation: 97.97724556922913
writing: 3.1987271308898926
reading: 0.28513526916503906
data_fitting: 212.46833062171936
flux_point: 41.22791361808777
