n_obs: 10
data_preparation: 72.81681060791016
writing: 3.551090955734253
reading: 0.21772480010986328
data_fitting: 161.31365275382996
flux_point: 32.13920593261719
