n_obs: 10
data_preparation: 30.420226097106934
writing: 2.104390859603882
reading: 0.5093581676483154
data_fitting: 114.59404373168945
flux_point: 19.20758867263794
