n_obs: 10
data_preparation: 27.533802270889282
writing: 1.603071689605713
reading: 0.546431303024292
data_fitting: 108.3893985748291
flux_point: 17.27889370918274
