n_obs: 10
data_preparation: 31.73627996444702
writing: 2.071357250213623
reading: 0.5592753887176514
data_fitting: 109.25632500648499
flux_point: 18.40142583847046
