n_obs: 10
data_preparation: 112.47536778450012
writing: 4.000088214874268
reading: 0.3104856014251709
data_fitting: 221.13178777694702
flux_point: 83.4304187297821
