n_obs: 10
data_preparation: 31.23965859413147
writing: 2.3731307983398438
reading: 0.5053014755249023
data_fitting: 120.2392225265503
flux_point: 19.318912029266357
