n_obs: 10
data_preparation: 31.03428339958191
writing: 1.9065909385681152
reading: 0.5562450885772705
data_fitting: 111.12989640235901
flux_point: 17.289907693862915
