n_obs: 10
data_preparation: 36.390363454818726
writing: 2.691542148590088
reading: 0.242295503616333
data_fitting: 147.9271695613861
flux_point: 28.260376930236816
