n_obs: 10
data_preparation: 86.66780614852905
writing: 2.7477502822875977
reading: 0.2163989543914795
data_fitting: 431.03332138061523
flux_point: 39.79600954055786
