n_obs: 10
data_preparation: 79.28780508041382
writing: 3.358111619949341
reading: 0.2771108150482178
data_fitting: 214.15821766853333
flux_point: 30.88515591621399
