n_obs: 10
data_preparation: 96.44099164009094
writing: 2.888052225112915
reading: 0.21683025360107422
data_fitting: 210.3953561782837
flux_point: 40.3199782371521
