n_obs: 10
data_preparation: 30.268959045410156
writing: 2.1092188358306885
reading: 0.5117154121398926
data_fitting: 124.52606749534607
flux_point: 18.624163389205933
