n_obs: 10
data_preparation: 112.59559631347656
writing: 3.5419342517852783
reading: 0.31088805198669434
data_fitting: 232.70205640792847
flux_point: 45.005154848098755
