n_obs: 10
data_preparation: 32.2476589679718
writing: 2.5365781784057617
reading: 0.1799330711364746
data_fitting: 111.56216382980347
flux_point: 13.233662605285645
