n_obs: 10
data_preparation: 33.642356872558594
writing: 2.4869961738586426
reading: 0.2805476188659668
data_fitting: 165.58673286437988
flux_point: 59.753856897354126
