n_obs: 10
data_preparation: 37.40639567375183
writing: 2.2256603240966797
reading: 3.0441744327545166
data_fitting: 159.27386784553528
flux_point: 34.88523030281067
