n_obs: 10
data_preparation: 30.126541137695312
writing: 2.5470004081726074
reading: 0.1672801971435547
data_fitting: 106.32005667686462
flux_point: 15.517735004425049
