n_obs: 10
data_preparation: 31.57567858695984
writing: 2.1623358726501465
reading: 0.5186982154846191
data_fitting: 106.44599103927612
flux_point: 18.34479594230652
