n_obs: 10
data_preparation: 34.21528911590576
writing: 2.4172027111053467
reading: 0.24664735794067383
data_fitting: 153.55956602096558
flux_point: 44.20042061805725
