n_obs: 10
data_preparation: 30.360652923583984
writing: 2.342787742614746
reading: 0.49601292610168457
data_fitting: 119.59644389152527
flux_point: 19.82540798187256
