n_obs: 10
data_preparation: 30.27040672302246
writing: 2.355051040649414
reading: 0.5080535411834717
data_fitting: 123.38764572143555
flux_point: 18.969255924224854
