n_obs: 10
data_preparation: 39.1439414024353
writing: 3.1646010875701904
reading: 0.29753708839416504
data_fitting: 208.63043975830078
flux_point: 30.83033800125122
