n_obs: 10
data_preparation: 99.76222109794617
writing: 3.44101881980896
reading: 0.24631214141845703
data_fitting: 221.3583643436432
flux_point: 41.75111103057861
