n_obs: 10
data_preparation: 29.265272855758667
writing: 2.347294330596924
reading: 0.4907050132751465
data_fitting: 129.09621000289917
flux_point: 19.980159997940063
