n_obs: 10
data_preparation: 31.72945237159729
writing: 2.5216264724731445
reading: 0.18071269989013672
data_fitting: 112.59181451797485
flux_point: 13.275514364242554
