n_obs: 10
data_preparation: 87.13998675346375
writing: 2.6170248985290527
reading: 0.19421792030334473
data_fitting: 178.2746057510376
flux_point: 33.16855525970459
