n_obs: 10
data_preparation: 113.26058959960938
writing: 3.444763422012329
reading: 0.2818171977996826
data_fitting: 246.64613366127014
flux_point: 88.6260838508606
