n_obs: 10
data_preparation: 30.148828268051147
writing: 2.167738437652588
reading: 0.5151197910308838
data_fitting: 124.01064682006836
flux_point: 19.26707911491394
