n_obs: 10
data_preparation: 91.78186130523682
writing: 2.8843793869018555
reading: 0.2105236053466797
data_fitting: 305.76246523857117
flux_point: 46.526023864746094
