n_obs: 10
data_preparation: 73.26976490020752
writing: 2.4705705642700195
reading: 0.19167828559875488
data_fitting: 158.4227511882782
flux_point: 32.143491983413696
