n_obs: 10
data_preparation: 30.771857023239136
writing: 2.112760066986084
reading: 0.5283617973327637
data_fitting: 108.35686302185059
flux_point: 18.161751985549927
