n_obs: 10
data_preparation: 87.25858616828918
writing: 2.539738655090332
reading: 0.19888091087341309
data_fitting: 197.0046684741974
flux_point: 37.684757471084595
