n_obs: 10
data_preparation: 96.99199628829956
writing: 2.584350824356079
reading: 0.19498920440673828
data_fitting: 209.16008138656616
flux_point: 40.630890130996704
