n_obs: 10
data_preparation: 74.87204480171204
writing: 2.516092538833618
reading: 0.1950244903564453
data_fitting: 167.56402349472046
flux_point: 34.16964244842529
