n_obs: 10
data_preparation: 83.3187952041626
writing: 2.7878544330596924
reading: 0.2111353874206543
data_fitting: 283.218697309494
flux_point: 48.13191318511963
