n_obs: 10
data_preparation: 31.277196407318115
writing: 1.9446532726287842
reading: 0.5236363410949707
data_fitting: 106.50659155845642
flux_point: 17.950368642807007
