n_obs: 10
data_preparation: 120.22211408615112
writing: 3.65169620513916
reading: 0.3310415744781494
data_fitting: 248.19949388504028
flux_point: 49.60428237915039
