n_obs: 10
data_preparation: 32.03094124794006
writing: 2.0578677654266357
reading: 0.545875072479248
data_fitting: 110.77300453186035
flux_point: 18.05458927154541
