n_obs: 10
data_preparation: 40.374181032180786
writing: 2.0454764366149902
reading: 0.4974970817565918
data_fitting: 125.42862248420715
flux_point: 45.10388445854187
