n_obs: 10
data_preparation: 30.135848999023438
writing: 2.4385924339294434
reading: 0.5177321434020996
data_fitting: 123.89438343048096
flux_point: 19.091323614120483
