n_obs: 10
data_preparation: 36.52364182472229
writing: 2.7089879512786865
reading: 0.23798489570617676
data_fitting: 150.9333508014679
flux_point: 28.935460567474365
