n_obs: 10
data_preparation: 28.627362728118896
writing: 1.9949185848236084
reading: 0.5485453605651855
data_fitting: 109.87513566017151
flux_point: 18.430323839187622
