n_obs: 10
data_preparation: 25.185946226119995
writing: 2.0414061546325684
reading: 1.5887799263000488
data_fitting: 249.18060970306396
flux_point: 58.57552886009216
