n_obs: 10
data_preparation: 34.57151246070862
writing: 2.1793100833892822
reading: 0.5206985473632812
data_fitting: 116.80893874168396
flux_point: 19.760973930358887
