n_obs: 10
data_preparation: 30.809722661972046
writing: 2.33457088470459
reading: 0.4882073402404785
data_fitting: 130.44760704040527
flux_point: 19.308779001235962
