n_obs: 10
data_preparation: 70.40241646766663
writing: 3.1124191284179688
reading: 0.24146366119384766
data_fitting: 211.4532015323639
flux_point: 30.34657645225525
