n_obs: 10
data_preparation: 31.326619625091553
writing: 2.507192373275757
reading: 0.17600607872009277
data_fitting: 108.57539343833923
flux_point: 12.884567737579346
