n_obs: 10
data_preparation: 30.795095682144165
writing: 2.3537511825561523
reading: 0.14778947830200195
data_fitting: 104.12232279777527
flux_point: 12.635416984558105
