n_obs: 10
data_preparation: 29.895981550216675
writing: 2.1080896854400635
reading: 0.4938797950744629
data_fitting: 112.2057752609253
flux_point: 18.84188175201416
