n_obs: 10
data_preparation: 31.1324725151062
writing: 2.3917319774627686
reading: 0.5252690315246582
data_fitting: 134.7067527770996
flux_point: 21.43090033531189
