n_obs: 10
data_preparation: 95.81479096412659
writing: 2.7874655723571777
reading: 0.21677398681640625
data_fitting: 524.1414740085602
flux_point: 49.99652886390686
