n_obs: 10
data_preparation: 26.923367977142334
writing: 1.5634381771087646
reading: 0.5397965908050537
data_fitting: 103.4949266910553
flux_point: 16.695181131362915
