n_obs: 10
data_preparation: 87.65542531013489
writing: 2.4254276752471924
reading: 0.18787550926208496
data_fitting: 452.28772497177124
flux_point: 42.25520038604736
