n_obs: 10
data_preparation: 31.722086429595947
writing: 2.0631072521209717
reading: 0.5630061626434326
data_fitting: 114.77019548416138
flux_point: 17.805565118789673
