n_obs: 10
data_preparation: 31.598690509796143
writing: 2.056844711303711
reading: 0.5479996204376221
data_fitting: 109.42529797554016
flux_point: 17.957163333892822
