n_obs: 10
data_preparation: 33.01083564758301
writing: 1.9775621891021729
reading: 0.5354790687561035
data_fitting: 111.75444841384888
flux_point: 18.835879802703857
