n_obs: 10
data_preparation: 31.471213579177856
writing: 2.37628173828125
reading: 0.14630842208862305
data_fitting: 106.28162264823914
flux_point: 12.6875638961792
