n_obs: 10
data_preparation: 31.06136703491211
writing: 2.090677499771118
reading: 0.5487816333770752
data_fitting: 109.03106355667114
flux_point: 18.19645929336548
