n_obs: 10
data_preparation: 31.198574542999268
writing: 2.1025118827819824
reading: 0.5607433319091797
data_fitting: 109.09384655952454
flux_point: 18.01549744606018
