n_obs: 10
data_preparation: 112.51413035392761
writing: 3.604304313659668
reading: 0.31528210639953613
data_fitting: 528.302020072937
flux_point: 52.74837684631348
