n_obs: 10
data_preparation: 35.33410286903381
writing: 2.1199986934661865
reading: 0.2215442657470703
data_fitting: 133.36996912956238
flux_point: 33.73021674156189
