n_obs: 10
data_preparation: 34.00698447227478
writing: 2.0418684482574463
reading: 0.5746922492980957
data_fitting: 116.44523978233337
flux_point: 19.298983097076416
