n_obs: 10
data_preparation: 29.149049282073975
writing: 2.0000038146972656
reading: 0.5399930477142334
data_fitting: 110.98479270935059
flux_point: 17.64827537536621
