n_obs: 10
data_preparation: 31.24470543861389
writing: 2.0345308780670166
reading: 0.5446312427520752
data_fitting: 109.01089453697205
flux_point: 17.600658655166626
