n_obs: 10
data_preparation: 90.49838042259216
writing: 3.2095675468444824
reading: 0.21135520935058594
data_fitting: 195.5922486782074
flux_point: 38.41364765167236
