n_obs: 10
data_preparation: 100.76017999649048
writing: 2.9954612255096436
reading: 0.2338862419128418
data_fitting: 228.87822556495667
flux_point: 42.053117990493774
