n_obs: 10
data_preparation: 29.09007477760315
writing: 2.3134548664093018
reading: 0.49228477478027344
data_fitting: 120.29027676582336
flux_point: 18.501697063446045
