n_obs: 10
data_preparation: 101.28240704536438
writing: 2.6320698261260986
reading: 0.20625519752502441
data_fitting: 226.92122673988342
flux_point: 46.12548589706421
