n_obs: 10
data_preparation: 39.74883842468262
writing: 3.008023262023926
reading: 0.285381555557251
data_fitting: 163.23000049591064
flux_point: 30.64069676399231
