n_obs: 10
data_preparation: 96.34684944152832
writing: 2.5822503566741943
reading: 0.19751811027526855
data_fitting: 210.44461226463318
flux_point: 40.29644560813904
