n_obs: 10
data_preparation: 62.35661864280701
writing: 2.686154365539551
reading: 0.21114015579223633
data_fitting: 272.48293828964233
flux_point: 30.797203302383423
