n_obs: 10
data_preparation: 42.82905435562134
writing: 2.2256457805633545
reading: 0.5503027439117432
data_fitting: 132.79495334625244
flux_point: 49.898159980773926
