n_obs: 10
data_preparation: 29.804248571395874
writing: 2.304771900177002
reading: 0.49509763717651367
data_fitting: 128.9574851989746
flux_point: 18.72481107711792
