n_obs: 10
data_preparation: 62.70994520187378
writing: 2.6494369506835938
reading: 0.20603537559509277
data_fitting: 197.8829791545868
flux_point: 27.923809051513672
