n_obs: 10
data_preparation: 94.54344534873962
writing: 2.6004271507263184
reading: 0.20064449310302734
data_fitting: 215.7051486968994
flux_point: 42.58297038078308
