n_obs: 1
data_preparation: 3.8817529678344727
writing: 0.22039508819580078
reading: 0.0966031551361084
data_fitting: 5.180846929550171
flux_point: 2.8142788410186768
