n_obs: 10
data_preparation: 30.10704207420349
writing: 2.551464319229126
reading: 0.16785645484924316
data_fitting: 106.24764704704285
flux_point: 15.452010154724121
