n_obs: 10
data_preparation: 38.69989991188049
writing: 2.086493730545044
reading: 0.5006873607635498
data_fitting: 89.2080945968628
flux_point: 28.534236669540405
