n_obs: 10
data_preparation: 95.91106295585632
writing: 2.8039751052856445
reading: 0.21728134155273438
data_fitting: 205.75187516212463
flux_point: 39.02394986152649
