n_obs: 10
data_preparation: 28.373198986053467
writing: 1.9462080001831055
reading: 0.5631484985351562
data_fitting: 117.39469909667969
flux_point: 17.828601598739624
