n_obs: 10
data_preparation: 29.53526544570923
writing: 2.3221962451934814
reading: 0.48707079887390137
data_fitting: 123.44055080413818
flux_point: 18.517733097076416
