n_obs: 10
data_preparation: 39.513604402542114
writing: 2.331510066986084
reading: 3.2021920680999756
data_fitting: 162.80837273597717
flux_point: 40.855393171310425
