n_obs: 10
data_preparation: 31.017953872680664
writing: 2.5184741020202637
reading: 0.17485499382019043
data_fitting: 108.30431604385376
flux_point: 12.862563371658325
