n_obs: 10
data_preparation: 28.99086856842041
writing: 2.357059955596924
reading: 0.4956061840057373
data_fitting: 128.60319924354553
flux_point: 20.25575613975525
