n_obs: 10
data_preparation: 27.609309673309326
writing: 1.5892612934112549
reading: 0.5473232269287109
data_fitting: 107.5148811340332
flux_point: 17.040299892425537
