n_obs: 10
data_preparation: 96.51478958129883
writing: 2.9031918048858643
reading: 0.222944974899292
data_fitting: 207.45390725135803
flux_point: 42.002618074417114
