n_obs: 10
data_preparation: 93.0992648601532
writing: 3.0164968967437744
reading: 0.24342012405395508
data_fitting: 494.050576210022
flux_point: 46.0162615776062
