n_obs: 10
data_preparation: 93.03663110733032
writing: 2.812288284301758
reading: 0.21482563018798828
data_fitting: 461.4478998184204
flux_point: 44.101531982421875
