n_obs: 10
data_preparation: 31.105382919311523
writing: 2.1311182975769043
reading: 0.5212774276733398
data_fitting: 114.07013773918152
flux_point: 18.420822143554688
