n_obs: 10
data_preparation: 31.312679290771484
writing: 2.286975622177124
reading: 0.21222949028015137
data_fitting: 140.69958543777466
flux_point: 52.67481541633606
