n_obs: 10
data_preparation: 101.48180031776428
writing: 3.4154458045959473
reading: 0.2809758186340332
data_fitting: 219.0532579421997
flux_point: 39.56698131561279
