n_obs: 10
data_preparation: 127.89493608474731
writing: 3.282628297805786
reading: 0.22821378707885742
data_fitting: 619.2409174442291
flux_point: 57.60037016868591
