n_obs: 10
data_preparation: 97.39462804794312
writing: 2.6200873851776123
reading: 0.19942688941955566
data_fitting: 214.1460998058319
flux_point: 43.701958894729614
