n_obs: 10
data_preparation: 73.83694624900818
writing: 2.4666495323181152
reading: 0.1963193416595459
data_fitting: 171.0751028060913
flux_point: 32.70045471191406
