n_obs: 10
data_preparation: 30.907075881958008
writing: 2.5162627696990967
reading: 0.17601537704467773
data_fitting: 108.79144477844238
flux_point: 12.254327774047852
