n_obs: 10
data_preparation: 28.400386095046997
writing: 1.7297515869140625
reading: 0.5719046592712402
data_fitting: 117.23806095123291
flux_point: 17.99019742012024
