n_obs: 10
data_preparation: 90.5331335067749
writing: 2.832380533218384
reading: 0.21298670768737793
data_fitting: 195.06929349899292
flux_point: 38.3290753364563
