n_obs: 10
data_preparation: 31.63219690322876
writing: 2.1505417823791504
reading: 0.5301499366760254
data_fitting: 109.98195743560791
flux_point: 18.655783891677856
