n_obs: 10
data_preparation: 41.28170728683472
writing: 2.125800371170044
reading: 0.5372314453125
data_fitting: 130.69738125801086
flux_point: 35.12867856025696
