n_obs: 10
data_preparation: 99.18123698234558
writing: 2.942363977432251
reading: 0.23302054405212402
data_fitting: 224.11930966377258
flux_point: 43.13043761253357
