n_obs: 10
data_preparation: 88.46102929115295
writing: 4.106359958648682
reading: 0.3391232490539551
data_fitting: 266.44757771492004
flux_point: 41.119800090789795
