n_obs: 10
data_preparation: 38.52561569213867
writing: 2.1593470573425293
reading: 3.0238895416259766
data_fitting: 157.04100894927979
flux_point: 38.65224575996399
