n_obs: 10
data_preparation: 31.000197887420654
writing: 2.1360838413238525
reading: 0.5212435722351074
data_fitting: 106.57756423950195
flux_point: 18.062294960021973
