n_obs: 10
data_preparation: 30.553241968154907
writing: 2.112762689590454
reading: 0.4986872673034668
data_fitting: 113.43172311782837
flux_point: 19.040311574935913
