n_obs: 10
data_preparation: 97.45602607727051
writing: 3.053166389465332
reading: 0.1863696575164795
data_fitting: 186.27200508117676
flux_point: 76.34258508682251
