n_obs: 10
data_preparation: 75.39834904670715
writing: 2.4699642658233643
reading: 0.19490885734558105
data_fitting: 164.27260398864746
flux_point: 31.917935371398926
