n_obs: 10
data_preparation: 40.865880727767944
writing: 2.3508574962615967
reading: 3.2936837673187256
data_fitting: 170.70618319511414
flux_point: 41.848411321640015
