n_obs: 10
data_preparation: 96.03286790847778
writing: 2.6333463191986084
reading: 0.20128130912780762
data_fitting: 216.0006594657898
flux_point: 41.57499718666077
