n_obs: 10
data_preparation: 33.63573503494263
writing: 2.118525266647339
reading: 0.570842981338501
data_fitting: 117.017413854599
flux_point: 19.28885817527771
