n_obs: 10
data_preparation: 87.34159135818481
writing: 2.522979259490967
reading: 0.1956920623779297
data_fitting: 193.56854510307312
flux_point: 36.089629888534546
