n_obs: 10
data_preparation: 97.20279288291931
writing: 2.746976375579834
reading: 0.21370601654052734
data_fitting: 210.50102496147156
flux_point: 39.73804950714111
