n_obs: 10
data_preparation: 98.97552418708801
writing: 2.6124558448791504
reading: 0.20055770874023438
data_fitting: 219.3459177017212
flux_point: 43.35721206665039
