n_obs: 10
data_preparation: 31.43666100502014
writing: 2.1005115509033203
reading: 0.5146620273590088
data_fitting: 106.47263956069946
flux_point: 17.968660831451416
