n_obs: 10
data_preparation: 57.85033845901489
writing: 2.171114683151245
reading: 0.5577230453491211
data_fitting: 123.85609221458435
flux_point: 22.926812410354614
