n_obs: 10
data_preparation: 32.070332050323486
writing: 2.0477347373962402
reading: 0.5520036220550537
data_fitting: 112.22703504562378
flux_point: 18.237875938415527
