n_obs: 10
data_preparation: 23.130961179733276
writing: 1.7907404899597168
reading: 1.4478833675384521
data_fitting: 224.63272428512573
flux_point: 54.587724685668945
