n_obs: 10
data_preparation: 29.968128204345703
writing: 2.568955183029175
reading: 0.16891884803771973
data_fitting: 108.12405562400818
flux_point: 15.402735948562622
