n_obs: 10
data_preparation: 118.80021119117737
writing: 3.5081520080566406
reading: 0.22034478187561035
data_fitting: 227.66583061218262
flux_point: 86.14658117294312
