n_obs: 10
data_preparation: 90.27116513252258
writing: 3.08418869972229
reading: 0.20677900314331055
data_fitting: 177.0293426513672
flux_point: 65.56810569763184
