n_obs: 10
data_preparation: 122.0492696762085
writing: 3.7735888957977295
reading: 0.29121899604797363
data_fitting: 251.5742654800415
flux_point: 47.54416251182556
