n_obs: 10
data_preparation: 42.76306629180908
writing: 1.7633750438690186
reading: 0.5213918685913086
data_fitting: 184.57327318191528
flux_point: 21.641884326934814
