n_obs: 10
data_preparation: 31.81391978263855
writing: 2.1481435298919678
reading: 0.5278670787811279
data_fitting: 108.53687763214111
flux_point: 18.30632495880127
