n_obs: 10
data_preparation: 31.68941640853882
writing: 2.0549874305725098
reading: 0.5594115257263184
data_fitting: 109.65897870063782
flux_point: 18.14839196205139
