n_obs: 10
data_preparation: 32.59916973114014
writing: 2.459895610809326
reading: 0.15488600730895996
data_fitting: 109.24643969535828
flux_point: 13.306596040725708
