n_obs: 10
data_preparation: 36.93311429023743
writing: 2.7252402305603027
reading: 0.24387574195861816
data_fitting: 150.67922592163086
flux_point: 28.338712453842163
