n_obs: 10
data_preparation: 31.646828174591064
writing: 2.150874614715576
reading: 0.5758507251739502
data_fitting: 109.80897402763367
flux_point: 17.964489221572876
