n_obs: 10
data_preparation: 29.921222448349
writing: 2.1140615940093994
reading: 0.5034933090209961
data_fitting: 121.60908246040344
flux_point: 17.87095332145691
