n_obs: 10
data_preparation: 33.20978784561157
writing: 2.078322410583496
reading: 0.5529625415802002
data_fitting: 112.06320071220398
flux_point: 18.313328742980957
