n_obs: 10
data_preparation: 31.03092670440674
writing: 2.338967800140381
reading: 0.14573359489440918
data_fitting: 105.14507579803467
flux_point: 12.671589612960815
