n_obs: 10
data_preparation: 31.167236328125
writing: 2.098940372467041
reading: 0.5019598007202148
data_fitting: 116.54330086708069
flux_point: 19.04584574699402
