n_obs: 10
data_preparation: 30.735182285308838
writing: 2.144829511642456
reading: 0.5194606781005859
data_fitting: 110.02666902542114
flux_point: 18.219667434692383
