n_obs: 10
data_preparation: 98.54851222038269
writing: 2.917160749435425
reading: 0.21433210372924805
data_fitting: 193.8145318031311
flux_point: 36.87439513206482
