n_obs: 10
data_preparation: 30.955897569656372
writing: 2.353642702102661
reading: 0.5113613605499268
data_fitting: 132.5084376335144
flux_point: 18.95889163017273
