n_obs: 10
data_preparation: 92.52713751792908
writing: 3.1670327186584473
reading: 0.2707176208496094
data_fitting: 457.46813344955444
flux_point: 44.627769231796265
