n_obs: 10
data_preparation: 29.394600868225098
writing: 2.099961996078491
reading: 0.49702000617980957
data_fitting: 118.6888256072998
flux_point: 17.58809232711792
