n_obs: 10
data_preparation: 126.42537999153137
writing: 3.607672691345215
reading: 0.2893393039703369
data_fitting: 250.91059517860413
flux_point: 50.32656502723694
