n_obs: 10
data_preparation: 29.62103271484375
writing: 2.3624637126922607
reading: 0.5060873031616211
data_fitting: 122.26356983184814
flux_point: 18.42076849937439
