n_obs: 10
data_preparation: 113.77749347686768
writing: 3.5690176486968994
reading: 0.28995490074157715
data_fitting: 236.8569507598877
flux_point: 45.94034457206726
