n_obs: 10
data_preparation: 35.50381112098694
writing: 2.092039108276367
reading: 2.8307008743286133
data_fitting: 137.163090467453
flux_point: 36.04350996017456
