n_obs: 10
data_preparation: 86.9052529335022
writing: 2.5455188751220703
reading: 0.1967923641204834
data_fitting: 191.56639957427979
flux_point: 35.92168736457825
