n_obs: 10
data_preparation: 40.182082414627075
writing: 2.3387770652770996
reading: 3.19663143157959
data_fitting: 161.12997436523438
flux_point: 40.440451860427856
