n_obs: 10
data_preparation: 26.659319162368774
writing: 1.5264549255371094
reading: 0.4568653106689453
data_fitting: 114.99166774749756
flux_point: 16.593313932418823
