n_obs: 10
data_preparation: 30.715813636779785
writing: 2.3609039783477783
reading: 0.13916492462158203
data_fitting: 105.48838806152344
flux_point: 12.34650993347168
