n_obs: 10
data_preparation: 31.277544021606445
writing: 2.5610296726226807
reading: 0.1793842315673828
data_fitting: 108.08144521713257
flux_point: 12.895673274993896
