n_obs: 10
data_preparation: 31.318737745285034
writing: 2.096766948699951
reading: 0.5744044780731201
data_fitting: 111.86793780326843
flux_point: 18.24957036972046
