n_obs: 10
data_preparation: 30.2383873462677
writing: 2.364410638809204
reading: 0.5082864761352539
data_fitting: 130.45162653923035
flux_point: 18.970236778259277
