n_obs: 10
data_preparation: 31.498363971710205
writing: 2.326727867126465
reading: 0.14621901512145996
data_fitting: 105.11336469650269
flux_point: 12.742600440979004
