n_obs: 10
data_preparation: 39.33216190338135
writing: 2.0140435695648193
reading: 1.4074933528900146
data_fitting: 320.8214113712311
flux_point: 83.55005311965942
