n_obs: 10
data_preparation: 39.10234069824219
writing: 2.0413732528686523
reading: 0.5051324367523193
data_fitting: 122.12066054344177
flux_point: 27.91997742652893
