n_obs: 10
data_preparation: 93.13300657272339
writing: 2.80452561378479
reading: 0.21029329299926758
data_fitting: 206.4392237663269
flux_point: 40.77686357498169
