n_obs: 10
data_preparation: 95.29035687446594
writing: 2.8723127841949463
reading: 0.2155907154083252
data_fitting: 212.69056463241577
flux_point: 42.00653028488159
