n_obs: 10
data_preparation: 104.77293157577515
writing: 3.3822250366210938
reading: 0.29451727867126465
data_fitting: 220.7052402496338
flux_point: 43.17587661743164
