n_obs: 10
data_preparation: 31.168039560317993
writing: 1.946349859237671
reading: 0.5316359996795654
data_fitting: 108.66594958305359
flux_point: 18.302648305892944
