n_obs: 10
data_preparation: 38.22056460380554
writing: 2.3222813606262207
reading: 0.22803902626037598
data_fitting: 149.9939694404602
flux_point: 36.55267953872681
