n_obs: 10
data_preparation: 95.83498120307922
writing: 3.039666175842285
reading: 0.23287582397460938
data_fitting: 216.5472104549408
flux_point: 40.43461012840271
