n_obs: 10
data_preparation: 64.62343978881836
writing: 3.096569538116455
reading: 0.21100878715515137
data_fitting: 189.0260751247406
flux_point: 27.74435043334961
