n_obs: 10
data_preparation: 29.425915956497192
writing: 2.3439419269561768
reading: 0.4950077533721924
data_fitting: 120.92829751968384
flux_point: 18.12157106399536
