n_obs: 10
data_preparation: 93.86883306503296
writing: 3.077841281890869
reading: 0.24605107307434082
data_fitting: 210.35932087898254
flux_point: 39.3071653842926
