n_obs: 10
data_preparation: 38.19875240325928
writing: 2.084099531173706
reading: 2.9061737060546875
data_fitting: 156.81002926826477
flux_point: 37.42619228363037
