n_obs: 10
data_preparation: 97.87397050857544
writing: 3.8262312412261963
reading: 0.2912461757659912
data_fitting: 499.435421705246
flux_point: 49.2365984916687
