n_obs: 10
data_preparation: 30.959186553955078
writing: 2.3243775367736816
reading: 0.1446819305419922
data_fitting: 103.45320844650269
flux_point: 12.376545667648315
