n_obs: 10
data_preparation: 40.248075008392334
writing: 1.9359350204467773
reading: 1.446944236755371
data_fitting: 124.7493085861206
flux_point: 26.937516927719116
