n_obs: 10
data_preparation: 30.15968942642212
writing: 2.4815075397491455
reading: 0.17242074012756348
data_fitting: 106.41332006454468
flux_point: 12.220530986785889
