n_obs: 10
data_preparation: 30.561302423477173
writing: 2.117689371109009
reading: 0.4980294704437256
data_fitting: 111.14641284942627
flux_point: 18.814284563064575
