n_obs: 10
data_preparation: 37.579036474227905
writing: 2.1766533851623535
reading: 3.15566086769104
data_fitting: 163.36386394500732
flux_point: 33.77374792098999
