n_obs: 10
data_preparation: 75.77415680885315
writing: 2.594651937484741
reading: 0.1952052116394043
data_fitting: 162.8332440853119
flux_point: 30.058964014053345
