n_obs: 10
data_preparation: 97.00442934036255
writing: 2.839327335357666
reading: 0.20967864990234375
data_fitting: 212.19597554206848
flux_point: 43.23142075538635
