n_obs: 10
data_preparation: 31.26985001564026
writing: 1.9721577167510986
reading: 0.5411627292633057
data_fitting: 109.76293063163757
flux_point: 18.730400562286377
