n_obs: 10
data_preparation: 73.87149047851562
writing: 2.982107162475586
reading: 0.20949769020080566
data_fitting: 163.9606385231018
flux_point: 31.78049349784851
