n_obs: 10
data_preparation: 35.839200496673584
writing: 2.0648727416992188
reading: 2.836958169937134
data_fitting: 143.61681652069092
flux_point: 35.732030391693115
