n_obs: 10
data_preparation: 31.81292223930359
writing: 2.189894199371338
reading: 0.5075843334197998
data_fitting: 117.42840790748596
flux_point: 19.12317156791687
