n_obs: 10
data_preparation: 95.51137495040894
writing: 2.8948628902435303
reading: 0.21416783332824707
data_fitting: 214.8291838169098
flux_point: 40.94614267349243
