n_obs: 10
data_preparation: 29.003519296646118
writing: 2.3814337253570557
reading: 0.16802740097045898
data_fitting: 100.67241191864014
flux_point: 11.857849597930908
