n_obs: 10
data_preparation: 30.918131113052368
writing: 2.1071527004241943
reading: 0.576956033706665
data_fitting: 113.25516939163208
flux_point: 18.40333318710327
