n_obs: 10
data_preparation: 30.377438068389893
writing: 2.143394708633423
reading: 0.5049657821655273
data_fitting: 111.99723196029663
flux_point: 18.881970405578613
