n_obs: 10
data_preparation: 31.93818235397339
writing: 1.986926794052124
reading: 0.5533227920532227
data_fitting: 113.47342848777771
flux_point: 19.19806218147278
