n_obs: 10
data_preparation: 31.00139880180359
writing: 2.216527223587036
reading: 0.5029981136322021
data_fitting: 114.8332290649414
flux_point: 19.109488248825073
