n_obs: 10
data_preparation: 72.20207858085632
writing: 2.566518545150757
reading: 0.2032792568206787
data_fitting: 164.7582175731659
flux_point: 31.24993109703064
