n_obs: 10
data_preparation: 31.4757239818573
writing: 2.055850028991699
reading: 0.5572073459625244
data_fitting: 112.03378200531006
flux_point: 17.960726976394653
