n_obs: 10
data_preparation: 110.63544178009033
writing: 3.487968921661377
reading: 0.296004056930542
data_fitting: 524.8875095844269
flux_point: 53.4743926525116
