n_obs: 10
data_preparation: 105.28261089324951
writing: 3.594863176345825
reading: 0.25832557678222656
data_fitting: 233.28586506843567
flux_point: 44.64432168006897
