n_obs: 10
data_preparation: 61.6779203414917
writing: 2.6735856533050537
reading: 0.20291519165039062
data_fitting: 194.4722101688385
flux_point: 26.12280559539795
