n_obs: 10
data_preparation: 29.873592376708984
writing: 2.1244397163391113
reading: 0.5036110877990723
data_fitting: 122.88791370391846
flux_point: 18.356510162353516
