n_obs: 10
data_preparation: 31.588504314422607
writing: 2.3387911319732666
reading: 0.1446537971496582
data_fitting: 106.2260308265686
flux_point: 13.036600112915039
