n_obs: 10
data_preparation: 30.73819327354431
writing: 2.1554293632507324
reading: 0.5249228477478027
data_fitting: 110.26137828826904
flux_point: 18.466337203979492
