n_obs: 10
data_preparation: 30.647480010986328
writing: 2.0392489433288574
reading: 0.558051347732544
data_fitting: 105.12999081611633
flux_point: 17.769938230514526
