n_obs: 10
data_preparation: 92.2009494304657
writing: 2.5756802558898926
reading: 0.19753336906433105
data_fitting: 208.00009489059448
flux_point: 39.816946506500244
