n_obs: 10
data_preparation: 98.75608420372009
writing: 2.9907572269439697
reading: 0.24110770225524902
data_fitting: 231.51473879814148
flux_point: 43.60844683647156
