n_obs: 10
data_preparation: 31.835829734802246
writing: 2.181572198867798
reading: 0.5491318702697754
data_fitting: 111.80552244186401
flux_point: 19.207523822784424
