n_obs: 10
data_preparation: 39.29320311546326
writing: 2.076657772064209
reading: 0.5283865928649902
data_fitting: 141.0262575149536
flux_point: 28.591768741607666
