n_obs: 10
data_preparation: 37.504265546798706
writing: 1.9371471405029297
reading: 0.48940563201904297
data_fitting: 92.1556921005249
flux_point: 27.045010566711426
