n_obs: 10
data_preparation: 39.87391114234924
writing: 1.946937084197998
reading: 0.47520899772644043
data_fitting: 126.21006417274475
flux_point: 29.148798942565918
