n_obs: 10
data_preparation: 27.970913410186768
writing: 1.6888399124145508
reading: 0.5757429599761963
data_fitting: 124.53573393821716
flux_point: 17.856558322906494
