n_obs: 10
data_preparation: 108.33845615386963
writing: 3.3810536861419678
reading: 0.26499009132385254
data_fitting: 231.46142172813416
flux_point: 44.1122260093689
