n_obs: 10
data_preparation: 31.383857488632202
writing: 3.1146128177642822
reading: 0.5497500896453857
data_fitting: 113.38136219978333
flux_point: 18.453768014907837
