n_obs: 10
data_preparation: 30.15475821495056
writing: 2.5803325176239014
reading: 0.17226243019104004
data_fitting: 110.57545924186707
flux_point: 15.888667345046997
