n_obs: 10
data_preparation: 42.37574791908264
writing: 3.1296703815460205
reading: 0.2848317623138428
data_fitting: 180.14691638946533
flux_point: 32.84931302070618
