n_obs: 10
data_preparation: 29.435133934020996
writing: 2.3269388675689697
reading: 0.4970424175262451
data_fitting: 120.44320178031921
flux_point: 18.44254183769226
