n_obs: 10
data_preparation: 93.14599609375
writing: 2.5885868072509766
reading: 0.19950556755065918
data_fitting: 207.40204071998596
flux_point: 39.894896268844604
