n_obs: 10
data_preparation: 29.976566076278687
writing: 2.3546388149261475
reading: 0.4938642978668213
data_fitting: 122.27060866355896
flux_point: 18.444437265396118
