n_obs: 10
data_preparation: 30.43346929550171
writing: 2.0397305488586426
reading: 0.5557096004486084
data_fitting: 108.91796231269836
flux_point: 17.71892261505127
