n_obs: 10
data_preparation: 27.657243728637695
writing: 1.609046220779419
reading: 0.5622174739837646
data_fitting: 108.63861775398254
flux_point: 17.939804077148438
