n_obs: 10
data_preparation: 31.124655961990356
writing: 2.044246196746826
reading: 0.5494537353515625
data_fitting: 112.26014018058777
flux_point: 18.167065382003784
