n_obs: 10
data_preparation: 99.99675107002258
writing: 2.8526322841644287
reading: 0.21711039543151855
data_fitting: 218.76591634750366
flux_point: 43.195799112319946
