n_obs: 10
data_preparation: 50.547911643981934
writing: 2.1327157020568848
reading: 0.5567519664764404
data_fitting: 136.27452397346497
flux_point: 23.66058897972107
