n_obs: 10
data_preparation: 88.04776215553284
writing: 2.5265614986419678
reading: 0.19803619384765625
data_fitting: 186.99102139472961
flux_point: 38.64551329612732
