n_obs: 10
data_preparation: 30.651268005371094
writing: 2.5486416816711426
reading: 0.16812944412231445
data_fitting: 108.540696144104
flux_point: 15.927939891815186
