n_obs: 10
data_preparation: 30.030540943145752
writing: 2.3113224506378174
reading: 0.13765954971313477
data_fitting: 101.908212184906
flux_point: 12.12582516670227
