n_obs: 10
data_preparation: 31.84063720703125
writing: 2.1000471115112305
reading: 0.5620081424713135
data_fitting: 111.37903714179993
flux_point: 18.313601970672607
