n_obs: 10
data_preparation: 37.45116829872131
writing: 2.124318838119507
reading: 0.20905280113220215
data_fitting: 139.61588501930237
flux_point: 32.73876619338989
