n_obs: 10
data_preparation: 30.98862862586975
writing: 2.5411787033081055
reading: 0.16698169708251953
data_fitting: 109.40161180496216
flux_point: 15.645344495773315
