n_obs: 10
data_preparation: 27.428608655929565
writing: 1.574949026107788
reading: 0.5366628170013428
data_fitting: 105.84931468963623
flux_point: 16.870092153549194
