n_obs: 10
data_preparation: 29.280081748962402
writing: 2.3547701835632324
reading: 0.4985346794128418
data_fitting: 125.19615411758423
flux_point: 18.228858947753906
