n_obs: 10
data_preparation: 30.869629383087158
writing: 2.0553853511810303
reading: 0.5454039573669434
data_fitting: 107.80717825889587
flux_point: 17.457582712173462
