n_obs: 10
data_preparation: 39.19983983039856
writing: 2.0358760356903076
reading: 1.4766674041748047
data_fitting: 145.11862421035767
flux_point: 48.355103731155396
