n_obs: 10
data_preparation: 31.10871934890747
writing: 2.1246697902679443
reading: 0.525322675704956
data_fitting: 106.35842633247375
flux_point: 17.997955322265625
