n_obs: 10
data_preparation: 31.957412242889404
writing: 2.0905096530914307
reading: 0.5700304508209229
data_fitting: 111.36117815971375
flux_point: 18.110413312911987
