n_obs: 10
data_preparation: 42.20443606376648
writing: 2.1375796794891357
reading: 1.5580942630767822
data_fitting: 129.76456546783447
flux_point: 27.31356406211853
