n_obs: 10
data_preparation: 78.69310736656189
writing: 2.5979459285736084
reading: 0.19190120697021484
data_fitting: 166.5432631969452
flux_point: 31.585232496261597
