n_obs: 10
data_preparation: 31.181963205337524
writing: 2.1036221981048584
reading: 0.48774123191833496
data_fitting: 116.26775932312012
flux_point: 18.933645009994507
