n_obs: 10
data_preparation: 28.712417602539062
writing: 2.0168333053588867
reading: 0.5432412624359131
data_fitting: 111.14255452156067
flux_point: 17.58420705795288
