n_obs: 10
data_preparation: 121.86009311676025
writing: 4.1277265548706055
reading: 0.34931039810180664
data_fitting: 272.72086572647095
flux_point: 55.56862163543701
