n_obs: 10
data_preparation: 30.945367574691772
writing: 2.0846078395843506
reading: 0.5536482334136963
data_fitting: 110.68664693832397
flux_point: 18.61519980430603
