n_obs: 10
data_preparation: 100.17162680625916
writing: 3.2581326961517334
reading: 0.29230833053588867
data_fitting: 217.65042757987976
flux_point: 43.19823980331421
