n_obs: 10
data_preparation: 97.57414126396179
writing: 3.170107364654541
reading: 0.2174842357635498
data_fitting: 211.35372686386108
flux_point: 40.096296548843384
