n_obs: 10
data_preparation: 97.3370909690857
writing: 2.9107937812805176
reading: 0.22814631462097168
data_fitting: 207.4775846004486
flux_point: 42.018428564071655
