n_obs: 10
data_preparation: 97.08876848220825
writing: 2.6548430919647217
reading: 0.19791126251220703
data_fitting: 209.2324652671814
flux_point: 44.30264091491699
