n_obs: 10
data_preparation: 114.21637511253357
writing: 3.1948184967041016
reading: 0.24214959144592285
data_fitting: 230.25264811515808
flux_point: 47.22665452957153
