n_obs: 10
data_preparation: 120.45493841171265
writing: 3.044863700866699
reading: 0.2557089328765869
data_fitting: 548.0405261516571
flux_point: 52.76808834075928
