n_obs: 10
data_preparation: 37.45576810836792
writing: 2.32706880569458
reading: 0.5014138221740723
data_fitting: 152.7721447944641
flux_point: 23.74453067779541
