n_obs: 10
data_preparation: 29.45424747467041
writing: 2.346848964691162
reading: 0.4952504634857178
data_fitting: 122.0618896484375
flux_point: 18.095194339752197
