n_obs: 10
data_preparation: 64.10077953338623
writing: 2.679786205291748
reading: 0.21540307998657227
data_fitting: 189.86692333221436
flux_point: 26.89024782180786
