n_obs: 10
data_preparation: 31.090734004974365
writing: 2.5711593627929688
reading: 0.17400383949279785
data_fitting: 113.2293484210968
flux_point: 16.645857095718384
