n_obs: 10
data_preparation: 102.37840867042542
writing: 2.946601629257202
reading: 0.2331562042236328
data_fitting: 233.42398834228516
flux_point: 43.96361327171326
