n_obs: 10
data_preparation: 52.64509391784668
writing: 2.570739269256592
reading: 0.1898965835571289
data_fitting: 171.47790837287903
flux_point: 22.537492036819458
