n_obs: 10
data_preparation: 30.564897537231445
writing: 2.5454230308532715
reading: 0.16964101791381836
data_fitting: 108.35247421264648
flux_point: 15.646262645721436
