n_obs: 10
data_preparation: 40.95440220832825
writing: 1.9203896522521973
reading: 0.4561269283294678
data_fitting: 149.1838617324829
flux_point: 28.909400463104248
