n_obs: 10
data_preparation: 96.07727193832397
writing: 2.6447880268096924
reading: 0.19797348976135254
data_fitting: 213.41924452781677
flux_point: 43.94018578529358
