n_obs: 10
data_preparation: 76.98500037193298
writing: 2.588181972503662
reading: 0.20080876350402832
data_fitting: 173.48088335990906
flux_point: 34.15552544593811
