n_obs: 10
data_preparation: 31.19443368911743
writing: 2.1309151649475098
reading: 0.5246732234954834
data_fitting: 113.29896306991577
flux_point: 18.72551393508911
