n_obs: 10
data_preparation: 70.83369946479797
writing: 3.262253999710083
reading: 0.267772912979126
data_fitting: 233.78463888168335
flux_point: 31.681798696517944
