n_obs: 10
data_preparation: 30.7939350605011
writing: 2.3395040035247803
reading: 0.13998150825500488
data_fitting: 107.4271764755249
flux_point: 12.205229997634888
