n_obs: 10
data_preparation: 99.75692701339722
writing: 3.42708683013916
reading: 0.2973494529724121
data_fitting: 511.9754955768585
flux_point: 50.972373962402344
