n_obs: 10
data_preparation: 77.68111562728882
writing: 2.5507025718688965
reading: 0.19779539108276367
data_fitting: 171.60541915893555
flux_point: 36.23337459564209
