n_obs: 10
data_preparation: 84.50564384460449
writing: 2.494656562805176
reading: 0.19109272956848145
data_fitting: 174.7279999256134
flux_point: 35.34935736656189
