n_obs: 10
data_preparation: 29.705500602722168
writing: 2.289649486541748
reading: 0.49086618423461914
data_fitting: 120.04450702667236
flux_point: 18.09937882423401
