n_obs: 10
data_preparation: 30.501394033432007
writing: 2.047759771347046
reading: 0.5522706508636475
data_fitting: 106.24333024024963
flux_point: 17.6027615070343
