n_obs: 10
data_preparation: 29.3035728931427
writing: 2.3339734077453613
reading: 0.2746868133544922
data_fitting: 109.3266065120697
flux_point: 13.9487464427948
