n_obs: 10
data_preparation: 30.975040674209595
writing: 2.534675121307373
reading: 0.18517160415649414
data_fitting: 108.75930833816528
flux_point: 12.772535800933838
