n_obs: 10
data_preparation: 96.0878689289093
writing: 3.098768472671509
reading: 0.2574489116668701
data_fitting: 524.1709804534912
flux_point: 49.409764766693115
