n_obs: 10
data_preparation: 97.49687218666077
writing: 3.162141799926758
reading: 0.2603147029876709
data_fitting: 518.8498339653015
flux_point: 49.157745122909546
