n_obs: 10
data_preparation: 31.746350288391113
writing: 2.5841236114501953
reading: 0.1693720817565918
data_fitting: 114.50981521606445
flux_point: 15.535531282424927
