n_obs: 10
data_preparation: 67.40622901916504
writing: 2.737399101257324
reading: 0.19115519523620605
data_fitting: 213.3251554965973
flux_point: 28.82509446144104
