n_obs: 10
data_preparation: 94.04904413223267
writing: 2.5311853885650635
reading: 0.1931157112121582
data_fitting: 201.8894979953766
flux_point: 39.42631149291992
