n_obs: 10
data_preparation: 31.321242094039917
writing: 2.1295242309570312
reading: 0.516737699508667
data_fitting: 107.44959139823914
flux_point: 18.323834896087646
