n_obs: 10
data_preparation: 24.978152990341187
writing: 1.9885973930358887
reading: 1.5595576763153076
data_fitting: 244.4295299053192
flux_point: 58.85248160362244
