n_obs: 10
data_preparation: 38.24576282501221
writing: 2.2297027111053467
reading: 3.140918493270874
data_fitting: 159.3532133102417
flux_point: 39.74308633804321
