n_obs: 10
data_preparation: 32.44002318382263
writing: 2.7549335956573486
reading: 0.17488956451416016
data_fitting: 114.85683107376099
flux_point: 13.786468744277954
