n_obs: 10
data_preparation: 30.633688926696777
writing: 2.3611903190612793
reading: 0.4924778938293457
data_fitting: 120.80996346473694
flux_point: 19.130876541137695
