n_obs: 10
data_preparation: 31.34700846672058
writing: 2.0532801151275635
reading: 0.5465903282165527
data_fitting: 106.89785885810852
flux_point: 17.52403450012207
