n_obs: 10
data_preparation: 39.93417716026306
writing: 3.114405632019043
reading: 0.28490591049194336
data_fitting: 169.26634216308594
flux_point: 30.832083702087402
