n_obs: 10
data_preparation: 72.93445658683777
writing: 2.558262348175049
reading: 0.20003437995910645
data_fitting: 166.09612894058228
flux_point: 31.445773601531982
