n_obs: 10
data_preparation: 37.39600706100464
writing: 2.6837027072906494
reading: 0.2819631099700928
data_fitting: 163.81892085075378
flux_point: 49.47201323509216
