n_obs: 10
data_preparation: 51.90560007095337
writing: 2.6119110584259033
reading: 0.20667505264282227
data_fitting: 174.10856246948242
flux_point: 23.783800840377808
