n_obs: 10
data_preparation: 98.71787810325623
writing: 3.4443199634552
reading: 0.27469611167907715
data_fitting: 209.5725667476654
flux_point: 37.90868830680847
