n_obs: 10
data_preparation: 98.3770227432251
writing: 2.6366071701049805
reading: 0.1993718147277832
data_fitting: 222.4803717136383
flux_point: 45.25466060638428
