n_obs: 10
data_preparation: 75.71060228347778
writing: 2.4809672832489014
reading: 0.1970818042755127
data_fitting: 170.2330572605133
flux_point: 32.435253381729126
