n_obs: 10
data_preparation: 30.44620108604431
writing: 2.1265926361083984
reading: 0.5503840446472168
data_fitting: 108.97335815429688
flux_point: 17.775317192077637
