n_obs: 10
data_preparation: 30.79253363609314
writing: 2.395364761352539
reading: 0.1443347930908203
data_fitting: 104.1449761390686
flux_point: 12.473798274993896
