n_obs: 10
data_preparation: 35.55319929122925
writing: 2.6107304096221924
reading: 0.23172330856323242
data_fitting: 147.97905611991882
flux_point: 28.57968306541443
