n_obs: 10
data_preparation: 30.533963203430176
writing: 2.5097365379333496
reading: 0.16823577880859375
data_fitting: 106.60316371917725
flux_point: 12.566851377487183
