n_obs: 10
data_preparation: 100.64523315429688
writing: 2.914733648300171
reading: 0.23258066177368164
data_fitting: 226.88886976242065
flux_point: 42.55017066001892
