n_obs: 10
data_preparation: 27.052996158599854
writing: 1.8528916835784912
reading: 0.5385892391204834
data_fitting: 111.77856063842773
flux_point: 16.85861611366272
