n_obs: 10
data_preparation: 32.611355781555176
writing: 2.0890839099884033
reading: 0.5720980167388916
data_fitting: 116.51337218284607
flux_point: 19.904037952423096
