n_obs: 10
data_preparation: 87.65966200828552
writing: 2.6184065341949463
reading: 0.19330668449401855
data_fitting: 180.34563875198364
flux_point: 35.6736536026001
