n_obs: 10
data_preparation: 88.39450931549072
writing: 2.504680633544922
reading: 0.19345641136169434
data_fitting: 176.51324462890625
flux_point: 36.9119336605072
