n_obs: 10
data_preparation: 93.98769545555115
writing: 3.262157678604126
reading: 0.22682952880859375
data_fitting: 194.62269234657288
flux_point: 36.54415154457092
