n_obs: 10
data_preparation: 30.76669406890869
writing: 2.499436616897583
reading: 0.17635488510131836
data_fitting: 107.51047205924988
flux_point: 12.067810773849487
