n_obs: 10
data_preparation: 35.187216997146606
writing: 2.727177143096924
reading: 0.2451176643371582
data_fitting: 142.57463431358337
flux_point: 28.3671715259552
