n_obs: 10
data_preparation: 98.03854870796204
writing: 3.3361928462982178
reading: 0.3058934211730957
data_fitting: 481.79107189178467
flux_point: 47.25389051437378
