n_obs: 10
data_preparation: 33.799644947052
writing: 2.420703887939453
reading: 0.2768988609313965
data_fitting: 167.71570324897766
flux_point: 59.07101488113403
