n_obs: 10
data_preparation: 35.95938777923584
writing: 1.8057796955108643
reading: 1.373816728591919
data_fitting: 126.7582688331604
flux_point: 41.598090171813965
