n_obs: 10
data_preparation: 125.41279697418213
writing: 3.928067207336426
reading: 0.31870603561401367
data_fitting: 252.22442054748535
flux_point: 49.875648498535156
