n_obs: 10
data_preparation: 93.194669008255
writing: 3.1775875091552734
reading: 0.24123692512512207
data_fitting: 474.3576006889343
flux_point: 46.22709369659424
