n_obs: 10
data_preparation: 98.02030491828918
writing: 3.219804048538208
reading: 0.2132704257965088
data_fitting: 216.5943467617035
flux_point: 42.390719413757324
