n_obs: 10
data_preparation: 30.46254301071167
writing: 2.1466193199157715
reading: 0.5128674507141113
data_fitting: 111.55566048622131
flux_point: 18.737473487854004
