n_obs: 10
data_preparation: 31.150386810302734
writing: 2.090388298034668
reading: 0.4998288154602051
data_fitting: 118.99036145210266
flux_point: 19.140846252441406
