n_obs: 10
data_preparation: 30.34681510925293
writing: 2.0711450576782227
reading: 0.49428772926330566
data_fitting: 113.51414084434509
flux_point: 18.810139894485474
