n_obs: 10
data_preparation: 74.26953291893005
writing: 2.596487283706665
reading: 0.19420123100280762
data_fitting: 163.8532600402832
flux_point: 32.371763467788696
