n_obs: 10
data_preparation: 76.35617423057556
writing: 2.5871951580047607
reading: 0.1938173770904541
data_fitting: 160.55945944786072
flux_point: 31.567752361297607
