n_obs: 10
data_preparation: 39.4109582901001
writing: 2.4893453121185303
reading: 2.97623610496521
data_fitting: 121.25482821464539
flux_point: 40.43896150588989
