n_obs: 10
data_preparation: 96.79266309738159
writing: 3.4319241046905518
reading: 0.2994661331176758
data_fitting: 576.5647296905518
flux_point: 49.309972286224365
