n_obs: 10
data_preparation: 122.5242772102356
writing: 3.8874709606170654
reading: 0.29701900482177734
data_fitting: 241.94739508628845
flux_point: 44.93504285812378
