n_obs: 10
data_preparation: 28.697136640548706
writing: 2.094172477722168
reading: 0.5104031562805176
data_fitting: 120.96845483779907
flux_point: 17.971250772476196
