n_obs: 10
data_preparation: 118.4020128250122
writing: 3.5696558952331543
reading: 0.22561049461364746
data_fitting: 576.878543138504
flux_point: 54.5054497718811
