n_obs: 10
data_preparation: 27.605229139328003
writing: 1.5172812938690186
reading: 0.47139692306518555
data_fitting: 104.69268751144409
flux_point: 17.26339840888977
