n_obs: 10
data_preparation: 28.912386894226074
writing: 2.3439855575561523
reading: 0.4982285499572754
data_fitting: 117.44935917854309
flux_point: 18.056827545166016
