n_obs: 10
data_preparation: 37.8788959980011
writing: 1.8847792148590088
reading: 2.7145955562591553
data_fitting: 157.33499717712402
flux_point: 34.977794885635376
