n_obs: 10
data_preparation: 96.81712889671326
writing: 3.2930240631103516
reading: 0.21828889846801758
data_fitting: 206.0778844356537
flux_point: 40.79448413848877
