n_obs: 10
data_preparation: 30.78432059288025
writing: 1.949378490447998
reading: 0.5329370498657227
data_fitting: 107.76502346992493
flux_point: 18.196605682373047
