n_obs: 10
data_preparation: 42.15171265602112
writing: 3.199230909347534
reading: 0.29682445526123047
data_fitting: 178.80827951431274
flux_point: 32.2162971496582
