n_obs: 10
data_preparation: 98.45991969108582
writing: 3.5906431674957275
reading: 0.29772353172302246
data_fitting: 493.2122540473938
flux_point: 47.97527027130127
