n_obs: 10
data_preparation: 30.44951295852661
writing: 2.334125280380249
reading: 0.49712038040161133
data_fitting: 132.58750939369202
flux_point: 19.013524770736694
