n_obs: 10
data_preparation: 64.3524878025055
writing: 2.8111073970794678
reading: 0.2107701301574707
data_fitting: 183.74132823944092
flux_point: 26.69620966911316
