n_obs: 10
data_preparation: 104.10972571372986
writing: 3.3062984943389893
reading: 0.2880282402038574
data_fitting: 471.19004940986633
flux_point: 49.3045756816864
