n_obs: 10
data_preparation: 87.08666968345642
writing: 2.687937021255493
reading: 0.20860719680786133
data_fitting: 189.71442222595215
flux_point: 36.268364667892456
