n_obs: 10
data_preparation: 90.51741313934326
writing: 3.195258378982544
reading: 0.21150517463684082
data_fitting: 196.37053680419922
flux_point: 39.003509283065796
