n_obs: 10
data_preparation: 31.204051733016968
writing: 2.309814691543579
reading: 0.1424424648284912
data_fitting: 103.7866644859314
flux_point: 12.422423601150513
