n_obs: 10
data_preparation: 97.88410186767578
writing: 2.940096616744995
reading: 0.22492694854736328
data_fitting: 208.0056540966034
flux_point: 40.653685569763184
