n_obs: 10
data_preparation: 31.516558408737183
writing: 2.144123077392578
reading: 0.5334088802337646
data_fitting: 114.71136832237244
flux_point: 18.77213716506958
