n_obs: 10
data_preparation: 93.56085395812988
writing: 2.7885544300079346
reading: 0.21948599815368652
data_fitting: 492.2250337600708
flux_point: 46.04297232627869
