n_obs: 10
data_preparation: 31.205185174942017
writing: 2.5394105911254883
reading: 0.16981053352355957
data_fitting: 108.60116648674011
flux_point: 12.629536151885986
