n_obs: 10
data_preparation: 38.58023810386658
writing: 1.9117319583892822
reading: 1.3980185985565186
data_fitting: 304.6361548900604
flux_point: 78.22201108932495
