n_obs: 10
data_preparation: 30.471308946609497
writing: 2.341900110244751
reading: 0.499408483505249
data_fitting: 133.2115786075592
flux_point: 19.58874750137329
