n_obs: 10
data_preparation: 28.214375972747803
writing: 1.6791458129882812
reading: 0.5844597816467285
data_fitting: 114.87163066864014
flux_point: 17.888929843902588
