n_obs: 10
data_preparation: 31.0452139377594
writing: 2.411292791366577
reading: 0.1441800594329834
data_fitting: 108.13560009002686
flux_point: 13.034514904022217
