n_obs: 10
data_preparation: 29.519317865371704
writing: 2.3411989212036133
reading: 0.5037872791290283
data_fitting: 119.95761919021606
flux_point: 17.830644130706787
