n_obs: 10
data_preparation: 26.573655366897583
writing: 1.5075058937072754
reading: 0.4565269947052002
data_fitting: 101.22275018692017
flux_point: 16.694356203079224
