n_obs: 10
data_preparation: 99.92512202262878
writing: 3.589515209197998
reading: 0.303009033203125
data_fitting: 566.7814900875092
flux_point: 47.96215033531189
