n_obs: 10
data_preparation: 31.088597774505615
writing: 2.3789145946502686
reading: 0.1401383876800537
data_fitting: 104.59302639961243
flux_point: 12.404646158218384
