n_obs: 10
data_preparation: 93.673593044281
writing: 3.1644651889801025
reading: 0.24667572975158691
data_fitting: 215.50387525558472
flux_point: 41.21908164024353
