n_obs: 10
data_preparation: 32.15368056297302
writing: 2.4536924362182617
reading: 0.15876507759094238
data_fitting: 109.89057874679565
flux_point: 13.55034852027893
