n_obs: 10
data_preparation: 41.59321641921997
writing: 2.4088287353515625
reading: 0.5046555995941162
data_fitting: 164.61806654930115
flux_point: 28.07543110847473
