n_obs: 10
data_preparation: 63.312803983688354
writing: 2.9077634811401367
reading: 0.21478843688964844
data_fitting: 185.8111970424652
flux_point: 26.501033306121826
