n_obs: 10
data_preparation: 96.16340613365173
writing: 2.610203266143799
reading: 0.1990666389465332
data_fitting: 212.62379050254822
flux_point: 41.29632377624512
