n_obs: 10
data_preparation: 29.936288595199585
writing: 2.3445544242858887
reading: 0.507274866104126
data_fitting: 127.19464755058289
flux_point: 18.416668176651
