n_obs: 10
data_preparation: 30.934162378311157
writing: 2.417012929916382
reading: 0.5391454696655273
data_fitting: 121.6644434928894
flux_point: 18.72869038581848
