n_obs: 10
data_preparation: 28.241422414779663
writing: 1.7661561965942383
reading: 0.6179492473602295
data_fitting: 117.20744514465332
flux_point: 18.187188386917114
