n_obs: 10
data_preparation: 22.90468454360962
writing: 1.8490424156188965
reading: 1.358048439025879
data_fitting: 224.06636309623718
flux_point: 55.87367630004883
