n_obs: 10
data_preparation: 31.820889234542847
writing: 2.480120897293091
reading: 0.5402517318725586
data_fitting: 123.57291388511658
flux_point: 20.11999273300171
