n_obs: 10
data_preparation: 78.59761381149292
writing: 2.5106730461120605
reading: 0.19823026657104492
data_fitting: 175.57280921936035
flux_point: 34.02920579910278
