n_obs: 10
data_preparation: 30.315027236938477
writing: 2.5529003143310547
reading: 0.16855478286743164
data_fitting: 108.5171844959259
flux_point: 15.479246854782104
