n_obs: 10
data_preparation: 76.8401050567627
writing: 3.5479443073272705
reading: 0.2809865474700928
data_fitting: 220.62337231636047
flux_point: 33.03589749336243
