n_obs: 10
data_preparation: 84.3777244091034
writing: 3.8435075283050537
reading: 0.2862277030944824
data_fitting: 237.01899361610413
flux_point: 33.02686882019043
