n_obs: 10
data_preparation: 33.776827335357666
writing: 2.4258840084075928
reading: 0.5003900527954102
data_fitting: 126.20937848091125
flux_point: 19.717540740966797
