n_obs: 10
data_preparation: 33.40458345413208
writing: 2.4458131790161133
reading: 0.5021018981933594
data_fitting: 123.16888546943665
flux_point: 19.522077083587646
