n_obs: 10
data_preparation: 28.879926681518555
writing: 2.31481671333313
reading: 0.49425816535949707
data_fitting: 120.6094799041748
flux_point: 18.13777446746826
