n_obs: 10
data_preparation: 27.533207654953003
writing: 1.612443208694458
reading: 0.5587847232818604
data_fitting: 107.99119830131531
flux_point: 17.372589588165283
