n_obs: 10
data_preparation: 30.678407430648804
writing: 2.3857131004333496
reading: 0.2757713794708252
data_fitting: 114.47294068336487
flux_point: 14.703260660171509
