n_obs: 10
data_preparation: 75.14828324317932
writing: 2.4789719581604004
reading: 0.19569802284240723
data_fitting: 170.85282278060913
flux_point: 32.72358512878418
