n_obs: 10
data_preparation: 37.286789655685425
writing: 2.099914073944092
reading: 2.7882344722747803
data_fitting: 147.8919072151184
flux_point: 35.27303385734558
