n_obs: 10
data_preparation: 30.013879537582397
writing: 2.3330576419830322
reading: 0.495316743850708
data_fitting: 130.41992473602295
flux_point: 18.6692316532135
