n_obs: 10
data_preparation: 101.20195126533508
writing: 3.3411178588867188
reading: 0.2846074104309082
data_fitting: 221.9673047065735
flux_point: 43.53614068031311
