n_obs: 10
data_preparation: 31.614957332611084
writing: 2.1645936965942383
reading: 0.5320091247558594
data_fitting: 112.30825161933899
flux_point: 19.312031269073486
