n_obs: 10
data_preparation: 30.888197898864746
writing: 2.1852498054504395
reading: 0.5169649124145508
data_fitting: 126.25924515724182
flux_point: 19.09178376197815
