n_obs: 10
data_preparation: 31.492120027542114
writing: 2.085386037826538
reading: 0.5722713470458984
data_fitting: 109.48373436927795
flux_point: 18.34275984764099
