n_obs: 10
data_preparation: 20.175681591033936
writing: 1.5872657299041748
reading: 1.2771294116973877
data_fitting: 195.84015941619873
flux_point: 48.46580696105957
