n_obs: 10
data_preparation: 31.458473920822144
writing: 2.061875343322754
reading: 0.5538825988769531
data_fitting: 112.32680535316467
flux_point: 18.277424812316895
