n_obs: 10
data_preparation: 29.887012243270874
writing: 2.313246726989746
reading: 0.49312424659729004
data_fitting: 126.70209646224976
flux_point: 19.413069486618042
