n_obs: 10
data_preparation: 31.321741104125977
writing: 2.5453433990478516
reading: 0.1821150779724121
data_fitting: 109.04656863212585
flux_point: 13.071871757507324
