n_obs: 10
data_preparation: 30.854795217514038
writing: 2.390903949737549
reading: 0.14412975311279297
data_fitting: 106.21709370613098
flux_point: 12.792036056518555
