n_obs: 10
data_preparation: 76.23457884788513
writing: 2.594482183456421
reading: 0.19370627403259277
data_fitting: 165.19029593467712
flux_point: 32.241987228393555
