n_obs: 10
data_preparation: 87.9832239151001
writing: 2.8566179275512695
reading: 0.19664859771728516
data_fitting: 198.48179841041565
flux_point: 37.71798920631409
