n_obs: 10
data_preparation: 26.002446174621582
writing: 2.2416861057281494
reading: 2.4492733478546143
data_fitting: 255.4065227508545
flux_point: 61.603352546691895
