n_obs: 10
data_preparation: 32.99673914909363
writing: 2.450929641723633
reading: 0.5081171989440918
data_fitting: 126.34103655815125
flux_point: 20.120367527008057
