n_obs: 10
data_preparation: 97.98827075958252
writing: 2.6510260105133057
reading: 0.19963812828063965
data_fitting: 217.9070770740509
flux_point: 42.92792057991028
