n_obs: 10
data_preparation: 38.934550046920776
writing: 1.9412860870361328
reading: 0.4653739929199219
data_fitting: 128.40235924720764
flux_point: 48.233542680740356
