n_obs: 10
data_preparation: 24.922040462493896
writing: 2.1040549278259277
reading: 1.622100591659546
data_fitting: 245.05019617080688
flux_point: 60.418339252471924
