n_obs: 10
data_preparation: 99.4019238948822
writing: 3.796099901199341
reading: 0.28826069831848145
data_fitting: 218.0698685646057
flux_point: 42.45107865333557
