n_obs: 10
data_preparation: 88.16266894340515
writing: 2.524446725845337
reading: 0.20261478424072266
data_fitting: 191.29208707809448
flux_point: 35.67739391326904
