n_obs: 10
data_preparation: 90.346116065979
writing: 3.505291223526001
reading: 0.21193742752075195
data_fitting: 187.93616008758545
flux_point: 37.403077125549316
