n_obs: 10
data_preparation: 97.15414619445801
writing: 3.362091302871704
reading: 0.24863481521606445
data_fitting: 218.821147441864
flux_point: 40.7203574180603
