n_obs: 10
data_preparation: 38.636112451553345
writing: 1.898007869720459
reading: 0.45185399055480957
data_fitting: 135.09841465950012
flux_point: 25.825518369674683
