n_obs: 10
data_preparation: 29.84761667251587
writing: 2.0695486068725586
reading: 0.5719411373138428
data_fitting: 108.78825259208679
flux_point: 17.773800134658813
