n_obs: 10
data_preparation: 31.129644632339478
writing: 2.141043186187744
reading: 0.5254876613616943
data_fitting: 116.12592482566833
flux_point: 18.7457594871521
