n_obs: 10
data_preparation: 29.934686422348022
writing: 2.371856451034546
reading: 0.503645658493042
data_fitting: 121.42102122306824
flux_point: 18.757983446121216
