n_obs: 10
data_preparation: 31.77893567085266
writing: 2.0894973278045654
reading: 0.5642852783203125
data_fitting: 111.7029402256012
flux_point: 18.27178716659546
