n_obs: 10
data_preparation: 30.097216606140137
writing: 2.071652889251709
reading: 0.578700065612793
data_fitting: 112.80539441108704
flux_point: 17.955118417739868
