n_obs: 10
data_preparation: 83.9625608921051
writing: 2.525027275085449
reading: 0.19887089729309082
data_fitting: 193.49657130241394
flux_point: 35.93526101112366
