n_obs: 10
data_preparation: 31.735465049743652
writing: 2.080226421356201
reading: 0.5533008575439453
data_fitting: 114.74284291267395
flux_point: 18.3144314289093
