n_obs: 10
data_preparation: 99.37610840797424
writing: 2.8686869144439697
reading: 0.19661784172058105
data_fitting: 207.6081418991089
flux_point: 39.97091555595398
