n_obs: 10
data_preparation: 31.19450092315674
writing: 1.9382226467132568
reading: 0.5237751007080078
data_fitting: 107.27988791465759
flux_point: 18.139982223510742
