n_obs: 10
data_preparation: 33.82300877571106
writing: 2.1582083702087402
reading: 0.5590469837188721
data_fitting: 114.46109819412231
flux_point: 19.231414079666138
