n_obs: 10
data_preparation: 30.86237621307373
writing: 2.174562692642212
reading: 0.5200629234313965
data_fitting: 115.39502716064453
flux_point: 18.540983200073242
