n_obs: 10
data_preparation: 91.11953592300415
writing: 2.864593744277954
reading: 0.22803092002868652
data_fitting: 479.2885117530823
flux_point: 45.368744134902954
