n_obs: 10
data_preparation: 32.08552575111389
writing: 2.4048702716827393
reading: 0.5071656703948975
data_fitting: 124.44490575790405
flux_point: 19.66839575767517
