n_obs: 10
data_preparation: 36.652406215667725
writing: 1.7643978595733643
reading: 1.3785371780395508
data_fitting: 112.20020532608032
flux_point: 21.385056018829346
