n_obs: 10
data_preparation: 94.18546390533447
writing: 3.0394678115844727
reading: 0.2483367919921875
data_fitting: 507.26039600372314
flux_point: 47.7315559387207
