n_obs: 10
data_preparation: 31.39097499847412
writing: 1.9630589485168457
reading: 0.5213191509246826
data_fitting: 106.44566917419434
flux_point: 18.195613622665405
