n_obs: 10
data_preparation: 96.23151707649231
writing: 3.323915481567383
reading: 0.21628332138061523
data_fitting: 203.77700114250183
flux_point: 40.53240203857422
