n_obs: 10
data_preparation: 35.7246036529541
writing: 2.4576659202575684
reading: 0.1452491283416748
data_fitting: 116.44151735305786
flux_point: 13.632627487182617
