n_obs: 10
data_preparation: 28.026462078094482
writing: 1.652503252029419
reading: 0.5486280918121338
data_fitting: 123.70660185813904
flux_point: 17.30348253250122
