n_obs: 10
data_preparation: 30.96678638458252
writing: 1.9698457717895508
reading: 0.5388157367706299
data_fitting: 106.69576740264893
flux_point: 18.23198366165161
