n_obs: 10
data_preparation: 30.757314682006836
writing: 2.087584972381592
reading: 0.5480191707611084
data_fitting: 109.7824010848999
flux_point: 17.91529107093811
