n_obs: 10
data_preparation: 31.326776266098022
writing: 2.6279916763305664
reading: 0.17530369758605957
data_fitting: 110.74013590812683
flux_point: 16.36758255958557
