n_obs: 10
data_preparation: 30.601481914520264
writing: 2.5480711460113525
reading: 0.1686253547668457
data_fitting: 107.82918691635132
flux_point: 15.71457815170288
