n_obs: 10
data_preparation: 97.73537540435791
writing: 2.8627238273620605
reading: 0.22716689109802246
data_fitting: 221.9397041797638
flux_point: 41.571526527404785
