n_obs: 10
data_preparation: 31.241776943206787
writing: 2.0885345935821533
reading: 0.5545105934143066
data_fitting: 108.58813571929932
flux_point: 18.083940505981445
