n_obs: 10
data_preparation: 29.99811053276062
writing: 2.3106307983398438
reading: 0.49137115478515625
data_fitting: 129.98755145072937
flux_point: 19.384063959121704
