n_obs: 10
data_preparation: 30.233197450637817
writing: 2.511610984802246
reading: 0.17560648918151855
data_fitting: 108.0495331287384
flux_point: 12.593711376190186
