n_obs: 10
data_preparation: 26.704793691635132
writing: 1.4951858520507812
reading: 0.4569382667541504
data_fitting: 102.3432469367981
flux_point: 16.781514406204224
