n_obs: 10
data_preparation: 29.560179710388184
writing: 2.3194820880889893
reading: 0.4993267059326172
data_fitting: 121.50237703323364
flux_point: 17.819828271865845
