n_obs: 10
data_preparation: 41.271315813064575
writing: 3.2174417972564697
reading: 0.29575347900390625
data_fitting: 182.21787476539612
flux_point: 69.65640950202942
