n_obs: 10
data_preparation: 30.899256467819214
writing: 2.116231918334961
reading: 0.49947571754455566
data_fitting: 112.67747092247009
flux_point: 18.671957969665527
