n_obs: 10
data_preparation: 33.24343943595886
writing: 2.530195474624634
reading: 0.23419928550720215
data_fitting: 141.52798914909363
flux_point: 27.240440607070923
