n_obs: 10
data_preparation: 30.00325655937195
writing: 2.312288522720337
reading: 0.500098466873169
data_fitting: 129.47454810142517
flux_point: 18.568538188934326
