n_obs: 10
data_preparation: 27.39954137802124
writing: 1.857881784439087
reading: 0.5417025089263916
data_fitting: 115.8577516078949
flux_point: 17.154951572418213
