n_obs: 10
data_preparation: 31.193419694900513
writing: 3.028695821762085
reading: 0.533344030380249
data_fitting: 110.22186613082886
flux_point: 18.202321529388428
