n_obs: 10
data_preparation: 77.15529489517212
writing: 2.71091890335083
reading: 0.21127653121948242
data_fitting: 163.71216082572937
flux_point: 31.96548056602478
