n_obs: 10
data_preparation: 95.49532151222229
writing: 2.6411662101745605
reading: 0.19801950454711914
data_fitting: 197.71320343017578
flux_point: 41.77697157859802
