n_obs: 10
data_preparation: 31.55391836166382
writing: 2.1911094188690186
reading: 0.5489583015441895
data_fitting: 116.39095282554626
flux_point: 18.10219407081604
