n_obs: 10
data_preparation: 32.403120279312134
writing: 2.098801612854004
reading: 0.580298900604248
data_fitting: 111.12947869300842
flux_point: 18.039663553237915
