n_obs: 10
data_preparation: 31.563613891601562
writing: 2.091912269592285
reading: 0.5628879070281982
data_fitting: 110.71088719367981
flux_point: 18.19940185546875
