n_obs: 10
data_preparation: 111.45769786834717
writing: 3.42233943939209
reading: 0.29302072525024414
data_fitting: 217.10601353645325
flux_point: 44.26620578765869
