n_obs: 10
data_preparation: 43.30664682388306
writing: 1.769547462463379
reading: 0.5140748023986816
data_fitting: 186.26395630836487
flux_point: 21.065674781799316
