n_obs: 10
data_preparation: 78.04499673843384
writing: 2.5252530574798584
reading: 0.1970219612121582
data_fitting: 173.3297917842865
flux_point: 33.05076813697815
