n_obs: 10
data_preparation: 32.28954339027405
writing: 2.328153371810913
reading: 0.2023308277130127
data_fitting: 137.4088270664215
flux_point: 53.069146156311035
