n_obs: 10
data_preparation: 97.6209659576416
writing: 2.9664788246154785
reading: 0.20285987854003906
data_fitting: 215.85718727111816
flux_point: 42.33960676193237
