n_obs: 10
data_preparation: 119.39200568199158
writing: 3.8775370121002197
reading: 0.3121500015258789
data_fitting: 570.9000470638275
flux_point: 56.685566902160645
