n_obs: 10
data_preparation: 90.89219093322754
writing: 2.660973072052002
reading: 0.1967334747314453
data_fitting: 189.1417853832245
flux_point: 37.85686373710632
