n_obs: 10
data_preparation: 90.55069255828857
writing: 2.7669005393981934
reading: 0.21449828147888184
data_fitting: 196.06321120262146
flux_point: 37.04782271385193
