n_obs: 10
data_preparation: 30.952396154403687
writing: 2.0324130058288574
reading: 0.5456464290618896
data_fitting: 108.76220917701721
flux_point: 17.537346601486206
