n_obs: 10
data_preparation: 30.49237871170044
writing: 2.5475480556488037
reading: 0.17191362380981445
data_fitting: 107.65968370437622
flux_point: 14.949652194976807
