n_obs: 10
data_preparation: 53.60763669013977
writing: 2.6249892711639404
reading: 0.20616674423217773
data_fitting: 177.56849479675293
flux_point: 23.986894369125366
