n_obs: 10
data_preparation: 35.22122120857239
writing: 2.627694606781006
reading: 0.23776006698608398
data_fitting: 183.08020782470703
flux_point: 27.55423665046692
