n_obs: 10
data_preparation: 30.28371238708496
writing: 2.5721020698547363
reading: 0.16791486740112305
data_fitting: 107.07324147224426
flux_point: 15.48665714263916
