n_obs: 10
data_preparation: 31.900983095169067
writing: 2.661088705062866
reading: 0.1813342571258545
data_fitting: 112.98444485664368
flux_point: 15.933176040649414
