n_obs: 10
data_preparation: 95.56439757347107
writing: 2.8409130573272705
reading: 0.18978404998779297
data_fitting: 194.8690311908722
flux_point: 39.504141092300415
