n_obs: 10
data_preparation: 30.443076133728027
writing: 2.401526689529419
reading: 0.514324426651001
data_fitting: 133.1161403656006
flux_point: 19.656270503997803
