n_obs: 10
data_preparation: 30.373844861984253
writing: 2.115203619003296
reading: 0.4909524917602539
data_fitting: 112.37424373626709
flux_point: 18.767447471618652
