n_obs: 10
data_preparation: 84.09481477737427
writing: 3.8811073303222656
reading: 0.3144228458404541
data_fitting: 246.41573429107666
flux_point: 39.139254570007324
