n_obs: 10
data_preparation: 30.123304843902588
writing: 2.467790365219116
reading: 0.16686105728149414
data_fitting: 105.32159519195557
flux_point: 12.512664794921875
