n_obs: 10
data_preparation: 73.28623342514038
writing: 2.480081558227539
reading: 0.19135427474975586
data_fitting: 159.585373878479
flux_point: 31.86655282974243
