n_obs: 10
data_preparation: 98.62160682678223
writing: 3.3268232345581055
reading: 0.2682037353515625
data_fitting: 222.20455193519592
flux_point: 43.5904860496521
