n_obs: 10
data_preparation: 40.32310509681702
writing: 2.3598554134368896
reading: 3.218160629272461
data_fitting: 159.85154104232788
flux_point: 40.88506770133972
