n_obs: 10
data_preparation: 31.562017917633057
writing: 2.5245165824890137
reading: 0.18134236335754395
data_fitting: 109.94548463821411
flux_point: 13.166051864624023
