n_obs: 10
data_preparation: 39.908573389053345
writing: 2.9752724170684814
reading: 0.28712010383605957
data_fitting: 216.2176158428192
flux_point: 32.67435693740845
