n_obs: 10
data_preparation: 45.28209471702576
writing: 1.7983994483947754
reading: 0.5205216407775879
data_fitting: 117.98887848854065
flux_point: 20.66705322265625
