n_obs: 10
data_preparation: 74.01628589630127
writing: 2.549912691116333
reading: 0.1922595500946045
data_fitting: 157.6667137145996
flux_point: 30.85817050933838
