n_obs: 10
data_preparation: 88.91490292549133
writing: 2.610095977783203
reading: 0.19519495964050293
data_fitting: 183.05302238464355
flux_point: 36.98216700553894
