n_obs: 10
data_preparation: 100.03699922561646
writing: 2.8036301136016846
reading: 0.21025681495666504
data_fitting: 191.2656786441803
flux_point: 77.0134768486023
