n_obs: 10
data_preparation: 28.426021099090576
writing: 1.6746015548706055
reading: 0.5606241226196289
data_fitting: 127.29436159133911
flux_point: 17.30130958557129
