n_obs: 10
data_preparation: 88.03889465332031
writing: 2.4831221103668213
reading: 0.19441866874694824
data_fitting: 190.74721360206604
flux_point: 35.7323157787323
