n_obs: 10
data_preparation: 98.1694986820221
writing: 2.989149570465088
reading: 0.24295687675476074
data_fitting: 197.55350422859192
flux_point: 41.685537338256836
