n_obs: 10
data_preparation: 74.08799457550049
writing: 2.4541540145874023
reading: 0.19501900672912598
data_fitting: 163.84736371040344
flux_point: 31.551660299301147
