n_obs: 10
data_preparation: 30.898921966552734
writing: 2.118154764175415
reading: 0.5116651058197021
data_fitting: 112.72462868690491
flux_point: 17.945177793502808
