n_obs: 10
data_preparation: 30.508764028549194
writing: 2.089615821838379
reading: 0.49014973640441895
data_fitting: 113.63587260246277
flux_point: 18.806374549865723
