n_obs: 10
data_preparation: 30.395739316940308
writing: 2.5133821964263916
reading: 0.17775201797485352
data_fitting: 105.29337573051453
flux_point: 12.491485357284546
