n_obs: 10
data_preparation: 85.04856848716736
writing: 2.5153939723968506
reading: 0.19363832473754883
data_fitting: 188.8045437335968
flux_point: 35.307801485061646
