n_obs: 10
data_preparation: 31.276655673980713
writing: 2.624040126800537
reading: 0.1753530502319336
data_fitting: 111.08113193511963
flux_point: 15.426664590835571
