n_obs: 10
data_preparation: 45.87320852279663
writing: 2.9166059494018555
reading: 0.6573834419250488
data_fitting: 180.08228182792664
flux_point: 33.121493339538574
