n_obs: 10
data_preparation: 75.06255984306335
writing: 2.4845542907714844
reading: 0.19498991966247559
data_fitting: 167.26044511795044
flux_point: 31.71525812149048
