n_obs: 10
data_preparation: 70.9751489162445
writing: 3.064915418624878
reading: 0.24519872665405273
data_fitting: 210.04988026618958
flux_point: 29.976905345916748
