n_obs: 10
data_preparation: 35.3858482837677
writing: 2.633936643600464
reading: 0.2534489631652832
data_fitting: 129.9087209701538
flux_point: 26.21296262741089
