n_obs: 10
data_preparation: 31.271852016448975
writing: 2.054624080657959
reading: 0.5460708141326904
data_fitting: 104.26450753211975
flux_point: 17.03159523010254
