n_obs: 10
data_preparation: 114.93336129188538
writing: 3.53904390335083
reading: 0.3133430480957031
data_fitting: 572.3381810188293
flux_point: 56.954073905944824
