n_obs: 10
data_preparation: 93.85269331932068
writing: 3.184811592102051
reading: 0.2385549545288086
data_fitting: 480.47425651550293
flux_point: 44.49208927154541
