n_obs: 10
data_preparation: 94.8626811504364
writing: 3.8589043617248535
reading: 0.2730116844177246
data_fitting: 217.16541743278503
flux_point: 40.280893087387085
