n_obs: 10
data_preparation: 31.342500925064087
writing: 2.1271164417266846
reading: 0.5216915607452393
data_fitting: 107.87054824829102
flux_point: 18.285847187042236
