n_obs: 10
data_preparation: 99.59724545478821
writing: 2.9859585762023926
reading: 0.23467326164245605
data_fitting: 214.5434365272522
flux_point: 44.412601947784424
