n_obs: 10
data_preparation: 41.61629867553711
writing: 2.7111427783966064
reading: 0.5801894664764404
data_fitting: 144.5197331905365
flux_point: 31.223102569580078
