n_obs: 10
data_preparation: 27.309216737747192
writing: 1.595432996749878
reading: 0.5394697189331055
data_fitting: 104.25868678092957
flux_point: 17.07515287399292
