n_obs: 10
data_preparation: 32.132312297821045
writing: 1.957279920578003
reading: 0.5307631492614746
data_fitting: 107.70864653587341
flux_point: 18.719083070755005
