n_obs: 10
data_preparation: 94.80485343933105
writing: 3.4863405227661133
reading: 0.2505662441253662
data_fitting: 212.638365983963
flux_point: 40.4347984790802
