n_obs: 10
data_preparation: 29.051380157470703
writing: 2.3389458656311035
reading: 0.5068871974945068
data_fitting: 120.40598940849304
flux_point: 17.893481254577637
