n_obs: 10
data_preparation: 94.91077709197998
writing: 2.9811770915985107
reading: 0.24694037437438965
data_fitting: 492.86908745765686
flux_point: 45.508015394210815
