n_obs: 10
data_preparation: 90.6844277381897
writing: 2.6445465087890625
reading: 0.19842910766601562
data_fitting: 186.6026029586792
flux_point: 37.59841513633728
