n_obs: 10
data_preparation: 74.96036982536316
writing: 2.4725539684295654
reading: 0.19681787490844727
data_fitting: 168.66835689544678
flux_point: 31.779350519180298
