n_obs: 10
data_preparation: 80.06708836555481
writing: 3.9443583488464355
reading: 0.2706115245819092
data_fitting: 237.60886764526367
flux_point: 35.73762822151184
