n_obs: 10
data_preparation: 128.06316685676575
writing: 3.962404251098633
reading: 0.3199920654296875
data_fitting: 270.4322519302368
flux_point: 54.362205505371094
