n_obs: 10
data_preparation: 74.99909043312073
writing: 2.580634593963623
reading: 0.19419550895690918
data_fitting: 159.6768913269043
flux_point: 29.24662184715271
