n_obs: 10
data_preparation: 30.184939861297607
writing: 2.5830745697021484
reading: 0.17042040824890137
data_fitting: 106.97570729255676
flux_point: 15.373141527175903
