n_obs: 10
data_preparation: 35.669804096221924
writing: 2.5423638820648193
reading: 0.27066707611083984
data_fitting: 181.0113468170166
flux_point: 62.59070873260498
