n_obs: 10
data_preparation: 30.90150022506714
writing: 3.0327847003936768
reading: 0.5333058834075928
data_fitting: 108.7401876449585
flux_point: 18.092971801757812
