n_obs: 10
data_preparation: 30.596457719802856
writing: 2.1057496070861816
reading: 0.5204882621765137
data_fitting: 106.06413960456848
flux_point: 17.983237266540527
