n_obs: 10
data_preparation: 29.326677560806274
writing: 2.3409276008605957
reading: 0.5104970932006836
data_fitting: 123.18993973731995
flux_point: 19.327528953552246
