n_obs: 10
data_preparation: 38.88571000099182
writing: 2.110614061355591
reading: 0.578528881072998
data_fitting: 124.31177234649658
flux_point: 27.233310222625732
