n_obs: 10
data_preparation: 37.233463764190674
writing: 1.879887580871582
reading: 1.3452668190002441
data_fitting: 283.7582347393036
flux_point: 72.72234654426575
