n_obs: 10
data_preparation: 34.74486589431763
writing: 1.7413439750671387
reading: 0.3995058536529541
data_fitting: 123.32926869392395
flux_point: 23.49562096595764
