n_obs: 10
data_preparation: 34.132038593292236
writing: 2.5958375930786133
reading: 0.2452986240386963
data_fitting: 149.4148588180542
flux_point: 54.978447675704956
