n_obs: 10
data_preparation: 86.72071313858032
writing: 2.681790828704834
reading: 0.20787692070007324
data_fitting: 192.38062238693237
flux_point: 38.97258710861206
