n_obs: 10
data_preparation: 29.732898473739624
writing: 2.575944185256958
reading: 0.1695089340209961
data_fitting: 106.98312544822693
flux_point: 15.343367576599121
