n_obs: 10
data_preparation: 24.37580108642578
writing: 1.997675895690918
reading: 1.575737714767456
data_fitting: 242.0232744216919
flux_point: 59.36524820327759
