n_obs: 10
data_preparation: 56.264484882354736
writing: 2.6236088275909424
reading: 0.20620036125183105
data_fitting: 167.5693302154541
flux_point: 24.987407445907593
