n_obs: 10
data_preparation: 30.72262167930603
writing: 2.9978880882263184
reading: 0.5265970230102539
data_fitting: 109.00308418273926
flux_point: 17.958415746688843
