n_obs: 10
data_preparation: 86.18237590789795
writing: 2.7767326831817627
reading: 0.20796513557434082
data_fitting: 201.8840982913971
flux_point: 40.8305447101593
