n_obs: 10
data_preparation: 30.639223337173462
writing: 2.4898977279663086
reading: 0.17463397979736328
data_fitting: 106.07320594787598
flux_point: 12.696651458740234
