n_obs: 10
data_preparation: 87.8366186618805
writing: 2.5449299812316895
reading: 0.18865513801574707
data_fitting: 185.0426845550537
flux_point: 37.227447509765625
