n_obs: 10
data_preparation: 31.809558629989624
writing: 2.0532875061035156
reading: 0.5523383617401123
data_fitting: 108.03105926513672
flux_point: 18.31373381614685
