n_obs: 10
data_preparation: 107.62469339370728
writing: 3.4048759937286377
reading: 0.2842447757720947
data_fitting: 506.0715117454529
flux_point: 50.536882162094116
