n_obs: 10
data_preparation: 44.81764364242554
writing: 2.8110275268554688
reading: 0.6312747001647949
data_fitting: 151.25154042243958
flux_point: 32.900352001190186
