n_obs: 10
data_preparation: 27.907941102981567
writing: 1.547523021697998
reading: 0.4687967300415039
data_fitting: 119.09240078926086
flux_point: 17.663328647613525
