n_obs: 10
data_preparation: 29.371142387390137
writing: 2.3376646041870117
reading: 0.5036065578460693
data_fitting: 121.66428661346436
flux_point: 17.786806106567383
