n_obs: 10
data_preparation: 102.24590373039246
writing: 3.0956485271453857
reading: 0.2641787528991699
data_fitting: 209.2725749015808
flux_point: 40.03371572494507
