n_obs: 10
data_preparation: 30.863239288330078
writing: 2.145386219024658
reading: 0.5244145393371582
data_fitting: 109.46969771385193
flux_point: 18.428528547286987
