n_obs: 10
data_preparation: 93.78340291976929
writing: 3.8323216438293457
reading: 0.24544024467468262
data_fitting: 213.06560945510864
flux_point: 41.342817544937134
