n_obs: 10
data_preparation: 31.378288507461548
writing: 2.3939290046691895
reading: 0.15414810180664062
data_fitting: 107.02933764457703
flux_point: 12.78966736793518
