n_obs: 10
data_preparation: 101.49449348449707
writing: 3.0405561923980713
reading: 0.2210690975189209
data_fitting: 211.8698742389679
flux_point: 38.57810711860657
