n_obs: 10
data_preparation: 92.87814211845398
writing: 3.2532169818878174
reading: 0.24528861045837402
data_fitting: 221.00554537773132
flux_point: 39.69680142402649
