n_obs: 10
data_preparation: 31.158412218093872
writing: 2.333599328994751
reading: 0.14597368240356445
data_fitting: 105.02010583877563
flux_point: 12.577731132507324
