n_obs: 10
data_preparation: 35.01978778839111
writing: 1.7049503326416016
reading: 0.49233078956604004
data_fitting: 108.68242502212524
flux_point: 23.10551142692566
