n_obs: 10
data_preparation: 39.14321446418762
writing: 2.52135968208313
reading: 0.5506448745727539
data_fitting: 162.08310890197754
flux_point: 24.093631982803345
