n_obs: 10
data_preparation: 96.89631843566895
writing: 2.6872127056121826
reading: 0.19745659828186035
data_fitting: 206.64061951637268
flux_point: 39.86214590072632
