n_obs: 10
data_preparation: 31.130183458328247
writing: 2.1548027992248535
reading: 0.5264947414398193
data_fitting: 111.74075031280518
flux_point: 18.607173442840576
