n_obs: 10
data_preparation: 62.68956923484802
writing: 2.7388978004455566
reading: 0.21210479736328125
data_fitting: 184.07820916175842
flux_point: 26.67438507080078
