n_obs: 10
data_preparation: 33.59722828865051
writing: 2.378622531890869
reading: 0.2389068603515625
data_fitting: 151.20332288742065
flux_point: 41.965944051742554
