n_obs: 10
data_preparation: 40.459033250808716
writing: 1.983747959136963
reading: 1.5412850379943848
data_fitting: 145.11088228225708
flux_point: 46.8621928691864
