n_obs: 10
data_preparation: 97.4909119606018
writing: 3.302934408187866
reading: 0.21506047248840332
data_fitting: 207.46862316131592
flux_point: 39.435466289520264
