n_obs: 10
data_preparation: 53.714340686798096
writing: 2.6165695190429688
reading: 0.20373082160949707
data_fitting: 201.7381408214569
flux_point: 23.395888805389404
