n_obs: 10
data_preparation: 31.557697057724
writing: 2.088365316390991
reading: 0.5683937072753906
data_fitting: 109.67656087875366
flux_point: 18.18106698989868
