n_obs: 10
data_preparation: 38.086626291275024
writing: 2.038475275039673
reading: 1.4285578727722168
data_fitting: 292.51522636413574
flux_point: 79.27461218833923
