n_obs: 10
data_preparation: 36.75900316238403
writing: 3.117222547531128
reading: 0.29021310806274414
data_fitting: 174.8606948852539
flux_point: 31.41461944580078
