n_obs: 10
data_preparation: 102.29905700683594
writing: 3.0135796070098877
reading: 0.2444324493408203
data_fitting: 239.51798558235168
flux_point: 45.72083520889282
