n_obs: 10
data_preparation: 30.60823392868042
writing: 2.121725082397461
reading: 0.49164581298828125
data_fitting: 112.15823698043823
flux_point: 18.779304027557373
