n_obs: 10
data_preparation: 29.588746070861816
writing: 2.0776498317718506
reading: 0.49045443534851074
data_fitting: 109.22771692276001
flux_point: 18.540438890457153
