n_obs: 10
data_preparation: 98.82275485992432
writing: 2.984834909439087
reading: 0.22502970695495605
data_fitting: 202.83291482925415
flux_point: 40.40878248214722
