n_obs: 10
data_preparation: 30.693474531173706
writing: 2.0391223430633545
reading: 0.5488038063049316
data_fitting: 108.30939269065857
flux_point: 17.603490829467773
