n_obs: 10
data_preparation: 30.55509853363037
writing: 1.7939515113830566
reading: 0.6112580299377441
data_fitting: 133.70211172103882
flux_point: 19.52599048614502
