n_obs: 10
data_preparation: 24.715233087539673
writing: 2.111682891845703
reading: 1.5351982116699219
data_fitting: 266.5385797023773
flux_point: 65.39267873764038
