n_obs: 10
data_preparation: 88.48844480514526
writing: 2.540989398956299
reading: 0.20050764083862305
data_fitting: 200.32152271270752
flux_point: 38.78785967826843
