n_obs: 10
data_preparation: 41.73219609260559
writing: 1.6952786445617676
reading: 0.504835844039917
data_fitting: 158.56491088867188
flux_point: 19.295743942260742
