n_obs: 10
data_preparation: 39.906718730926514
writing: 3.2785441875457764
reading: 0.2986583709716797
data_fitting: 170.9650433063507
flux_point: 31.504872798919678
