n_obs: 10
data_preparation: 32.36810088157654
writing: 2.0796566009521484
reading: 0.5753476619720459
data_fitting: 114.36101913452148
flux_point: 18.558399438858032
