n_obs: 10
data_preparation: 20.802951335906982
writing: 1.6107170581817627
reading: 1.082211971282959
data_fitting: 204.834233045578
flux_point: 49.4331214427948
