n_obs: 10
data_preparation: 95.83082318305969
writing: 2.6199252605438232
reading: 0.19392633438110352
data_fitting: 199.73946142196655
flux_point: 41.103652477264404
