n_obs: 10
data_preparation: 33.028221130371094
writing: 1.6101009845733643
reading: 1.161095380783081
data_fitting: 113.83619976043701
flux_point: 37.65439796447754
