n_obs: 10
data_preparation: 30.382246017456055
writing: 2.3394196033477783
reading: 0.20430588722229004
data_fitting: 129.24358487129211
flux_point: 48.804465770721436
