n_obs: 10
data_preparation: 31.2459614276886
writing: 2.3867151737213135
reading: 0.5024166107177734
data_fitting: 122.93736100196838
flux_point: 19.28698492050171
