n_obs: 10
data_preparation: 89.87851214408875
writing: 2.657691240310669
reading: 0.20531964302062988
data_fitting: 191.72713255882263
flux_point: 35.66168713569641
