n_obs: 10
data_preparation: 25.61618185043335
writing: 2.036039113998413
reading: 1.4987399578094482
data_fitting: 258.03554677963257
flux_point: 61.43097639083862
