n_obs: 10
data_preparation: 30.747727870941162
writing: 2.502711772918701
reading: 0.1805095672607422
data_fitting: 108.49468779563904
flux_point: 12.75608491897583
