n_obs: 10
data_preparation: 36.42211723327637
writing: 1.858125925064087
reading: 1.350083589553833
data_fitting: 234.43446397781372
flux_point: 60.63230037689209
