n_obs: 10
data_preparation: 71.09360146522522
writing: 3.013826608657837
reading: 0.21770620346069336
data_fitting: 219.46962308883667
flux_point: 29.703172206878662
