n_obs: 10
data_preparation: 97.78286242485046
writing: 3.0459797382354736
reading: 0.2307264804840088
data_fitting: 210.7317590713501
flux_point: 37.403043031692505
