n_obs: 10
data_preparation: 32.93028950691223
writing: 2.155839204788208
reading: 0.5971775054931641
data_fitting: 116.7946298122406
flux_point: 19.34170389175415
