n_obs: 10
data_preparation: 73.76940679550171
writing: 2.7167201042175293
reading: 0.19306039810180664
data_fitting: 167.8377275466919
flux_point: 32.081496238708496
