n_obs: 10
data_preparation: 32.6464786529541
writing: 1.6820778846740723
reading: 0.42132139205932617
data_fitting: 96.87940645217896
flux_point: 25.900252103805542
