n_obs: 10
data_preparation: 30.395437479019165
writing: 2.380948305130005
reading: 0.5095019340515137
data_fitting: 132.11205673217773
flux_point: 18.88139772415161
