n_obs: 10
data_preparation: 94.13143253326416
writing: 2.579420804977417
reading: 0.19382786750793457
data_fitting: 203.8147189617157
flux_point: 40.632871866226196
