n_obs: 10
data_preparation: 30.52600932121277
writing: 2.0310275554656982
reading: 0.5479981899261475
data_fitting: 107.74937915802002
flux_point: 17.564359664916992
