n_obs: 10
data_preparation: 96.18274307250977
writing: 2.7754600048065186
reading: 0.21576905250549316
data_fitting: 501.09290289878845
flux_point: 47.20620512962341
