n_obs: 10
data_preparation: 98.71648144721985
writing: 2.7541675567626953
reading: 0.19986820220947266
data_fitting: 208.45334196090698
flux_point: 44.45189356803894
