n_obs: 10
data_preparation: 103.28937721252441
writing: 3.650590181350708
reading: 0.32297277450561523
data_fitting: 229.55339336395264
flux_point: 44.64024543762207
