n_obs: 10
data_preparation: 94.10765171051025
writing: 2.9899537563323975
reading: 0.2465813159942627
data_fitting: 495.3333749771118
flux_point: 46.25132441520691
