n_obs: 10
data_preparation: 92.79124593734741
writing: 2.88108229637146
reading: 0.21825170516967773
data_fitting: 632.3812272548676
flux_point: 46.87809109687805
