n_obs: 10
data_preparation: 72.58685183525085
writing: 2.470656394958496
reading: 0.19130563735961914
data_fitting: 158.95791578292847
flux_point: 31.594662189483643
