n_obs: 10
data_preparation: 31.285826444625854
writing: 2.5387628078460693
reading: 0.17658424377441406
data_fitting: 108.9816346168518
flux_point: 13.058449745178223
