n_obs: 10
data_preparation: 35.072187423706055
writing: 1.7192845344543457
reading: 1.213017225265503
data_fitting: 125.03133940696716
flux_point: 41.92684507369995
