n_obs: 10
data_preparation: 42.62090826034546
writing: 2.196286678314209
reading: 0.5282988548278809
data_fitting: 132.35402059555054
flux_point: 30.378782272338867
