n_obs: 10
data_preparation: 85.70891571044922
writing: 2.7910280227661133
reading: 0.21468615531921387
data_fitting: 184.50916957855225
flux_point: 35.68423628807068
