n_obs: 10
data_preparation: 95.63285160064697
writing: 3.207029104232788
reading: 0.24773573875427246
data_fitting: 330.2031285762787
flux_point: 48.75113773345947
