n_obs: 10
data_preparation: 99.22477078437805
writing: 2.6471781730651855
reading: 0.19635939598083496
data_fitting: 205.65154767036438
flux_point: 43.369473695755005
