n_obs: 10
data_preparation: 29.741153478622437
writing: 2.3629980087280273
reading: 0.4976663589477539
data_fitting: 120.56718301773071
flux_point: 18.051276922225952
