n_obs: 10
data_preparation: 74.49580645561218
writing: 2.5818803310394287
reading: 0.19114112854003906
data_fitting: 160.43174576759338
flux_point: 30.07699489593506
