n_obs: 10
data_preparation: 91.299485206604
writing: 2.6270670890808105
reading: 0.2118368148803711
data_fitting: 196.36633133888245
flux_point: 37.27145957946777
