n_obs: 10
data_preparation: 97.8933219909668
writing: 2.893993854522705
reading: 0.2320268154144287
data_fitting: 218.87397122383118
flux_point: 42.3890597820282
