n_obs: 10
data_preparation: 29.99980115890503
writing: 2.3196732997894287
reading: 0.500236988067627
data_fitting: 128.23987984657288
flux_point: 18.377422332763672
