n_obs: 10
data_preparation: 73.75378131866455
writing: 2.4605889320373535
reading: 0.19073939323425293
data_fitting: 158.24929547309875
flux_point: 32.13997745513916
