n_obs: 10
data_preparation: 31.083218574523926
writing: 2.0949409008026123
reading: 0.5667314529418945
data_fitting: 108.72809910774231
flux_point: 17.826822757720947
