n_obs: 10
data_preparation: 95.8443956375122
writing: 3.1198346614837646
reading: 0.25056910514831543
data_fitting: 469.32784700393677
flux_point: 43.70146632194519
