n_obs: 10
data_preparation: 91.92513394355774
writing: 3.403233289718628
reading: 0.23778653144836426
data_fitting: 211.92142415046692
flux_point: 38.41290593147278
