n_obs: 10
data_preparation: 30.195549964904785
writing: 2.35417103767395
reading: 0.5084962844848633
data_fitting: 131.3216450214386
flux_point: 19.573490619659424
