n_obs: 10
data_preparation: 29.46735453605652
writing: 2.367414712905884
reading: 0.49777722358703613
data_fitting: 120.08518481254578
flux_point: 18.438891410827637
