n_obs: 10
data_preparation: 92.2000675201416
writing: 2.970540761947632
reading: 0.23071813583374023
data_fitting: 207.74865198135376
flux_point: 38.247729539871216
