n_obs: 10
data_preparation: 58.152958154678345
writing: 2.706461191177368
reading: 0.21241259574890137
data_fitting: 172.09991645812988
flux_point: 25.919488430023193
