n_obs: 10
data_preparation: 89.23473286628723
writing: 2.7274129390716553
reading: 0.2140641212463379
data_fitting: 192.14040350914001
flux_point: 35.495081424713135
