n_obs: 10
data_preparation: 37.181493520736694
writing: 2.762892484664917
reading: 0.2451474666595459
data_fitting: 158.8904139995575
flux_point: 29.451407432556152
