n_obs: 10
data_preparation: 36.82214903831482
writing: 2.073186159133911
reading: 2.8651795387268066
data_fitting: 150.32092237472534
flux_point: 36.30198073387146
