n_obs: 10
data_preparation: 62.96961283683777
writing: 2.6367456912994385
reading: 0.18889641761779785
data_fitting: 193.8736810684204
flux_point: 26.089290142059326
