n_obs: 10
data_preparation: 89.57755517959595
writing: 2.5419399738311768
reading: 0.19628643989562988
data_fitting: 195.83593368530273
flux_point: 37.02106499671936
