n_obs: 10
data_preparation: 31.593786239624023
writing: 2.1202306747436523
reading: 0.5793852806091309
data_fitting: 112.13316202163696
flux_point: 18.4071044921875
