n_obs: 10
data_preparation: 29.666021585464478
writing: 1.889582633972168
reading: 0.5168063640594482
data_fitting: 102.95925450325012
flux_point: 17.499905586242676
