n_obs: 10
data_preparation: 102.20532965660095
writing: 3.3660337924957275
reading: 0.29126453399658203
data_fitting: 502.5992352962494
flux_point: 49.51921033859253
