n_obs: 10
data_preparation: 99.47620964050293
writing: 2.8068430423736572
reading: 0.20839619636535645
data_fitting: 195.13296008110046
flux_point: 79.31403827667236
