n_obs: 10
data_preparation: 92.73383498191833
writing: 2.6347272396087646
reading: 0.19997954368591309
data_fitting: 212.2755377292633
flux_point: 41.11622166633606
