n_obs: 10
data_preparation: 95.14382863044739
writing: 2.6521244049072266
reading: 0.1921098232269287
data_fitting: 191.4107666015625
flux_point: 39.742005348205566
