n_obs: 10
data_preparation: 73.62059473991394
writing: 2.474226474761963
reading: 0.19314217567443848
data_fitting: 160.49645280838013
flux_point: 31.515626907348633
