n_obs: 10
data_preparation: 89.61968874931335
writing: 2.766953468322754
reading: 0.21660828590393066
data_fitting: 200.5449275970459
flux_point: 38.65227270126343
