n_obs: 10
data_preparation: 30.57032585144043
writing: 2.0156631469726562
reading: 0.5414896011352539
data_fitting: 103.85008192062378
flux_point: 17.361881256103516
