n_obs: 10
data_preparation: 30.72911238670349
writing: 2.0848803520202637
reading: 0.5812239646911621
data_fitting: 110.55047130584717
flux_point: 17.790923833847046
