n_obs: 10
data_preparation: 98.58009648323059
writing: 3.2028961181640625
reading: 0.2226245403289795
data_fitting: 213.08462953567505
flux_point: 42.87849688529968
