n_obs: 10
data_preparation: 27.147223711013794
writing: 1.5974469184875488
reading: 0.5529119968414307
data_fitting: 105.176518201828
flux_point: 17.31191849708557
