n_obs: 10
data_preparation: 33.56742072105408
writing: 2.1733641624450684
reading: 0.5067770481109619
data_fitting: 123.18685388565063
flux_point: 19.878693342208862
