n_obs: 10
data_preparation: 93.47301769256592
writing: 3.8057518005371094
reading: 0.2911660671234131
data_fitting: 211.835200548172
flux_point: 41.2129487991333
