n_obs: 10
data_preparation: 31.96861243247986
writing: 2.127362012863159
reading: 0.5839943885803223
data_fitting: 114.67395353317261
flux_point: 18.785218000411987
