n_obs: 10
data_preparation: 28.28226137161255
writing: 2.322068214416504
reading: 0.4983689785003662
data_fitting: 117.49630546569824
flux_point: 17.385262489318848
