n_obs: 10
data_preparation: 30.965846300125122
writing: 2.0811898708343506
reading: 0.5665948390960693
data_fitting: 110.02168583869934
flux_point: 18.04692006111145
