n_obs: 10
data_preparation: 30.8016414642334
writing: 2.382469892501831
reading: 0.1425786018371582
data_fitting: 105.10149502754211
flux_point: 12.359137773513794
