n_obs: 10
data_preparation: 110.72072911262512
writing: 3.7204198837280273
reading: 0.2938716411590576
data_fitting: 241.00485515594482
flux_point: 46.37226057052612
