n_obs: 10
data_preparation: 84.77195930480957
writing: 2.7803285121917725
reading: 0.21596240997314453
data_fitting: 188.89290976524353
flux_point: 36.25694990158081
