n_obs: 10
data_preparation: 75.32282829284668
writing: 2.62304425239563
reading: 0.19302988052368164
data_fitting: 164.94131088256836
flux_point: 30.333521127700806
