n_obs: 10
data_preparation: 112.05401253700256
writing: 3.4809553623199463
reading: 0.27909302711486816
data_fitting: 237.2992057800293
flux_point: 46.508795738220215
