n_obs: 10
data_preparation: 89.52111887931824
writing: 2.5845787525177
reading: 0.20025324821472168
data_fitting: 200.40126252174377
flux_point: 37.93194007873535
