n_obs: 10
data_preparation: 88.95576167106628
writing: 2.602139711380005
reading: 0.19407081604003906
data_fitting: 192.0419352054596
flux_point: 38.773890256881714
