n_obs: 10
data_preparation: 28.265031576156616
writing: 1.6199064254760742
reading: 0.5419447422027588
data_fitting: 108.28358387947083
flux_point: 17.27865958213806
