n_obs: 10
data_preparation: 30.681883573532104
writing: 2.1100568771362305
reading: 0.48998594284057617
data_fitting: 112.76118683815002
flux_point: 18.84327745437622
