n_obs: 10
data_preparation: 70.39158272743225
writing: 2.78834867477417
reading: 0.2194969654083252
data_fitting: 208.46876311302185
flux_point: 30.446810722351074
