n_obs: 10
data_preparation: 38.69174027442932
writing: 2.201143980026245
reading: 3.1403374671936035
data_fitting: 155.257395029068
flux_point: 38.38871741294861
