n_obs: 10
data_preparation: 30.5807204246521
writing: 2.360280990600586
reading: 0.13978123664855957
data_fitting: 104.38663959503174
flux_point: 12.49899435043335
