n_obs: 10
data_preparation: 30.302316665649414
writing: 2.505331516265869
reading: 0.1761634349822998
data_fitting: 105.74962997436523
flux_point: 12.639407634735107
