n_obs: 10
data_preparation: 122.54886054992676
writing: 4.157216310501099
reading: 0.32187581062316895
data_fitting: 257.6448030471802
flux_point: 50.92704772949219
