n_obs: 10
data_preparation: 112.46313810348511
writing: 3.5073087215423584
reading: 0.28969407081604004
data_fitting: 533.6455142498016
flux_point: 53.312403202056885
