n_obs: 10
data_preparation: 95.27273058891296
writing: 2.897284746170044
reading: 0.22269701957702637
data_fitting: 219.756578207016
flux_point: 45.99581837654114
