n_obs: 10
data_preparation: 114.53904223442078
writing: 3.6519055366516113
reading: 0.30674099922180176
data_fitting: 551.2748641967773
flux_point: 55.60385990142822
