n_obs: 10
data_preparation: 100.05625891685486
writing: 2.7784886360168457
reading: 0.20260858535766602
data_fitting: 214.26816654205322
flux_point: 45.49610733985901
