n_obs: 10
data_preparation: 95.11145949363708
writing: 2.853809118270874
reading: 0.2093360424041748
data_fitting: 197.62329030036926
flux_point: 37.667357444763184
