n_obs: 10
data_preparation: 30.92316770553589
writing: 1.9382379055023193
reading: 0.523709774017334
data_fitting: 106.18593144416809
flux_point: 18.015931844711304
