n_obs: 10
data_preparation: 106.44987845420837
writing: 3.8164079189300537
reading: 0.28708386421203613
data_fitting: 509.6464967727661
flux_point: 51.54142880439758
