n_obs: 10
data_preparation: 101.85560131072998
writing: 3.324216365814209
reading: 0.24744439125061035
data_fitting: 240.36216616630554
flux_point: 46.06731152534485
