n_obs: 10
data_preparation: 31.243900060653687
writing: 2.0741946697235107
reading: 0.5744292736053467
data_fitting: 110.03765034675598
flux_point: 18.141437292099
