n_obs: 10
data_preparation: 30.738582611083984
writing: 2.0573182106018066
reading: 0.5539367198944092
data_fitting: 108.33324337005615
flux_point: 17.809558868408203
