n_obs: 10
data_preparation: 30.840373277664185
writing: 2.5205767154693604
reading: 0.1778573989868164
data_fitting: 107.86096715927124
flux_point: 12.82744026184082
