n_obs: 10
data_preparation: 28.661174535751343
writing: 2.301654815673828
reading: 0.4987783432006836
data_fitting: 120.00246930122375
flux_point: 18.09173583984375
