n_obs: 10
data_preparation: 90.22995519638062
writing: 2.4658076763153076
reading: 0.19096136093139648
data_fitting: 192.76415514945984
flux_point: 36.48388314247131
