n_obs: 10
data_preparation: 30.718830823898315
writing: 1.9295907020568848
reading: 0.5220541954040527
data_fitting: 106.58260750770569
flux_point: 17.941041469573975
