n_obs: 10
data_preparation: 31.65262246131897
writing: 2.3493292331695557
reading: 0.20604157447814941
data_fitting: 141.5641827583313
flux_point: 51.40447664260864
