n_obs: 10
data_preparation: 36.09163761138916
writing: 2.0584704875946045
reading: 2.9496278762817383
data_fitting: 159.4685184955597
flux_point: 34.227723360061646
