n_obs: 10
data_preparation: 33.58394384384155
writing: 2.2080495357513428
reading: 0.5335593223571777
data_fitting: 119.65911531448364
flux_point: 19.24414873123169
