n_obs: 10
data_preparation: 95.5357038974762
writing: 3.7119202613830566
reading: 0.2621636390686035
data_fitting: 312.42865085601807
flux_point: 49.91543793678284
