n_obs: 10
data_preparation: 30.73529362678528
writing: 2.3661227226257324
reading: 0.5041747093200684
data_fitting: 120.41357755661011
flux_point: 19.157349586486816
