n_obs: 10
data_preparation: 30.153538703918457
writing: 2.3598031997680664
reading: 0.5101313591003418
data_fitting: 122.11379075050354
flux_point: 18.753991842269897
