n_obs: 10
data_preparation: 84.90137100219727
writing: 2.7693932056427
reading: 0.2164161205291748
data_fitting: 427.04229855537415
flux_point: 40.004356384277344
