n_obs: 10
data_preparation: 33.35655450820923
writing: 2.0497844219207764
reading: 0.5541341304779053
data_fitting: 110.79138088226318
flux_point: 18.67146897315979
