n_obs: 10
data_preparation: 93.93203663825989
writing: 3.32594633102417
reading: 0.2982487678527832
data_fitting: 469.98196959495544
flux_point: 45.95741081237793
