n_obs: 10
data_preparation: 97.21944165229797
writing: 2.9045536518096924
reading: 0.22887516021728516
data_fitting: 222.5956585407257
flux_point: 42.07167625427246
