n_obs: 10
data_preparation: 27.613661527633667
writing: 1.5088493824005127
reading: 0.4581000804901123
data_fitting: 104.51371359825134
flux_point: 17.4162495136261
