n_obs: 10
data_preparation: 83.81194019317627
writing: 2.709218740463257
reading: 0.2105724811553955
data_fitting: 188.41604948043823
flux_point: 35.571208477020264
