n_obs: 10
data_preparation: 29.761128187179565
writing: 2.4050140380859375
reading: 0.5343301296234131
data_fitting: 122.80053973197937
flux_point: 18.25463318824768
