n_obs: 10
data_preparation: 31.722888708114624
writing: 2.0584452152252197
reading: 0.554680585861206
data_fitting: 108.53545260429382
flux_point: 17.810814380645752
