n_obs: 10
data_preparation: 23.959447622299194
writing: 1.9264299869537354
reading: 1.5342965126037598
data_fitting: 234.4460506439209
flux_point: 56.492703914642334
