n_obs: 10
data_preparation: 103.97898411750793
writing: 3.097097158432007
reading: 0.2566404342651367
data_fitting: 207.6419870853424
flux_point: 78.52639555931091
