n_obs: 10
data_preparation: 62.82442283630371
writing: 2.647897720336914
reading: 0.18816685676574707
data_fitting: 192.34511160850525
flux_point: 25.907694101333618
