n_obs: 10
data_preparation: 29.407503843307495
writing: 2.346082925796509
reading: 0.4964001178741455
data_fitting: 119.90039038658142
flux_point: 18.70888113975525
