n_obs: 10
data_preparation: 115.92399263381958
writing: 3.239520788192749
reading: 0.2670893669128418
data_fitting: 229.69285345077515
flux_point: 46.03013324737549
