n_obs: 10
data_preparation: 100.08686447143555
writing: 2.739281415939331
reading: 0.19573688507080078
data_fitting: 203.95090913772583
flux_point: 43.01232171058655
