n_obs: 10
data_preparation: 98.940669298172
writing: 3.4412853717803955
reading: 0.24659180641174316
data_fitting: 211.42030954360962
flux_point: 38.54494094848633
