n_obs: 10
data_preparation: 30.632474184036255
writing: 1.9683799743652344
reading: 0.5264935493469238
data_fitting: 108.54857754707336
flux_point: 18.174734115600586
