n_obs: 10
data_preparation: 73.90656471252441
writing: 2.4546642303466797
reading: 0.19446444511413574
data_fitting: 170.87968969345093
flux_point: 31.81096625328064
