n_obs: 10
data_preparation: 30.158788681030273
writing: 2.150261640548706
reading: 0.515383243560791
data_fitting: 122.31822466850281
flux_point: 18.762600898742676
