n_obs: 10
data_preparation: 40.878560304641724
writing: 2.125610589981079
reading: 1.551591157913208
data_fitting: 334.36473536491394
flux_point: 86.18297338485718
