n_obs: 10
data_preparation: 142.42633652687073
writing: 2.799954414367676
reading: 0.20421290397644043
data_fitting: 223.01022148132324
flux_point: 44.00912690162659
