n_obs: 10
data_preparation: 30.712176084518433
writing: 2.036797523498535
reading: 0.5530734062194824
data_fitting: 108.18883895874023
flux_point: 17.70756459236145
