n_obs: 10
data_preparation: 27.86430072784424
writing: 1.5597710609436035
reading: 0.4669480323791504
data_fitting: 120.16836285591125
flux_point: 17.60125756263733
