n_obs: 10
data_preparation: 98.16237282752991
writing: 2.7282495498657227
reading: 0.19962525367736816
data_fitting: 208.15857672691345
flux_point: 44.0026159286499
