n_obs: 10
data_preparation: 98.99080181121826
writing: 2.9369192123413086
reading: 0.22940826416015625
data_fitting: 212.36228394508362
flux_point: 42.31356763839722
