n_obs: 10
data_preparation: 96.26945281028748
writing: 2.8637642860412598
reading: 0.21450328826904297
data_fitting: 209.84318590164185
flux_point: 40.17852234840393
