n_obs: 10
data_preparation: 94.58204483985901
writing: 2.557462215423584
reading: 0.19133234024047852
data_fitting: 191.80292439460754
flux_point: 40.722474813461304
