n_obs: 10
data_preparation: 55.93762540817261
writing: 2.62766695022583
reading: 0.20607781410217285
data_fitting: 167.83254075050354
flux_point: 24.08206558227539
