n_obs: 10
data_preparation: 77.55162405967712
writing: 2.5103561878204346
reading: 0.19939780235290527
data_fitting: 177.23103189468384
flux_point: 34.058064460754395
