n_obs: 10
data_preparation: 94.40647745132446
writing: 2.7865614891052246
reading: 0.21404123306274414
data_fitting: 465.00150299072266
flux_point: 46.996893882751465
