n_obs: 10
data_preparation: 86.83927845954895
writing: 2.505734920501709
reading: 0.19187211990356445
data_fitting: 176.9910750389099
flux_point: 35.84728717803955
