n_obs: 10
data_preparation: 88.3326587677002
writing: 2.548386812210083
reading: 0.20152831077575684
data_fitting: 202.08473420143127
flux_point: 38.60942459106445
