n_obs: 10
data_preparation: 54.18743014335632
writing: 2.617156744003296
reading: 0.2077040672302246
data_fitting: 173.66101217269897
flux_point: 23.455585956573486
