n_obs: 10
data_preparation: 32.124539613723755
writing: 2.0514333248138428
reading: 0.5478782653808594
data_fitting: 105.88332176208496
flux_point: 17.45298981666565
