n_obs: 10
data_preparation: 30.8089382648468
writing: 2.4006874561309814
reading: 0.14848709106445312
data_fitting: 106.29146599769592
flux_point: 12.503694295883179
