n_obs: 10
data_preparation: 30.963261604309082
writing: 2.150343656539917
reading: 0.5319921970367432
data_fitting: 111.0280122756958
flux_point: 18.112252473831177
