n_obs: 10
data_preparation: 29.96270751953125
writing: 2.350400924682617
reading: 0.5217490196228027
data_fitting: 130.87132215499878
flux_point: 20.40772843360901
