n_obs: 10
data_preparation: 98.40301203727722
writing: 2.8514158725738525
reading: 0.2231907844543457
data_fitting: 212.34488153457642
flux_point: 41.304725885391235
