n_obs: 10
data_preparation: 86.5973002910614
writing: 4.244634628295898
reading: 0.32124876976013184
data_fitting: 246.17170023918152
flux_point: 34.70730471611023
