n_obs: 10
data_preparation: 39.58551239967346
writing: 2.3722457885742188
reading: 0.5119407176971436
data_fitting: 165.1231508255005
flux_point: 25.19741201400757
