n_obs: 10
data_preparation: 33.447017192840576
writing: 1.7191016674041748
reading: 1.2685437202453613
data_fitting: 101.01259684562683
flux_point: 20.523696422576904
