n_obs: 10
data_preparation: 30.763046979904175
writing: 2.0697875022888184
reading: 0.4947502613067627
data_fitting: 112.95005464553833
flux_point: 19.18229842185974
