n_obs: 10
data_preparation: 74.26926565170288
writing: 2.4494469165802
reading: 0.19509172439575195
data_fitting: 169.68985104560852
flux_point: 32.3579740524292
