n_obs: 10
data_preparation: 30.86896300315857
writing: 1.9406688213348389
reading: 0.5278675556182861
data_fitting: 106.61043047904968
flux_point: 18.133771181106567
