n_obs: 10
data_preparation: 30.917897701263428
writing: 2.081882953643799
reading: 0.5544464588165283
data_fitting: 107.46170234680176
flux_point: 17.764921188354492
