n_obs: 10
data_preparation: 30.77000379562378
writing: 2.336521863937378
reading: 0.49626636505126953
data_fitting: 118.46749472618103
flux_point: 19.24046230316162
