n_obs: 10
data_preparation: 32.13639450073242
writing: 2.439318895339966
reading: 0.5133829116821289
data_fitting: 133.1652057170868
flux_point: 20.368820428848267
