n_obs: 10
data_preparation: 26.91685700416565
writing: 2.2023322582244873
reading: 1.727902889251709
data_fitting: 268.57690501213074
flux_point: 65.00865387916565
