n_obs: 10
data_preparation: 98.49451398849487
writing: 2.7247495651245117
reading: 0.20677900314331055
data_fitting: 218.94405579566956
flux_point: 40.73258566856384
