n_obs: 10
data_preparation: 72.06627750396729
writing: 2.488553524017334
reading: 0.19643092155456543
data_fitting: 170.17864847183228
flux_point: 31.68355655670166
