n_obs: 10
data_preparation: 95.75721478462219
writing: 3.1209514141082764
reading: 0.2420809268951416
data_fitting: 227.83965229988098
flux_point: 46.23555302619934
