n_obs: 10
data_preparation: 35.96143865585327
writing: 2.784933567047119
reading: 0.2463243007659912
data_fitting: 143.17380809783936
flux_point: 27.916712045669556
