n_obs: 10
data_preparation: 94.65930366516113
writing: 2.8695414066314697
reading: 0.19239091873168945
data_fitting: 205.0723009109497
flux_point: 39.80653262138367
