n_obs: 10
data_preparation: 76.81729221343994
writing: 3.430540084838867
reading: 0.19693446159362793
data_fitting: 166.08794975280762
flux_point: 33.16949248313904
