n_obs: 10
data_preparation: 30.25402522087097
writing: 2.072425127029419
reading: 0.5086228847503662
data_fitting: 108.91623783111572
flux_point: 17.82228422164917
