n_obs: 10
data_preparation: 66.71898913383484
writing: 2.7661349773406982
reading: 0.2085716724395752
data_fitting: 219.45873045921326
flux_point: 31.138181447982788
