n_obs: 10
data_preparation: 30.226622581481934
writing: 2.39131498336792
reading: 0.5219597816467285
data_fitting: 132.69649648666382
flux_point: 20.867696285247803
