n_obs: 10
data_preparation: 69.96229648590088
writing: 2.926968574523926
reading: 0.24307560920715332
data_fitting: 199.92672419548035
flux_point: 28.40504550933838
