n_obs: 10
data_preparation: 28.03356695175171
writing: 1.812124252319336
reading: 0.4620687961578369
data_fitting: 101.56842374801636
flux_point: 16.592527389526367
