n_obs: 10
data_preparation: 37.277379751205444
writing: 2.838301658630371
reading: 0.26127147674560547
data_fitting: 148.74569487571716
flux_point: 28.1040678024292
