n_obs: 10
data_preparation: 55.934478759765625
writing: 2.8846635818481445
reading: 0.2095048427581787
data_fitting: 164.93936729431152
flux_point: 25.554444789886475
