n_obs: 10
data_preparation: 77.5818419456482
writing: 2.472374200820923
reading: 0.19602155685424805
data_fitting: 172.71934413909912
flux_point: 33.6718373298645
