n_obs: 10
data_preparation: 30.6662814617157
writing: 2.1744678020477295
reading: 0.5299122333526611
data_fitting: 104.39740920066833
flux_point: 17.948594331741333
