n_obs: 10
data_preparation: 36.69564652442932
writing: 2.6980791091918945
reading: 0.29226207733154297
data_fitting: 178.89318799972534
flux_point: 49.85618472099304
