n_obs: 10
data_preparation: 31.979250192642212
writing: 2.162395715713501
reading: 0.5016489028930664
data_fitting: 114.50600528717041
flux_point: 19.146144151687622
