n_obs: 10
data_preparation: 96.37419128417969
writing: 3.0547661781311035
reading: 0.20864009857177734
data_fitting: 184.36013436317444
flux_point: 70.6880567073822
