n_obs: 10
data_preparation: 85.60377597808838
writing: 2.487473964691162
reading: 0.19019865989685059
data_fitting: 174.87914276123047
flux_point: 36.138654947280884
