n_obs: 10
data_preparation: 34.66947555541992
writing: 2.6872079372406006
reading: 0.24394798278808594
data_fitting: 151.43627262115479
flux_point: 28.83024001121521
