n_obs: 10
data_preparation: 30.668756246566772
writing: 1.9642961025238037
reading: 0.5247783660888672
data_fitting: 105.80106925964355
flux_point: 17.826000690460205
