n_obs: 10
data_preparation: 30.810678005218506
writing: 2.328054189682007
reading: 0.1445329189300537
data_fitting: 103.59326434135437
flux_point: 12.40503716468811
