n_obs: 10
data_preparation: 88.05566310882568
writing: 2.7601866722106934
reading: 0.21331167221069336
data_fitting: 192.5957338809967
flux_point: 35.14417386054993
