n_obs: 10
data_preparation: 108.45683121681213
writing: 3.409562349319458
reading: 0.30698347091674805
data_fitting: 506.100537776947
flux_point: 51.297680616378784
