n_obs: 10
data_preparation: 113.3381016254425
writing: 3.589341640472412
reading: 0.3132662773132324
data_fitting: 536.7334942817688
flux_point: 54.33859944343567
