n_obs: 10
data_preparation: 30.672964096069336
writing: 2.0689120292663574
reading: 0.5509207248687744
data_fitting: 106.63761448860168
flux_point: 18.010677576065063
