n_obs: 10
data_preparation: 29.078983068466187
writing: 2.025969982147217
reading: 0.5501155853271484
data_fitting: 113.31389904022217
flux_point: 17.797752380371094
