n_obs: 10
data_preparation: 95.55428576469421
writing: 3.4402918815612793
reading: 0.27976465225219727
data_fitting: 208.55976247787476
flux_point: 39.3532772064209
