n_obs: 10
data_preparation: 30.67070508003235
writing: 2.3837668895721436
reading: 0.5119397640228271
data_fitting: 130.53160047531128
flux_point: 19.62824821472168
