n_obs: 10
data_preparation: 46.71925330162048
writing: 2.284764051437378
reading: 3.622267246246338
data_fitting: 217.3809621334076
flux_point: 45.77638363838196
