n_obs: 10
data_preparation: 101.40125370025635
writing: 3.5499634742736816
reading: 0.2973318099975586
data_fitting: 232.82755970954895
flux_point: 80.85508847236633
