n_obs: 10
data_preparation: 40.36686897277832
writing: 2.034013032913208
reading: 0.5147054195404053
data_fitting: 122.52046370506287
flux_point: 31.73868441581726
