n_obs: 10
data_preparation: 32.99270439147949
writing: 2.0497183799743652
reading: 0.20417213439941406
data_fitting: 147.63206338882446
flux_point: 52.088757038116455
