n_obs: 10
data_preparation: 34.10585618019104
writing: 1.8454549312591553
reading: 2.623079299926758
data_fitting: 136.59064555168152
flux_point: 32.253793239593506
