n_obs: 10
data_preparation: 95.41516470909119
writing: 3.389619827270508
reading: 0.29714250564575195
data_fitting: 489.2343797683716
flux_point: 49.16842770576477
