n_obs: 10
data_preparation: 30.673675537109375
writing: 2.070974111557007
reading: 0.5046234130859375
data_fitting: 105.71310138702393
flux_point: 17.946228742599487
