n_obs: 10
data_preparation: 71.92552733421326
writing: 3.5264861583709717
reading: 0.29672837257385254
data_fitting: 215.1728527545929
flux_point: 31.29598593711853
