n_obs: 10
data_preparation: 68.2431366443634
writing: 2.87931489944458
reading: 0.22445368766784668
data_fitting: 198.1877179145813
flux_point: 27.72761559486389
