n_obs: 10
data_preparation: 29.101703643798828
writing: 2.3336169719696045
reading: 0.4984130859375
data_fitting: 119.86234998703003
flux_point: 17.949015617370605
