n_obs: 10
data_preparation: 63.10068202018738
writing: 2.9670016765594482
reading: 0.2102975845336914
data_fitting: 185.61749720573425
flux_point: 27.69869112968445
