n_obs: 10
data_preparation: 31.91963005065918
writing: 2.1374430656433105
reading: 0.5792942047119141
data_fitting: 112.15774750709534
flux_point: 18.28337001800537
