n_obs: 10
data_preparation: 52.92088985443115
writing: 2.581817388534546
reading: 0.1901240348815918
data_fitting: 170.00512290000916
flux_point: 22.66488790512085
