n_obs: 10
data_preparation: 32.66116142272949
writing: 2.4774010181427
reading: 0.2108914852142334
data_fitting: 136.58518743515015
flux_point: 53.62116885185242
