n_obs: 10
data_preparation: 46.763187885284424
writing: 2.724184513092041
reading: 3.6797783374786377
data_fitting: 197.4823260307312
flux_point: 45.28157424926758
