n_obs: 10
data_preparation: 93.29563045501709
writing: 3.1828019618988037
reading: 0.2500729560852051
data_fitting: 219.06513786315918
flux_point: 40.66999793052673
