n_obs: 10
data_preparation: 31.245980739593506
writing: 1.9447963237762451
reading: 0.5351340770721436
data_fitting: 107.94738340377808
flux_point: 18.12229013442993
