n_obs: 10
data_preparation: 36.79332184791565
writing: 2.7417290210723877
reading: 0.24608278274536133
data_fitting: 156.98409700393677
flux_point: 29.188933849334717
