n_obs: 10
data_preparation: 29.867262601852417
writing: 2.3826093673706055
reading: 0.5017979145050049
data_fitting: 122.2200608253479
flux_point: 18.782972812652588
