n_obs: 10
data_preparation: 27.93890070915222
writing: 1.5722229480743408
reading: 0.4664597511291504
data_fitting: 118.94834446907043
flux_point: 17.517118453979492
