n_obs: 10
data_preparation: 73.03571367263794
writing: 2.4622535705566406
reading: 0.19096589088439941
data_fitting: 159.8436770439148
flux_point: 31.64568066596985
