n_obs: 10
data_preparation: 40.7374312877655
writing: 2.52892804145813
reading: 3.492257595062256
data_fitting: 178.06359362602234
flux_point: 39.54463171958923
