n_obs: 10
data_preparation: 39.988975048065186
writing: 2.452855110168457
reading: 0.5181229114532471
data_fitting: 150.77189087867737
flux_point: 28.203704118728638
