n_obs: 10
data_preparation: 37.68216300010681
writing: 1.7901489734649658
reading: 1.3025145530700684
data_fitting: 133.74162125587463
flux_point: 44.89596891403198
