n_obs: 10
data_preparation: 64.55846619606018
writing: 2.656132936477661
reading: 0.1901237964630127
data_fitting: 198.56456398963928
flux_point: 26.446296215057373
