n_obs: 10
data_preparation: 29.820295810699463
writing: 2.4090628623962402
reading: 0.16819143295288086
data_fitting: 102.68565511703491
flux_point: 12.04298996925354
