n_obs: 10
data_preparation: 34.10251474380493
writing: 2.693244218826294
reading: 0.17304348945617676
data_fitting: 121.16401624679565
flux_point: 17.99352478981018
