n_obs: 10
data_preparation: 97.38674831390381
writing: 3.5193517208099365
reading: 0.25913333892822266
data_fitting: 221.770920753479
flux_point: 43.309916734695435
