n_obs: 10
data_preparation: 29.442520141601562
writing: 2.3178563117980957
reading: 0.5007343292236328
data_fitting: 120.572434425354
flux_point: 18.414279222488403
