n_obs: 10
data_preparation: 30.977998971939087
writing: 2.5105981826782227
reading: 0.17208075523376465
data_fitting: 108.75176858901978
flux_point: 12.69809889793396
