n_obs: 10
data_preparation: 29.96077847480774
writing: 2.1237521171569824
reading: 0.5102777481079102
data_fitting: 122.3708188533783
flux_point: 18.309017658233643
