n_obs: 10
data_preparation: 30.66564679145813
writing: 2.3034489154815674
reading: 0.14409399032592773
data_fitting: 103.84515357017517
flux_point: 12.479301452636719
