n_obs: 10
data_preparation: 32.07608890533447
writing: 2.672100782394409
reading: 0.17673182487487793
data_fitting: 110.9651346206665
flux_point: 15.896032094955444
