n_obs: 10
data_preparation: 114.54123067855835
writing: 3.641068935394287
reading: 0.30127620697021484
data_fitting: 237.69206047058105
flux_point: 45.63356065750122
