n_obs: 10
data_preparation: 92.59676885604858
writing: 2.7802019119262695
reading: 0.21439814567565918
data_fitting: 487.10797142982483
flux_point: 45.78432655334473
