n_obs: 10
data_preparation: 31.046331882476807
writing: 2.5229544639587402
reading: 0.17885994911193848
data_fitting: 107.86390495300293
flux_point: 13.192232370376587
