n_obs: 10
data_preparation: 110.86543798446655
writing: 3.81557035446167
reading: 0.34393930435180664
data_fitting: 557.9387793540955
flux_point: 57.301499128341675
