n_obs: 10
data_preparation: 39.40667533874512
writing: 2.15018367767334
reading: 0.21220922470092773
data_fitting: 152.53913569450378
flux_point: 36.32593321800232
