n_obs: 10
data_preparation: 26.68534517288208
writing: 1.53267240524292
reading: 0.458876371383667
data_fitting: 116.29458832740784
flux_point: 16.92485022544861
