n_obs: 10
data_preparation: 114.1862404346466
writing: 3.3091304302215576
reading: 0.26673340797424316
data_fitting: 238.32744121551514
flux_point: 51.96012282371521
