n_obs: 10
data_preparation: 98.56476616859436
writing: 2.954301595687866
reading: 0.23441267013549805
data_fitting: 207.9785590171814
flux_point: 73.69715881347656
