n_obs: 10
data_preparation: 33.61840009689331
writing: 1.8161208629608154
reading: 1.2966063022613525
data_fitting: 256.3562581539154
flux_point: 69.77291917800903
