n_obs: 10
data_preparation: 40.44180083274841
writing: 2.1722652912139893
reading: 1.5096824169158936
data_fitting: 261.2903416156769
flux_point: 65.46490955352783
