n_obs: 10
data_preparation: 31.279511213302612
writing: 2.3454933166503906
reading: 0.13994860649108887
data_fitting: 106.27443790435791
flux_point: 12.64521837234497
