n_obs: 10
data_preparation: 27.386098861694336
writing: 1.5532245635986328
reading: 0.5321500301361084
data_fitting: 104.88940167427063
flux_point: 16.933106422424316
