n_obs: 10
data_preparation: 64.03511953353882
writing: 2.877117156982422
reading: 0.21407723426818848
data_fitting: 188.08517336845398
flux_point: 30.055660724639893
