n_obs: 10
data_preparation: 23.55558681488037
writing: 1.9678843021392822
reading: 1.5467419624328613
data_fitting: 242.16760993003845
flux_point: 59.05164957046509
