n_obs: 10
data_preparation: 40.88979530334473
writing: 2.1099698543548584
reading: 0.5171768665313721
data_fitting: 127.63511347770691
flux_point: 29.744879484176636
