n_obs: 10
data_preparation: 74.79736161231995
writing: 2.478793144226074
reading: 0.1925792694091797
data_fitting: 163.3415343761444
flux_point: 32.458276987075806
