n_obs: 10
data_preparation: 97.51241660118103
writing: 3.0131919384002686
reading: 0.24264216423034668
data_fitting: 508.72817492485046
flux_point: 47.43859577178955
