n_obs: 10
data_preparation: 33.93418216705322
writing: 1.6428859233856201
reading: 1.164257526397705
data_fitting: 203.47449684143066
flux_point: 51.50565552711487
