n_obs: 10
data_preparation: 33.319653034210205
writing: 2.0541768074035645
reading: 0.20509767532348633
data_fitting: 125.72880458831787
flux_point: 36.692134141922
