n_obs: 10
data_preparation: 30.5112202167511
writing: 2.496333599090576
reading: 0.16931962966918945
data_fitting: 105.84204626083374
flux_point: 12.397933006286621
