n_obs: 10
data_preparation: 101.6371865272522
writing: 3.3071043491363525
reading: 0.2096865177154541
data_fitting: 192.38389897346497
flux_point: 78.42137503623962
