n_obs: 10
data_preparation: 87.77904081344604
writing: 2.9441936016082764
reading: 0.2265644073486328
data_fitting: 181.65603828430176
flux_point: 35.55269980430603
