n_obs: 10
data_preparation: 30.77215075492859
writing: 2.306852102279663
reading: 0.14400458335876465
data_fitting: 104.31714940071106
flux_point: 12.681750535964966
