n_obs: 10
data_preparation: 116.12593698501587
writing: 3.4184370040893555
reading: 0.28146910667419434
data_fitting: 228.72918891906738
flux_point: 45.119253158569336
