n_obs: 10
data_preparation: 111.81726551055908
writing: 3.553037166595459
reading: 0.2968306541442871
data_fitting: 544.3017303943634
flux_point: 54.32399654388428
