n_obs: 10
data_preparation: 30.63955521583557
writing: 2.3457438945770264
reading: 0.4957616329193115
data_fitting: 120.14035272598267
flux_point: 18.847158908843994
