n_obs: 10
data_preparation: 34.338383436203
writing: 1.882383108139038
reading: 2.582987070083618
data_fitting: 141.4684910774231
flux_point: 36.45847845077515
