n_obs: 10
data_preparation: 31.073230266571045
writing: 2.075897455215454
reading: 0.5627548694610596
data_fitting: 111.70515155792236
flux_point: 17.813507318496704
