n_obs: 10
data_preparation: 33.70371413230896
writing: 2.7053258419036865
reading: 0.24257302284240723
data_fitting: 145.69342756271362
flux_point: 55.9779007434845
