n_obs: 10
data_preparation: 93.08499240875244
writing: 2.8605399131774902
reading: 0.21299099922180176
data_fitting: 207.69476866722107
flux_point: 40.93670701980591
