n_obs: 10
data_preparation: 30.602155923843384
writing: 2.590021848678589
reading: 0.16971635818481445
data_fitting: 107.51708173751831
flux_point: 15.54553747177124
