n_obs: 10
data_preparation: 99.85547089576721
writing: 3.3815629482269287
reading: 0.29590559005737305
data_fitting: 492.48997735977173
flux_point: 47.62931847572327
