n_obs: 10
data_preparation: 119.4978723526001
writing: 3.4694454669952393
reading: 0.2746303081512451
data_fitting: 243.0690417289734
flux_point: 48.50056600570679
