n_obs: 10
data_preparation: 77.22712230682373
writing: 2.610427141189575
reading: 0.19645929336547852
data_fitting: 165.2796471118927
flux_point: 30.802793264389038
