n_obs: 10
data_preparation: 30.60674476623535
writing: 2.157576084136963
reading: 0.5051908493041992
data_fitting: 113.69099736213684
flux_point: 19.09750247001648
