n_obs: 10
data_preparation: 29.928887128829956
writing: 2.1356825828552246
reading: 0.5004863739013672
data_fitting: 123.94092655181885
flux_point: 18.777798652648926
