n_obs: 10
data_preparation: 87.95616316795349
writing: 2.545072317123413
reading: 0.20058274269104004
data_fitting: 196.0879602432251
flux_point: 37.429747104644775
