n_obs: 10
data_preparation: 36.66790175437927
writing: 1.8520946502685547
reading: 1.3382315635681152
data_fitting: 296.73345470428467
flux_point: 76.56167554855347
