n_obs: 10
data_preparation: 31.944389820098877
writing: 2.109145402908325
reading: 0.578141450881958
data_fitting: 111.84621238708496
flux_point: 18.199424743652344
