n_obs: 10
data_preparation: 117.4393949508667
writing: 3.7758588790893555
reading: 0.3257715702056885
data_fitting: 569.012729883194
flux_point: 56.95235252380371
