n_obs: 10
data_preparation: 29.85296058654785
writing: 2.073833703994751
reading: 0.4959573745727539
data_fitting: 113.23335480690002
flux_point: 18.705918550491333
