n_obs: 10
data_preparation: 94.74507880210876
writing: 3.0056204795837402
reading: 0.2208704948425293
data_fitting: 497.0005717277527
flux_point: 46.58362054824829
