n_obs: 10
data_preparation: 106.06728672981262
writing: 3.537524938583374
reading: 0.29256319999694824
data_fitting: 227.71474051475525
flux_point: 44.439281702041626
