n_obs: 10
data_preparation: 31.649450302124023
writing: 2.0979583263397217
reading: 0.5701248645782471
data_fitting: 112.22904086112976
flux_point: 18.34491467475891
