n_obs: 10
data_preparation: 30.810437202453613
writing: 2.1007330417633057
reading: 0.4886739253997803
data_fitting: 112.96477580070496
flux_point: 18.905028104782104
