n_obs: 10
data_preparation: 96.88543391227722
writing: 2.543602705001831
reading: 0.19525527954101562
data_fitting: 207.65595698356628
flux_point: 40.58880066871643
