n_obs: 10
data_preparation: 41.36555361747742
writing: 2.0299646854400635
reading: 1.455805778503418
data_fitting: 149.7006402015686
flux_point: 50.81239986419678
