n_obs: 10
data_preparation: 28.852264404296875
writing: 2.0079150199890137
reading: 0.5417029857635498
data_fitting: 109.12127232551575
flux_point: 17.62173056602478
