n_obs: 10
data_preparation: 75.1646671295166
writing: 2.5038511753082275
reading: 0.19833850860595703
data_fitting: 172.11243891716003
flux_point: 32.760485887527466
