n_obs: 10
data_preparation: 36.07455825805664
writing: 1.775482416152954
reading: 1.2823283672332764
data_fitting: 146.4431653022766
flux_point: 49.644001483917236
