n_obs: 10
data_preparation: 104.49051427841187
writing: 3.149325370788574
reading: 0.26807475090026855
data_fitting: 201.55348944664001
flux_point: 39.78910779953003
