n_obs: 10
data_preparation: 31.19068932533264
writing: 2.3785557746887207
reading: 0.5089185237884521
data_fitting: 122.26217985153198
flux_point: 19.018909215927124
