n_obs: 10
data_preparation: 31.826658248901367
writing: 2.354149341583252
reading: 0.20568037033081055
data_fitting: 127.94982862472534
flux_point: 24.683308124542236
