n_obs: 10
data_preparation: 42.01539325714111
writing: 1.7793643474578857
reading: 0.5292642116546631
data_fitting: 155.40805220603943
flux_point: 20.936485767364502
