n_obs: 10
data_preparation: 43.44664764404297
writing: 1.7951252460479736
reading: 0.5261051654815674
data_fitting: 149.19281268119812
flux_point: 20.782554149627686
