n_obs: 10
data_preparation: 115.6474118232727
writing: 3.550856113433838
reading: 0.265150785446167
data_fitting: 231.84146809577942
flux_point: 46.12738919258118
