n_obs: 10
data_preparation: 71.37042045593262
writing: 3.824343681335449
reading: 0.2522099018096924
data_fitting: 211.47047781944275
flux_point: 31.16713523864746
