n_obs: 10
data_preparation: 30.1770122051239
writing: 2.344423532485962
reading: 0.5021560192108154
data_fitting: 123.64592051506042
flux_point: 19.02317237854004
