n_obs: 10
data_preparation: 30.34179663658142
writing: 2.371436595916748
reading: 0.5057535171508789
data_fitting: 130.3247513771057
flux_point: 18.70364785194397
