n_obs: 10
data_preparation: 27.062398433685303
writing: 1.8525290489196777
reading: 0.5370795726776123
data_fitting: 111.62573432922363
flux_point: 16.75977087020874
