n_obs: 10
data_preparation: 98.77361989021301
writing: 2.9394514560699463
reading: 0.23648619651794434
data_fitting: 226.288640499115
flux_point: 41.36704421043396
