n_obs: 10
data_preparation: 30.599588871002197
writing: 2.115851402282715
reading: 0.4935150146484375
data_fitting: 113.3183023929596
flux_point: 19.328179359436035
