n_obs: 10
data_preparation: 55.98452830314636
writing: 2.6520020961761475
reading: 0.20472073554992676
data_fitting: 167.6908836364746
flux_point: 25.097193717956543
