n_obs: 10
data_preparation: 31.546014308929443
writing: 2.0436460971832275
reading: 0.5431532859802246
data_fitting: 106.0990514755249
flux_point: 17.87956929206848
