n_obs: 10
data_preparation: 88.96715879440308
writing: 2.509575843811035
reading: 0.19446086883544922
data_fitting: 193.8132996559143
flux_point: 37.06376814842224
