n_obs: 10
data_preparation: 31.69180202484131
writing: 2.1017138957977295
reading: 0.5092461109161377
data_fitting: 122.78281903266907
flux_point: 20.54969048500061
