n_obs: 10
data_preparation: 31.85171341896057
writing: 2.567974328994751
reading: 0.19100451469421387
data_fitting: 111.0859522819519
flux_point: 13.490903377532959
