n_obs: 10
data_preparation: 106.25659537315369
writing: 3.4682133197784424
reading: 0.28479886054992676
data_fitting: 226.6022629737854
flux_point: 45.738428354263306
