n_obs: 10
data_preparation: 71.91841578483582
writing: 3.409222364425659
reading: 0.2556440830230713
data_fitting: 216.90568733215332
flux_point: 31.158672332763672
