n_obs: 10
data_preparation: 30.379096269607544
writing: 2.108262538909912
reading: 0.5154430866241455
data_fitting: 103.36250162124634
flux_point: 17.849348783493042
