n_obs: 10
data_preparation: 104.721839427948
writing: 3.267333984375
reading: 0.2817368507385254
data_fitting: 219.13238406181335
flux_point: 41.87544131278992
