n_obs: 10
data_preparation: 29.200387001037598
writing: 2.3281800746917725
reading: 0.4921553134918213
data_fitting: 121.08454656600952
flux_point: 17.673712968826294
