n_obs: 10
data_preparation: 28.120258569717407
writing: 1.6653690338134766
reading: 0.5641534328460693
data_fitting: 122.14474081993103
flux_point: 17.227553367614746
