n_obs: 10
data_preparation: 98.22067093849182
writing: 2.804253339767456
reading: 0.20520949363708496
data_fitting: 195.3217236995697
flux_point: 75.48789763450623
