n_obs: 10
data_preparation: 88.29922080039978
writing: 2.508974075317383
reading: 0.19657158851623535
data_fitting: 196.58757090568542
flux_point: 37.12390756607056
