n_obs: 10
data_preparation: 36.33420443534851
writing: 1.9855477809906006
reading: 0.47174072265625
data_fitting: 119.0202705860138
flux_point: 41.95450973510742
