n_obs: 10
data_preparation: 31.208418607711792
writing: 2.116610288619995
reading: 0.521716833114624
data_fitting: 108.05213117599487
flux_point: 18.80454444885254
