n_obs: 10
data_preparation: 38.220773220062256
writing: 1.8424594402313232
reading: 1.3366289138793945
data_fitting: 132.10626196861267
flux_point: 45.44511365890503
