n_obs: 10
data_preparation: 53.23163342475891
writing: 2.5921523571014404
reading: 0.20556950569152832
data_fitting: 160.03061366081238
flux_point: 24.099202871322632
