n_obs: 10
data_preparation: 99.5164201259613
writing: 2.9797072410583496
reading: 0.22994565963745117
data_fitting: 202.98977088928223
flux_point: 38.24252915382385
