n_obs: 10
data_preparation: 93.10708260536194
writing: 2.610320806503296
reading: 0.1992177963256836
data_fitting: 207.07711386680603
flux_point: 40.058807134628296
