n_obs: 10
data_preparation: 27.745052814483643
writing: 1.852461338043213
reading: 0.5439941883087158
data_fitting: 114.33818697929382
flux_point: 17.132230043411255
