n_obs: 10
data_preparation: 82.84394717216492
writing: 4.084913015365601
reading: 0.2924013137817383
data_fitting: 228.1458215713501
flux_point: 34.12740182876587
