n_obs: 10
data_preparation: 98.21126747131348
writing: 3.212069511413574
reading: 0.2593975067138672
data_fitting: 211.53444623947144
flux_point: 73.934002161026
