n_obs: 10
data_preparation: 36.861955881118774
writing: 1.8839085102081299
reading: 0.4423847198486328
data_fitting: 116.64339137077332
flux_point: 42.75727868080139
