n_obs: 10
data_preparation: 30.55243754386902
writing: 2.0271244049072266
reading: 0.5433669090270996
data_fitting: 110.7720091342926
flux_point: 17.551456689834595
