n_obs: 10
data_preparation: 27.54574942588806
writing: 1.5792953968048096
reading: 0.5357122421264648
data_fitting: 106.00042176246643
flux_point: 16.9233717918396
