n_obs: 10
data_preparation: 29.90998673439026
writing: 2.5601136684417725
reading: 0.16475605964660645
data_fitting: 107.96863436698914
flux_point: 15.440304517745972
