n_obs: 10
data_preparation: 29.62096619606018
writing: 2.368983030319214
reading: 0.5052814483642578
data_fitting: 120.54556941986084
flux_point: 18.384626388549805
