n_obs: 10
data_preparation: 30.993149042129517
writing: 2.028093099594116
reading: 0.5456328392028809
data_fitting: 109.95071315765381
flux_point: 17.859445095062256
