n_obs: 10
data_preparation: 62.033567905426025
writing: 2.6718668937683105
reading: 0.2067868709564209
data_fitting: 192.46551990509033
flux_point: 27.43528413772583
