n_obs: 10
data_preparation: 31.391988277435303
writing: 2.0628156661987305
reading: 0.5501995086669922
data_fitting: 108.98303651809692
flux_point: 17.788580179214478
