n_obs: 10
data_preparation: 38.2188446521759
writing: 1.8939969539642334
reading: 0.4863307476043701
data_fitting: 138.8686282634735
flux_point: 25.969844102859497
