n_obs: 10
data_preparation: 107.4732129573822
writing: 3.224452257156372
reading: 0.2817349433898926
data_fitting: 221.93894720077515
flux_point: 45.4839289188385
