n_obs: 10
data_preparation: 63.8425977230072
writing: 2.820370674133301
reading: 0.21010613441467285
data_fitting: 188.68878531455994
flux_point: 26.56951928138733
