n_obs: 10
data_preparation: 93.88240599632263
writing: 2.578023672103882
reading: 0.1982288360595703
data_fitting: 203.2426097393036
flux_point: 40.02752757072449
