n_obs: 10
data_preparation: 31.12080693244934
writing: 1.961775779724121
reading: 0.5288503170013428
data_fitting: 109.15675044059753
flux_point: 18.74422550201416
