n_obs: 10
data_preparation: 30.652403831481934
writing: 2.4958481788635254
reading: 0.1772608757019043
data_fitting: 105.65273404121399
flux_point: 12.678977727890015
