n_obs: 10
data_preparation: 100.64909648895264
writing: 2.951144218444824
reading: 0.22371983528137207
data_fitting: 211.6366422176361
flux_point: 39.098642110824585
