n_obs: 10
data_preparation: 53.86630058288574
writing: 2.5967624187469482
reading: 0.20406866073608398
data_fitting: 161.10060119628906
flux_point: 23.09804344177246
