n_obs: 10
data_preparation: 55.35525941848755
writing: 2.6346685886383057
reading: 0.20307540893554688
data_fitting: 165.6432821750641
flux_point: 24.198143482208252
