n_obs: 10
data_preparation: 38.084442377090454
writing: 2.1090800762176514
reading: 2.9712705612182617
data_fitting: 166.08548069000244
flux_point: 34.02791786193848
