n_obs: 10
data_preparation: 31.242879152297974
writing: 2.536604166030884
reading: 0.18492794036865234
data_fitting: 108.22828698158264
flux_point: 12.977147579193115
