n_obs: 10
data_preparation: 85.0690062046051
writing: 3.2547552585601807
reading: 0.2148892879486084
data_fitting: 197.3874638080597
flux_point: 38.35335826873779
