n_obs: 10
data_preparation: 29.236762762069702
writing: 2.0584654808044434
reading: 0.20608949661254883
data_fitting: 124.67791080474854
flux_point: 33.198153018951416
