n_obs: 10
data_preparation: 30.283709287643433
writing: 2.324965238571167
reading: 0.4889342784881592
data_fitting: 118.8354971408844
flux_point: 18.9088191986084
