n_obs: 10
data_preparation: 30.723182439804077
writing: 2.0626413822174072
reading: 0.4887261390686035
data_fitting: 115.8852219581604
flux_point: 18.77507257461548
