n_obs: 10
data_preparation: 96.68376660346985
writing: 3.0743396282196045
reading: 0.26168251037597656
data_fitting: 207.81340312957764
flux_point: 40.60118794441223
