n_obs: 10
data_preparation: 30.778214693069458
writing: 2.534802198410034
reading: 0.18834805488586426
data_fitting: 108.89473366737366
flux_point: 13.494081497192383
