n_obs: 10
data_preparation: 57.437581062316895
writing: 2.6629576683044434
reading: 0.2112112045288086
data_fitting: 169.33219695091248
flux_point: 25.776845932006836
