n_obs: 10
data_preparation: 90.45730900764465
writing: 3.073350429534912
reading: 0.21124482154846191
data_fitting: 195.47715187072754
flux_point: 39.719199657440186
