n_obs: 10
data_preparation: 36.9075391292572
writing: 2.678497791290283
reading: 0.2886202335357666
data_fitting: 187.23280024528503
flux_point: 66.81811046600342
