n_obs: 10
data_preparation: 30.489553451538086
writing: 1.9020171165466309
reading: 0.5265078544616699
data_fitting: 105.60191869735718
flux_point: 17.649510860443115
