n_obs: 10
data_preparation: 31.40387535095215
writing: 2.121516227722168
reading: 0.5692145824432373
data_fitting: 116.12536215782166
flux_point: 18.127254247665405
