n_obs: 10
data_preparation: 31.69785213470459
writing: 2.5280497074127197
reading: 0.17961621284484863
data_fitting: 110.21048069000244
flux_point: 13.277851104736328
