n_obs: 10
data_preparation: 31.143953800201416
writing: 2.377744197845459
reading: 0.14569497108459473
data_fitting: 104.3000271320343
flux_point: 12.430827617645264
