n_obs: 10
data_preparation: 35.090392112731934
writing: 2.2166504859924316
reading: 0.5067095756530762
data_fitting: 138.68326115608215
flux_point: 25.625808715820312
