n_obs: 10
data_preparation: 30.49074387550354
writing: 2.331019639968872
reading: 0.13933372497558594
data_fitting: 103.77050447463989
flux_point: 12.432574033737183
