n_obs: 10
data_preparation: 112.52257704734802
writing: 3.533336877822876
reading: 0.2850947380065918
data_fitting: 229.34429097175598
flux_point: 46.07865262031555
