n_obs: 10
data_preparation: 42.5944938659668
writing: 2.572071075439453
reading: 3.3173060417175293
data_fitting: 178.27873396873474
flux_point: 41.80079126358032
