n_obs: 10
data_preparation: 37.676637172698975
writing: 1.9086718559265137
reading: 1.419147253036499
data_fitting: 115.83301377296448
flux_point: 23.60059642791748
