n_obs: 10
data_preparation: 30.85844349861145
writing: 2.0522003173828125
reading: 0.5522890090942383
data_fitting: 106.90026760101318
flux_point: 17.79456377029419
