n_obs: 10
data_preparation: 31.05571722984314
writing: 2.076495409011841
reading: 0.5494077205657959
data_fitting: 112.00055003166199
flux_point: 18.493106603622437
