n_obs: 10
data_preparation: 30.765801906585693
writing: 2.3464913368225098
reading: 0.1403496265411377
data_fitting: 103.95971965789795
flux_point: 12.296241044998169
