n_obs: 10
data_preparation: 29.88749074935913
writing: 2.542776346206665
reading: 0.169158935546875
data_fitting: 106.94930934906006
flux_point: 15.437212228775024
