n_obs: 10
data_preparation: 72.09343409538269
writing: 3.116689682006836
reading: 0.22335529327392578
data_fitting: 233.4027717113495
flux_point: 31.15829873085022
