n_obs: 10
data_preparation: 30.886531591415405
writing: 2.0381550788879395
reading: 0.5537986755371094
data_fitting: 107.8611581325531
flux_point: 17.778659343719482
