n_obs: 10
data_preparation: 36.74482774734497
writing: 1.8890435695648193
reading: 1.353795051574707
data_fitting: 302.80978870391846
flux_point: 78.9249153137207
