n_obs: 10
data_preparation: 31.061159133911133
writing: 2.058318853378296
reading: 0.5496199131011963
data_fitting: 108.01399564743042
flux_point: 17.68006992340088
