n_obs: 10
data_preparation: 76.24481225013733
writing: 2.537534236907959
reading: 0.19857025146484375
data_fitting: 171.44002676010132
flux_point: 33.15538215637207
