n_obs: 10
data_preparation: 95.98113703727722
writing: 3.9377946853637695
reading: 0.2539827823638916
data_fitting: 519.6551494598389
flux_point: 48.95048427581787
