n_obs: 10
data_preparation: 30.133492946624756
writing: 2.3999991416931152
reading: 0.5101122856140137
data_fitting: 123.36660528182983
flux_point: 18.64746880531311
