n_obs: 10
data_preparation: 36.659358978271484
writing: 2.7040553092956543
reading: 0.2407526969909668
data_fitting: 150.40764832496643
flux_point: 28.633200645446777
