n_obs: 10
data_preparation: 31.882181882858276
writing: 3.9646499156951904
reading: 3.0637362003326416
data_fitting: 405.6961510181427
flux_point: 69.00974106788635
