n_obs: 10
data_preparation: 30.307490348815918
writing: 1.4973599910736084
reading: 1.105778455734253
data_fitting: 91.9635922908783
flux_point: 18.507344484329224
