n_obs: 10
data_preparation: 93.43865466117859
writing: 2.849541187286377
reading: 0.18817806243896484
data_fitting: 198.27755570411682
flux_point: 38.97951412200928
