n_obs: 10
data_preparation: 68.51044082641602
writing: 2.7605714797973633
reading: 0.20445752143859863
data_fitting: 199.0872344970703
flux_point: 29.44098687171936
