n_obs: 10
data_preparation: 34.93486499786377
writing: 2.9836068153381348
reading: 0.2838573455810547
data_fitting: 166.07219982147217
flux_point: 61.48901963233948
