n_obs: 10
data_preparation: 30.652251720428467
writing: 2.3304555416107178
reading: 0.49655842781066895
data_fitting: 131.0857436656952
flux_point: 18.621944427490234
