n_obs: 10
data_preparation: 92.39919352531433
writing: 3.062709093093872
reading: 0.2691020965576172
data_fitting: 479.2738072872162
flux_point: 50.51853966712952
