n_obs: 10
data_preparation: 91.08661770820618
writing: 2.7148444652557373
reading: 0.2156991958618164
data_fitting: 462.17992973327637
flux_point: 44.29204988479614
