n_obs: 10
data_preparation: 53.78546667098999
writing: 2.606184959411621
reading: 0.2023475170135498
data_fitting: 163.13131499290466
flux_point: 23.379345178604126
