n_obs: 10
data_preparation: 24.35192108154297
writing: 3.0896708965301514
reading: 1.4068892002105713
data_fitting: 283.3052451610565
flux_point: 76.44017910957336
