n_obs: 10
data_preparation: 117.70771741867065
writing: 3.3339650630950928
reading: 0.25904130935668945
data_fitting: 224.65704917907715
flux_point: 46.34145665168762
