n_obs: 10
data_preparation: 31.0620276927948
writing: 2.054692268371582
reading: 0.5599610805511475
data_fitting: 105.88744258880615
flux_point: 17.789029598236084
