n_obs: 10
data_preparation: 52.85769867897034
writing: 2.924976348876953
reading: 0.20380568504333496
data_fitting: 174.0670244693756
flux_point: 23.419310569763184
