n_obs: 10
data_preparation: 27.8174831867218
writing: 1.8533451557159424
reading: 0.5297079086303711
data_fitting: 112.7381944656372
flux_point: 17.015713453292847
