n_obs: 10
data_preparation: 35.95781755447388
writing: 2.169649839401245
reading: 3.018691301345825
data_fitting: 150.42065501213074
flux_point: 33.69820833206177
