n_obs: 10
data_preparation: 84.8696174621582
writing: 2.466491222381592
reading: 0.19177818298339844
data_fitting: 184.35809063911438
flux_point: 35.00149369239807
