n_obs: 10
data_preparation: 55.52411508560181
writing: 2.9313323497772217
reading: 0.20661711692810059
data_fitting: 166.82944297790527
flux_point: 23.97934627532959
