n_obs: 10
data_preparation: 31.99873638153076
writing: 1.9920463562011719
reading: 0.5287594795227051
data_fitting: 109.60780191421509
flux_point: 18.660093307495117
