n_obs: 10
data_preparation: 31.52054190635681
writing: 2.386544942855835
reading: 0.2030491828918457
data_fitting: 129.45024347305298
flux_point: 49.49995136260986
