n_obs: 10
data_preparation: 91.93317675590515
writing: 2.3696749210357666
reading: 0.17809367179870605
data_fitting: 199.55699253082275
flux_point: 39.64323544502258
