n_obs: 10
data_preparation: 29.220579624176025
writing: 1.8890080451965332
reading: 0.558051586151123
data_fitting: 110.36819386482239
flux_point: 17.2609384059906
