n_obs: 10
data_preparation: 30.845990419387817
writing: 2.5248208045959473
reading: 0.16892290115356445
data_fitting: 109.82491207122803
flux_point: 15.758989095687866
