n_obs: 10
data_preparation: 89.05697846412659
writing: 2.8059816360473633
reading: 0.20972633361816406
data_fitting: 194.92751622200012
flux_point: 37.49662208557129
