n_obs: 10
data_preparation: 76.18092894554138
writing: 2.5022037029266357
reading: 0.19298744201660156
data_fitting: 164.17066359519958
flux_point: 33.48434925079346
