n_obs: 10
data_preparation: 29.732574462890625
writing: 2.3693182468414307
reading: 0.49845433235168457
data_fitting: 120.2343578338623
flux_point: 18.233716249465942
