n_obs: 10
data_preparation: 94.43590807914734
writing: 3.1770217418670654
reading: 0.25268030166625977
data_fitting: 510.6359920501709
flux_point: 48.30505728721619
