n_obs: 10
data_preparation: 31.120730876922607
writing: 2.3891022205352783
reading: 0.5068392753601074
data_fitting: 130.01566100120544
flux_point: 20.066670179367065
