n_obs: 10
data_preparation: 30.01297092437744
writing: 2.46125864982605
reading: 0.5238115787506104
data_fitting: 137.2515881061554
flux_point: 22.28407907485962
