n_obs: 10
data_preparation: 31.344486951828003
writing: 2.0251107215881348
reading: 0.5450208187103271
data_fitting: 109.582190990448
flux_point: 17.840046167373657
