n_obs: 10
data_preparation: 27.947863817214966
writing: 1.765388011932373
reading: 0.5463268756866455
data_fitting: 124.3564829826355
flux_point: 17.290305852890015
