n_obs: 10
data_preparation: 87.7295138835907
writing: 2.7472009658813477
reading: 0.19818830490112305
data_fitting: 196.76277613639832
flux_point: 37.782111167907715
