n_obs: 10
data_preparation: 91.19018149375916
writing: 2.8424313068389893
reading: 0.21170568466186523
data_fitting: 204.1661193370819
flux_point: 40.33664345741272
