n_obs: 10
data_preparation: 75.61645936965942
writing: 2.5881507396698
reading: 0.1921248435974121
data_fitting: 161.97577714920044
flux_point: 29.668155670166016
