n_obs: 10
data_preparation: 31.048752307891846
writing: 2.507111072540283
reading: 0.16584324836730957
data_fitting: 108.62312126159668
flux_point: 15.741727113723755
