n_obs: 10
data_preparation: 85.11690592765808
writing: 2.5071659088134766
reading: 0.19698691368103027
data_fitting: 189.07622814178467
flux_point: 35.89235544204712
