n_obs: 10
data_preparation: 34.052786350250244
writing: 2.535871744155884
reading: 0.22828340530395508
data_fitting: 136.65329718589783
flux_point: 27.196004152297974
