n_obs: 10
data_preparation: 103.70474863052368
writing: 3.532477617263794
reading: 0.3112199306488037
data_fitting: 517.1313767433167
flux_point: 49.82365965843201
