n_obs: 10
data_preparation: 30.875739812850952
writing: 2.1141576766967773
reading: 0.5137088298797607
data_fitting: 113.48349356651306
flux_point: 18.336695909500122
