n_obs: 10
data_preparation: 105.9698634147644
writing: 3.1840529441833496
reading: 0.27927255630493164
data_fitting: 517.0255553722382
flux_point: 47.48605489730835
