n_obs: 10
data_preparation: 27.494179725646973
writing: 1.568162441253662
reading: 0.5288586616516113
data_fitting: 109.03596520423889
flux_point: 16.956412315368652
