n_obs: 10
data_preparation: 98.88624048233032
writing: 2.6198248863220215
reading: 0.20250391960144043
data_fitting: 220.33048820495605
flux_point: 43.526248931884766
