n_obs: 10
data_preparation: 32.09004044532776
writing: 2.162217617034912
reading: 0.5833241939544678
data_fitting: 111.16708660125732
flux_point: 18.20647382736206
