n_obs: 10
data_preparation: 87.26316928863525
writing: 2.5934336185455322
reading: 0.19227933883666992
data_fitting: 177.52854871749878
flux_point: 35.98091101646423
