n_obs: 10
data_preparation: 94.08103132247925
writing: 2.6195013523101807
reading: 0.20073223114013672
data_fitting: 213.95446038246155
flux_point: 41.537408113479614
