n_obs: 10
data_preparation: 35.02196931838989
writing: 2.9297471046447754
reading: 0.27582573890686035
data_fitting: 171.80974125862122
flux_point: 62.6711962223053
