n_obs: 10
data_preparation: 90.97971510887146
writing: 3.006850481033325
reading: 0.2361748218536377
data_fitting: 200.2824203968048
flux_point: 37.238709688186646
