n_obs: 10
data_preparation: 90.66222524642944
writing: 3.1719563007354736
reading: 0.27443766593933105
data_fitting: 521.6666519641876
flux_point: 45.69958782196045
