n_obs: 10
data_preparation: 30.27346682548523
writing: 2.3177692890167236
reading: 0.49375081062316895
data_fitting: 131.21406316757202
flux_point: 18.63588809967041
