n_obs: 10
data_preparation: 39.5367636680603
writing: 1.963921308517456
reading: 0.470844030380249
data_fitting: 126.82157039642334
flux_point: 37.32609677314758
