n_obs: 10
data_preparation: 95.42959308624268
writing: 2.864597797393799
reading: 0.21030592918395996
data_fitting: 297.03334403038025
flux_point: 47.321341037750244
