n_obs: 10
data_preparation: 30.87631106376648
writing: 2.0729427337646484
reading: 0.4987194538116455
data_fitting: 116.59683394432068
flux_point: 18.9111430644989
