n_obs: 10
data_preparation: 106.56024551391602
writing: 3.28717041015625
reading: 0.2838175296783447
data_fitting: 493.6742217540741
flux_point: 49.79090595245361
