n_obs: 10
data_preparation: 92.55478239059448
writing: 3.1514549255371094
reading: 0.24534225463867188
data_fitting: 207.13656044006348
flux_point: 38.925862550735474
