n_obs: 10
data_preparation: 41.979187965393066
writing: 2.6871325969696045
reading: 0.6108877658843994
data_fitting: 167.46063899993896
flux_point: 30.878374814987183
