n_obs: 10
data_preparation: 78.68824005126953
writing: 2.6688854694366455
reading: 0.19568443298339844
data_fitting: 168.19797945022583
flux_point: 30.94479751586914
