n_obs: 10
data_preparation: 118.46185636520386
writing: 4.0508692264556885
reading: 0.3353128433227539
data_fitting: 262.59995436668396
flux_point: 53.104689598083496
