n_obs: 10
data_preparation: 30.47347664833069
writing: 2.476907968521118
reading: 0.1689167022705078
data_fitting: 106.08287167549133
flux_point: 12.516030550003052
