n_obs: 10
data_preparation: 31.472086668014526
writing: 2.131962299346924
reading: 0.5049700736999512
data_fitting: 119.07063889503479
flux_point: 18.95074987411499
