n_obs: 10
data_preparation: 30.919917583465576
writing: 2.3320674896240234
reading: 0.49184584617614746
data_fitting: 120.01433563232422
flux_point: 18.718144178390503
