n_obs: 10
data_preparation: 37.09635043144226
writing: 3.0518460273742676
reading: 0.2756025791168213
data_fitting: 159.3493208885193
flux_point: 60.547815561294556
