n_obs: 10
data_preparation: 30.949047565460205
writing: 2.0442745685577393
reading: 0.5525095462799072
data_fitting: 108.13952803611755
flux_point: 17.934563875198364
