n_obs: 10
data_preparation: 40.57278656959534
writing: 2.3554909229278564
reading: 3.18780779838562
data_fitting: 167.91568446159363
flux_point: 41.49757742881775
