n_obs: 10
data_preparation: 30.78071355819702
writing: 2.092660665512085
reading: 0.5861096382141113
data_fitting: 109.82866621017456
flux_point: 18.146313190460205
