n_obs: 10
data_preparation: 103.01634073257446
writing: 3.387047052383423
reading: 0.283017635345459
data_fitting: 224.0460958480835
flux_point: 45.74767303466797
