n_obs: 10
data_preparation: 94.41609954833984
writing: 2.778087615966797
reading: 0.20567846298217773
data_fitting: 207.13268733024597
flux_point: 39.89818716049194
