n_obs: 10
data_preparation: 31.30576205253601
writing: 2.1191701889038086
reading: 0.517465353012085
data_fitting: 116.22220468521118
flux_point: 18.83046245574951
