n_obs: 10
data_preparation: 37.90203642845154
writing: 3.0888328552246094
reading: 0.20696234703063965
data_fitting: 132.67961835861206
flux_point: 19.439791679382324
