n_obs: 10
data_preparation: 29.642048120498657
writing: 2.352924108505249
reading: 0.4996659755706787
data_fitting: 121.32626986503601
flux_point: 18.355081796646118
