n_obs: 10
data_preparation: 31.74931025505066
writing: 2.0605006217956543
reading: 0.5546622276306152
data_fitting: 108.16881442070007
flux_point: 17.76542615890503
