n_obs: 10
data_preparation: 32.366894483566284
writing: 2.072443723678589
reading: 0.5614395141601562
data_fitting: 111.93759059906006
flux_point: 18.46247172355652
