n_obs: 10
data_preparation: 104.95976305007935
writing: 3.3113181591033936
reading: 0.26871442794799805
data_fitting: 218.05275130271912
flux_point: 43.8976833820343
