n_obs: 10
data_preparation: 31.125874042510986
writing: 2.1213185787200928
reading: 0.5372302532196045
data_fitting: 108.53135347366333
flux_point: 18.7026584148407
