n_obs: 10
data_preparation: 95.0911796092987
writing: 2.599642753601074
reading: 0.19521212577819824
data_fitting: 198.63059258460999
flux_point: 41.81611633300781
