n_obs: 10
data_preparation: 42.88523817062378
writing: 2.163309097290039
reading: 1.5040817260742188
data_fitting: 159.34211134910583
flux_point: 55.04596304893494
