n_obs: 10
data_preparation: 30.941498279571533
writing: 2.086216926574707
reading: 0.4979994297027588
data_fitting: 117.0569212436676
flux_point: 18.925129175186157
