n_obs: 10
data_preparation: 27.7006094455719
writing: 1.875617265701294
reading: 0.5472078323364258
data_fitting: 113.93814873695374
flux_point: 16.978887796401978
