n_obs: 10
data_preparation: 28.279014110565186
writing: 1.873157024383545
reading: 0.5527448654174805
data_fitting: 116.98672580718994
flux_point: 17.508642435073853
