n_obs: 10
data_preparation: 30.009913682937622
writing: 2.598759889602661
reading: 0.17127633094787598
data_fitting: 108.25114703178406
flux_point: 15.39531421661377
