n_obs: 10
data_preparation: 31.000746488571167
writing: 2.013183832168579
reading: 0.5480883121490479
data_fitting: 108.26340675354004
flux_point: 17.59725522994995
