n_obs: 10
data_preparation: 33.384968280792236
writing: 2.162595510482788
reading: 0.5102975368499756
data_fitting: 124.13268208503723
flux_point: 19.757633686065674
