n_obs: 10
data_preparation: 92.70287251472473
writing: 2.756324291229248
reading: 0.21609020233154297
data_fitting: 479.2435779571533
flux_point: 44.79901909828186
