n_obs: 10
data_preparation: 31.236870527267456
writing: 1.9392621517181396
reading: 0.5271663665771484
data_fitting: 104.97516345977783
flux_point: 17.825824975967407
