n_obs: 10
data_preparation: 29.412183046340942
writing: 2.1238913536071777
reading: 0.5100178718566895
data_fitting: 120.61941146850586
flux_point: 18.661795377731323
