n_obs: 10
data_preparation: 31.302143335342407
writing: 2.05989408493042
reading: 0.5549051761627197
data_fitting: 107.697340965271
flux_point: 17.905739784240723
