n_obs: 10
data_preparation: 30.16657257080078
writing: 2.5515546798706055
reading: 0.16835427284240723
data_fitting: 107.99840712547302
flux_point: 15.839680433273315
