n_obs: 10
data_preparation: 29.359875202178955
writing: 2.3270416259765625
reading: 0.2710092067718506
data_fitting: 110.2517192363739
flux_point: 14.025986671447754
