n_obs: 10
data_preparation: 95.7716634273529
writing: 2.597169876098633
reading: 0.19231438636779785
data_fitting: 183.73929238319397
flux_point: 39.603781938552856
