n_obs: 10
data_preparation: 116.35652828216553
writing: 3.4666173458099365
reading: 0.2883589267730713
data_fitting: 239.4623613357544
flux_point: 48.37651085853577
