n_obs: 10
data_preparation: 29.20367121696472
writing: 2.3324458599090576
reading: 0.5050859451293945
data_fitting: 128.9848906993866
flux_point: 20.122209072113037
