n_obs: 10
data_preparation: 20.753154277801514
writing: 1.6820392608642578
reading: 2.413182497024536
data_fitting: 200.81367659568787
flux_point: 49.24802780151367
