n_obs: 10
data_preparation: 29.36958336830139
writing: 2.3052313327789307
reading: 0.4957764148712158
data_fitting: 128.89963626861572
flux_point: 19.54482340812683
