n_obs: 10
data_preparation: 102.14116597175598
writing: 2.9584696292877197
reading: 0.23309850692749023
data_fitting: 230.59484720230103
flux_point: 44.04048562049866
