n_obs: 10
data_preparation: 30.8343825340271
writing: 2.343641996383667
reading: 0.1445760726928711
data_fitting: 103.81453919410706
flux_point: 12.566926002502441
