n_obs: 10
data_preparation: 86.4755916595459
writing: 2.551706075668335
reading: 0.19806504249572754
data_fitting: 183.54513573646545
flux_point: 37.46325659751892
