n_obs: 10
data_preparation: 30.550132989883423
writing: 2.0334279537200928
reading: 0.5431845188140869
data_fitting: 107.02607846260071
flux_point: 17.546159029006958
