n_obs: 10
data_preparation: 30.05324411392212
writing: 2.3799731731414795
reading: 0.2752187252044678
data_fitting: 112.02606391906738
flux_point: 14.383721590042114
