n_obs: 10
data_preparation: 100.91579031944275
writing: 3.405654191970825
reading: 0.2717134952545166
data_fitting: 226.98300099372864
flux_point: 44.71388077735901
