n_obs: 10
data_preparation: 92.3983564376831
writing: 3.1543991565704346
reading: 0.2456355094909668
data_fitting: 214.63659715652466
flux_point: 38.717020988464355
