n_obs: 10
data_preparation: 108.77440142631531
writing: 3.8715603351593018
reading: 0.3189051151275635
data_fitting: 226.98559427261353
flux_point: 84.16958498954773
