n_obs: 10
data_preparation: 97.12410736083984
writing: 3.4621169567108154
reading: 0.2783632278442383
data_fitting: 224.05709767341614
flux_point: 42.67048144340515
