n_obs: 10
data_preparation: 36.26830792427063
writing: 1.866307020187378
reading: 0.4538726806640625
data_fitting: 113.58168387413025
flux_point: 26.366319179534912
