n_obs: 10
data_preparation: 40.74280118942261
writing: 2.464273452758789
reading: 3.2356746196746826
data_fitting: 154.90520930290222
flux_point: 41.89032793045044
