n_obs: 10
data_preparation: 29.38755440711975
writing: 2.3271474838256836
reading: 0.5002763271331787
data_fitting: 128.40785145759583
flux_point: 19.366276502609253
