n_obs: 10
data_preparation: 30.75986337661743
writing: 1.9500024318695068
reading: 0.5201475620269775
data_fitting: 106.71145510673523
flux_point: 18.470771551132202
