n_obs: 10
data_preparation: 31.29055404663086
writing: 3.8314380645751953
reading: 2.8159849643707275
data_fitting: 392.4204158782959
flux_point: 70.89929509162903
