n_obs: 10
data_preparation: 22.990280389785767
writing: 1.97365403175354
reading: 1.365321397781372
data_fitting: 220.37527441978455
flux_point: 55.57213568687439
