n_obs: 10
data_preparation: 95.48667621612549
writing: 3.208587169647217
reading: 0.2511014938354492
data_fitting: 217.26769375801086
flux_point: 41.60137915611267
