n_obs: 10
data_preparation: 98.76415205001831
writing: 3.072028160095215
reading: 0.2162940502166748
data_fitting: 211.40265798568726
flux_point: 42.19024968147278
