n_obs: 10
data_preparation: 31.73829460144043
writing: 2.5930635929107666
reading: 0.1715085506439209
data_fitting: 112.92629480361938
flux_point: 16.028613328933716
