n_obs: 10
data_preparation: 30.701578378677368
writing: 2.49662184715271
reading: 0.17915844917297363
data_fitting: 106.4787027835846
flux_point: 12.72988748550415
