n_obs: 10
data_preparation: 30.97088050842285
writing: 2.390005111694336
reading: 0.14082813262939453
data_fitting: 104.87293004989624
flux_point: 12.637047529220581
