n_obs: 10
data_preparation: 31.092193126678467
writing: 2.5256094932556152
reading: 0.18086671829223633
data_fitting: 106.90912342071533
flux_point: 12.737282991409302
