n_obs: 10
data_preparation: 30.742571115493774
writing: 2.4623329639434814
reading: 0.17485761642456055
data_fitting: 106.36333775520325
flux_point: 12.60519289970398
