n_obs: 10
data_preparation: 77.00838041305542
writing: 2.634462594985962
reading: 0.19660234451293945
data_fitting: 166.85673213005066
flux_point: 33.06449246406555
