n_obs: 10
data_preparation: 29.209035873413086
writing: 2.3071532249450684
reading: 0.27350592613220215
data_fitting: 109.0493369102478
flux_point: 13.924639225006104
