n_obs: 10
data_preparation: 101.07303237915039
writing: 3.238097667694092
reading: 0.28055667877197266
data_fitting: 221.73943734169006
flux_point: 43.75018668174744
