n_obs: 10
data_preparation: 30.968998670578003
writing: 1.9962503910064697
reading: 0.5462939739227295
data_fitting: 104.21740794181824
flux_point: 17.813093900680542
