n_obs: 10
data_preparation: 31.24575400352478
writing: 2.065051555633545
reading: 0.556419849395752
data_fitting: 111.04837656021118
flux_point: 17.770179986953735
