n_obs: 10
data_preparation: 76.42007851600647
writing: 2.588639974594116
reading: 0.19219565391540527
data_fitting: 163.0567524433136
flux_point: 30.016543865203857
