n_obs: 10
data_preparation: 31.360851287841797
writing: 2.1887617111206055
reading: 0.578545093536377
data_fitting: 112.68152022361755
flux_point: 18.5522940158844
