n_obs: 10
data_preparation: 31.199110746383667
writing: 2.1064164638519287
reading: 0.49643731117248535
data_fitting: 117.0594973564148
flux_point: 18.92274236679077
