n_obs: 10
data_preparation: 31.654541969299316
writing: 2.0522377490997314
reading: 0.5471642017364502
data_fitting: 109.91231346130371
flux_point: 18.105995893478394
