n_obs: 10
data_preparation: 31.084218502044678
writing: 2.1112008094787598
reading: 0.5499663352966309
data_fitting: 109.23033666610718
flux_point: 18.039313077926636
