n_obs: 10
data_preparation: 29.173351287841797
writing: 2.35872745513916
reading: 0.49932050704956055
data_fitting: 119.94257998466492
flux_point: 18.698238849639893
