n_obs: 10
data_preparation: 31.20955181121826
writing: 1.9398980140686035
reading: 0.524876594543457
data_fitting: 104.80930852890015
flux_point: 17.832562923431396
