n_obs: 10
data_preparation: 30.887396097183228
writing: 2.564831018447876
reading: 0.16800642013549805
data_fitting: 108.59549927711487
flux_point: 15.479775428771973
