n_obs: 10
data_preparation: 102.85907554626465
writing: 3.534583568572998
reading: 0.27532958984375
data_fitting: 221.05096459388733
flux_point: 40.381579637527466
