n_obs: 10
data_preparation: 30.805330991744995
writing: 2.5256214141845703
reading: 0.17278313636779785
data_fitting: 106.28708982467651
flux_point: 12.42119026184082
