n_obs: 10
data_preparation: 32.159773111343384
writing: 2.068391799926758
reading: 0.5474240779876709
data_fitting: 109.54530811309814
flux_point: 17.845330715179443
