n_obs: 10
data_preparation: 26.475632190704346
writing: 1.4833006858825684
reading: 0.44667625427246094
data_fitting: 100.34290957450867
flux_point: 16.896621465682983
