n_obs: 10
data_preparation: 30.835731267929077
writing: 2.4935638904571533
reading: 0.1791374683380127
data_fitting: 112.68544459342957
flux_point: 12.80778956413269
