n_obs: 10
data_preparation: 124.33126068115234
writing: 3.93438720703125
reading: 0.3054227828979492
data_fitting: 254.11159658432007
flux_point: 46.0241584777832
