n_obs: 10
data_preparation: 31.73946714401245
writing: 2.103163242340088
reading: 0.5637941360473633
data_fitting: 110.64956974983215
flux_point: 18.20343780517578
