n_obs: 10
data_preparation: 36.707091331481934
writing: 1.8095729351043701
reading: 1.305582046508789
data_fitting: 125.7886209487915
flux_point: 41.23575782775879
