n_obs: 10
data_preparation: 97.09204387664795
writing: 3.257596492767334
reading: 0.2491445541381836
data_fitting: 216.43360686302185
flux_point: 40.46821117401123
