n_obs: 10
data_preparation: 93.56101202964783
writing: 2.954575300216675
reading: 0.24644017219543457
data_fitting: 468.84657979011536
flux_point: 43.053483724594116
