n_obs: 10
data_preparation: 37.254167556762695
writing: 1.8860552310943604
reading: 1.3872601985931396
data_fitting: 114.80350923538208
flux_point: 24.028850078582764
