n_obs: 10
data_preparation: 94.75153589248657
writing: 2.82004451751709
reading: 0.21722173690795898
data_fitting: 191.4348587989807
flux_point: 38.70565629005432
