n_obs: 10
data_preparation: 29.510106086730957
writing: 2.3071179389953613
reading: 0.4911062717437744
data_fitting: 132.6105341911316
flux_point: 17.523494005203247
