n_obs: 10
data_preparation: 31.20381760597229
writing: 1.9708843231201172
reading: 0.5400795936584473
data_fitting: 109.15768384933472
flux_point: 18.23904275894165
