n_obs: 10
data_preparation: 29.563665628433228
writing: 2.553253650665283
reading: 0.1695258617401123
data_fitting: 107.89962935447693
flux_point: 15.617034196853638
