n_obs: 10
data_preparation: 67.97237348556519
writing: 2.970837116241455
reading: 0.20916247367858887
data_fitting: 203.83314108848572
flux_point: 29.376026153564453
