n_obs: 10
data_preparation: 98.34698534011841
writing: 3.1862971782684326
reading: 0.25094079971313477
data_fitting: 220.72048425674438
flux_point: 41.46326994895935
