n_obs: 10
data_preparation: 90.78876781463623
writing: 3.369513988494873
reading: 0.21167922019958496
data_fitting: 196.01004219055176
flux_point: 39.58702731132507
