n_obs: 10
data_preparation: 94.60182642936707
writing: 2.9276535511016846
reading: 0.22507786750793457
data_fitting: 189.86875796318054
flux_point: 38.08283972740173
