n_obs: 10
data_preparation: 31.642507553100586
writing: 2.078719139099121
reading: 0.5610916614532471
data_fitting: 109.73053431510925
flux_point: 18.140825986862183
