n_obs: 10
data_preparation: 70.52816009521484
writing: 2.8580806255340576
reading: 0.22446012496948242
data_fitting: 212.66966557502747
flux_point: 31.649688482284546
