n_obs: 10
data_preparation: 120.35266447067261
writing: 4.085070610046387
reading: 0.3162803649902344
data_fitting: 246.82374358177185
flux_point: 48.74335861206055
