n_obs: 10
data_preparation: 45.40795636177063
writing: 2.7440807819366455
reading: 0.5238204002380371
data_fitting: 146.84617042541504
flux_point: 25.909314155578613
