n_obs: 10
data_preparation: 32.0969078540802
writing: 2.4873905181884766
reading: 0.1753697395324707
data_fitting: 107.84504914283752
flux_point: 12.626352071762085
