n_obs: 10
data_preparation: 94.14093446731567
writing: 2.829878330230713
reading: 0.2181861400604248
data_fitting: 462.52559876441956
flux_point: 46.32788920402527
