n_obs: 10
data_preparation: 103.64281463623047
writing: 3.5973563194274902
reading: 0.25165653228759766
data_fitting: 226.56921315193176
flux_point: 41.74895668029785
