n_obs: 10
data_preparation: 73.60563588142395
writing: 2.461862325668335
reading: 0.19459271430969238
data_fitting: 167.98577761650085
flux_point: 32.09696912765503
