n_obs: 10
data_preparation: 29.992037534713745
writing: 2.4809978008270264
reading: 0.1707901954650879
data_fitting: 106.4015760421753
flux_point: 12.508466482162476
