n_obs: 10
data_preparation: 31.480424165725708
writing: 2.342176914215088
reading: 0.1439650058746338
data_fitting: 105.1521303653717
flux_point: 12.712606191635132
