n_obs: 10
data_preparation: 87.42031741142273
writing: 2.5555789470672607
reading: 0.19967222213745117
data_fitting: 197.16381168365479
flux_point: 37.98301339149475
