n_obs: 10
data_preparation: 30.343769311904907
writing: 2.1045784950256348
reading: 0.5767252445220947
data_fitting: 117.37468338012695
flux_point: 18.661782026290894
