n_obs: 10
data_preparation: 30.403499126434326
writing: 2.0997393131256104
reading: 0.4866306781768799
data_fitting: 113.66738796234131
flux_point: 18.85168981552124
