n_obs: 10
data_preparation: 107.08009672164917
writing: 3.385342597961426
reading: 0.2856578826904297
data_fitting: 231.68380999565125
flux_point: 43.50297498703003
