n_obs: 10
data_preparation: 31.52564239501953
writing: 2.131894111633301
reading: 0.5250186920166016
data_fitting: 107.13885140419006
flux_point: 18.195862770080566
