n_obs: 10
data_preparation: 27.477051734924316
writing: 1.6000559329986572
reading: 0.5436801910400391
data_fitting: 105.98752856254578
flux_point: 17.151641368865967
