n_obs: 10
data_preparation: 30.324405193328857
writing: 2.360004425048828
reading: 0.49780964851379395
data_fitting: 122.49900722503662
flux_point: 18.174540519714355
