n_obs: 10
data_preparation: 95.38833951950073
writing: 3.437845230102539
reading: 0.29259562492370605
data_fitting: 484.8527133464813
flux_point: 47.588250160217285
