n_obs: 10
data_preparation: 31.182325839996338
writing: 2.107132911682129
reading: 0.5610833168029785
data_fitting: 111.1135106086731
flux_point: 18.1124587059021
