n_obs: 10
data_preparation: 29.882226705551147
writing: 2.326028347015381
reading: 0.5055365562438965
data_fitting: 124.81692028045654
flux_point: 18.522405862808228
