n_obs: 10
data_preparation: 113.12866353988647
writing: 3.6470096111297607
reading: 0.3036224842071533
data_fitting: 540.1546626091003
flux_point: 53.577592849731445
