n_obs: 10
data_preparation: 97.18191576004028
writing: 2.571949005126953
reading: 0.19443821907043457
data_fitting: 210.84384989738464
flux_point: 41.80672073364258
