n_obs: 10
data_preparation: 98.7448091506958
writing: 2.588681221008301
reading: 0.20311450958251953
data_fitting: 216.74918389320374
flux_point: 43.129565954208374
