n_obs: 10
data_preparation: 30.833563566207886
writing: 1.9682273864746094
reading: 0.5393712520599365
data_fitting: 109.94064521789551
flux_point: 18.76291561126709
