n_obs: 10
data_preparation: 31.575891971588135
writing: 2.6111814975738525
reading: 0.19123101234436035
data_fitting: 109.80423974990845
flux_point: 13.32780647277832
