n_obs: 10
data_preparation: 98.81640934944153
writing: 3.0360910892486572
reading: 0.22870731353759766
data_fitting: 210.8224160671234
flux_point: 37.86126899719238
