n_obs: 10
data_preparation: 95.44897127151489
writing: 2.948296308517456
reading: 0.22478961944580078
data_fitting: 212.69769883155823
flux_point: 44.32378053665161
