n_obs: 10
data_preparation: 62.761420249938965
writing: 2.7682011127471924
reading: 0.21727442741394043
data_fitting: 202.54948163032532
flux_point: 26.988595485687256
