n_obs: 10
data_preparation: 30.98417901992798
writing: 2.322963237762451
reading: 0.14366602897644043
data_fitting: 104.48011708259583
flux_point: 12.45357084274292
