n_obs: 10
data_preparation: 31.035797834396362
writing: 2.168870687484741
reading: 0.5390033721923828
data_fitting: 107.87745094299316
flux_point: 18.434557914733887
