n_obs: 10
data_preparation: 36.486159563064575
writing: 2.7236454486846924
reading: 0.24236774444580078
data_fitting: 150.13504219055176
flux_point: 28.720395803451538
