n_obs: 10
data_preparation: 32.173089027404785
writing: 2.1549580097198486
reading: 0.4907643795013428
data_fitting: 121.5995728969574
flux_point: 19.419687509536743
