n_obs: 10
data_preparation: 122.91608762741089
writing: 3.856846809387207
reading: 0.3296825885772705
data_fitting: 259.1680896282196
flux_point: 52.94016218185425
