n_obs: 10
data_preparation: 98.21023893356323
writing: 2.974141836166382
reading: 0.21953105926513672
data_fitting: 202.3911681175232
flux_point: 37.3975133895874
