n_obs: 10
data_preparation: 85.77298784255981
writing: 2.480884552001953
reading: 0.19167470932006836
data_fitting: 173.61260390281677
flux_point: 34.99078130722046
