n_obs: 10
data_preparation: 31.721627950668335
writing: 2.3782427310943604
reading: 0.1444392204284668
data_fitting: 105.93936896324158
flux_point: 12.632051229476929
