n_obs: 10
data_preparation: 26.915292263031006
writing: 1.5648703575134277
reading: 0.5276312828063965
data_fitting: 102.92953634262085
flux_point: 16.69620132446289
