n_obs: 10
data_preparation: 31.933551788330078
writing: 2.0647146701812744
reading: 0.563124418258667
data_fitting: 108.11933875083923
flux_point: 17.86482858657837
