n_obs: 10
data_preparation: 38.67098522186279
writing: 2.0842812061309814
reading: 1.489408254623413
data_fitting: 131.9074206352234
flux_point: 43.407673835754395
