n_obs: 10
data_preparation: 108.50780534744263
writing: 4.119726181030273
reading: 0.2978510856628418
data_fitting: 230.27547526359558
flux_point: 44.1971971988678
