n_obs: 10
data_preparation: 31.115681886672974
writing: 1.931504487991333
reading: 0.5277860164642334
data_fitting: 108.67869162559509
flux_point: 18.20519995689392
