n_obs: 10
data_preparation: 24.225788116455078
writing: 1.9142775535583496
reading: 1.3633530139923096
data_fitting: 233.8678274154663
flux_point: 57.08159065246582
