n_obs: 10
data_preparation: 74.76266241073608
writing: 2.5718867778778076
reading: 0.19165658950805664
data_fitting: 160.7305908203125
flux_point: 31.687631368637085
