n_obs: 10
data_preparation: 46.095288038253784
writing: 1.998706579208374
reading: 0.5313012599945068
data_fitting: 123.28253269195557
flux_point: 21.958937168121338
