n_obs: 10
data_preparation: 30.691540718078613
writing: 2.1132068634033203
reading: 0.5350830554962158
data_fitting: 109.42797613143921
flux_point: 18.172666311264038
