n_obs: 10
data_preparation: 30.17462992668152
writing: 2.4730324745178223
reading: 0.17414617538452148
data_fitting: 105.4811475276947
flux_point: 12.630984783172607
