n_obs: 10
data_preparation: 29.938298225402832
writing: 2.363680839538574
reading: 0.4996170997619629
data_fitting: 121.9577624797821
flux_point: 18.9042067527771
