n_obs: 10
data_preparation: 29.354270458221436
writing: 2.023897171020508
reading: 0.5435564517974854
data_fitting: 110.56227087974548
flux_point: 17.816267013549805
