n_obs: 10
data_preparation: 28.30866312980652
writing: 1.926793098449707
reading: 0.5611162185668945
data_fitting: 119.49290180206299
flux_point: 18.08850622177124
