n_obs: 10
data_preparation: 33.35967302322388
writing: 3.794273853302002
reading: 3.075277805328369
data_fitting: 379.99761295318604
flux_point: 73.93857789039612
