n_obs: 10
data_preparation: 30.190484523773193
writing: 2.3344435691833496
reading: 0.271622896194458
data_fitting: 113.4442629814148
flux_point: 14.325430870056152
