n_obs: 10
data_preparation: 34.153759241104126
writing: 2.0645387172698975
reading: 0.5667846202850342
data_fitting: 117.85683584213257
flux_point: 19.57466173171997
