n_obs: 10
data_preparation: 26.661962032318115
writing: 2.60805606842041
reading: 1.0065679550170898
data_fitting: 168.16893815994263
flux_point: 29.890970945358276
