n_obs: 10
data_preparation: 30.97334861755371
writing: 2.1875460147857666
reading: 0.5472354888916016
data_fitting: 109.13098239898682
flux_point: 18.920446634292603
