n_obs: 10
data_preparation: 34.87535786628723
writing: 2.149406909942627
reading: 0.5587337017059326
data_fitting: 114.35770797729492
flux_point: 19.139546394348145
