n_obs: 10
data_preparation: 30.659563541412354
writing: 2.143125057220459
reading: 0.5082406997680664
data_fitting: 115.10015726089478
flux_point: 19.29470658302307
