n_obs: 10
data_preparation: 91.36783075332642
writing: 3.2952282428741455
reading: 0.2108004093170166
data_fitting: 198.62086462974548
flux_point: 39.27966666221619
