n_obs: 10
data_preparation: 29.757375240325928
writing: 2.3548219203948975
reading: 0.5002820491790771
data_fitting: 121.04877924919128
flux_point: 18.545921087265015
