n_obs: 10
data_preparation: 94.78701257705688
writing: 2.6104812622070312
reading: 0.1942274570465088
data_fitting: 200.72808241844177
flux_point: 43.10771036148071
