n_obs: 10
data_preparation: 106.80250716209412
writing: 3.409085988998413
reading: 0.27452635765075684
data_fitting: 210.5478231906891
flux_point: 42.12173342704773
