n_obs: 10
data_preparation: 32.41824698448181
writing: 2.1600091457366943
reading: 0.5287041664123535
data_fitting: 108.33451318740845
flux_point: 18.759724140167236
