n_obs: 10
data_preparation: 96.80596590042114
writing: 3.4775493144989014
reading: 0.3010265827178955
data_fitting: 328.6388669013977
flux_point: 49.090222120285034
