n_obs: 10
data_preparation: 31.172239542007446
writing: 2.5319743156433105
reading: 0.1796126365661621
data_fitting: 108.23913836479187
flux_point: 13.113916635513306
