n_obs: 10
data_preparation: 96.76497650146484
writing: 3.2070584297180176
reading: 0.2486705780029297
data_fitting: 317.5865705013275
flux_point: 47.61348247528076
