n_obs: 10
data_preparation: 30.134297370910645
writing: 2.1324708461761475
reading: 0.18742060661315918
data_fitting: 142.72940850257874
flux_point: 52.940789222717285
