n_obs: 10
data_preparation: 34.8377423286438
writing: 2.2178823947906494
reading: 0.5644083023071289
data_fitting: 113.26880359649658
flux_point: 19.420624017715454
