n_obs: 10
data_preparation: 29.5765700340271
writing: 2.3775124549865723
reading: 0.27736330032348633
data_fitting: 111.78734087944031
flux_point: 14.19913649559021
