n_obs: 10
data_preparation: 29.549214839935303
writing: 2.3293819427490234
reading: 0.4986600875854492
data_fitting: 129.10797095298767
flux_point: 19.792461156845093
