n_obs: 10
data_preparation: 32.20876622200012
writing: 2.1452951431274414
reading: 0.584540605545044
data_fitting: 115.80305600166321
flux_point: 19.10929226875305
