n_obs: 10
data_preparation: 94.82957363128662
writing: 2.763685941696167
reading: 0.2193586826324463
data_fitting: 518.3465478420258
flux_point: 48.99358081817627
