n_obs: 10
data_preparation: 73.53941893577576
writing: 2.469125986099243
reading: 0.1931748390197754
data_fitting: 165.49608612060547
flux_point: 31.94025492668152
