n_obs: 10
data_preparation: 30.579265117645264
writing: 2.1373729705810547
reading: 0.516247034072876
data_fitting: 107.10925602912903
flux_point: 17.86776638031006
