n_obs: 10
data_preparation: 30.369494199752808
writing: 2.43043851852417
reading: 0.5123951435089111
data_fitting: 122.85483598709106
flux_point: 19.06706476211548
