n_obs: 10
data_preparation: 81.25707745552063
writing: 3.5565550327301025
reading: 0.28407788276672363
data_fitting: 229.4318561553955
flux_point: 32.26585006713867
