n_obs: 10
data_preparation: 96.66967701911926
writing: 2.598339080810547
reading: 0.19496607780456543
data_fitting: 198.91750240325928
flux_point: 39.707854986190796
