n_obs: 10
data_preparation: 102.72214794158936
writing: 3.384629249572754
reading: 0.2843444347381592
data_fitting: 226.6461079120636
flux_point: 44.08056974411011
