n_obs: 10
data_preparation: 68.27138090133667
writing: 3.068098545074463
reading: 0.21536684036254883
data_fitting: 205.53104162216187
flux_point: 31.19734001159668
