n_obs: 10
data_preparation: 31.65582013130188
writing: 2.059016466140747
reading: 0.5559101104736328
data_fitting: 109.90122842788696
flux_point: 17.714006900787354
