n_obs: 10
data_preparation: 115.98467063903809
writing: 4.038157939910889
reading: 0.3878509998321533
data_fitting: 253.82599258422852
flux_point: 49.153260707855225
