n_obs: 10
data_preparation: 30.791029930114746
writing: 3.0519027709960938
reading: 0.5642335414886475
data_fitting: 110.53005409240723
flux_point: 19.077715635299683
