n_obs: 10
data_preparation: 30.713005542755127
writing: 2.1413958072662354
reading: 0.5221805572509766
data_fitting: 105.83471632003784
flux_point: 17.976089000701904
