n_obs: 10
data_preparation: 30.63528347015381
writing: 2.050994634628296
reading: 0.48920178413391113
data_fitting: 117.61690902709961
flux_point: 18.921701431274414
