n_obs: 10
data_preparation: 97.10163450241089
writing: 3.3495676517486572
reading: 0.21556735038757324
data_fitting: 213.98332500457764
flux_point: 41.64626431465149
