n_obs: 10
data_preparation: 36.46978545188904
writing: 1.8595600128173828
reading: 1.3750066757202148
data_fitting: 113.09500861167908
flux_point: 22.78605628013611
