n_obs: 10
data_preparation: 31.36538290977478
writing: 2.086243152618408
reading: 0.5662457942962646
data_fitting: 109.27711915969849
flux_point: 18.22664189338684
