n_obs: 10
data_preparation: 31.35935378074646
writing: 1.496718168258667
reading: 0.3679642677307129
data_fitting: 95.9073588848114
flux_point: 20.89934539794922
