n_obs: 10
data_preparation: 24.852635860443115
writing: 1.9850444793701172
reading: 1.4710302352905273
data_fitting: 242.15780329704285
flux_point: 56.98889660835266
