n_obs: 10
data_preparation: 30.621903896331787
writing: 2.090921640396118
reading: 0.5509629249572754
data_fitting: 105.92207217216492
flux_point: 17.615415573120117
