n_obs: 10
data_preparation: 30.913684368133545
writing: 2.0539321899414062
reading: 0.557790994644165
data_fitting: 109.08419823646545
flux_point: 17.90960669517517
