n_obs: 10
data_preparation: 29.945719957351685
writing: 2.570585250854492
reading: 0.1713716983795166
data_fitting: 107.17888927459717
flux_point: 15.331793069839478
