n_obs: 10
data_preparation: 30.863348722457886
writing: 2.308776617050171
reading: 0.14520502090454102
data_fitting: 103.85791397094727
flux_point: 12.48562741279602
