n_obs: 10
data_preparation: 32.43241882324219
writing: 2.3724353313446045
reading: 0.20629024505615234
data_fitting: 138.6557891368866
flux_point: 51.031100273132324
