n_obs: 10
data_preparation: 31.185978412628174
writing: 2.0458457469940186
reading: 0.5495293140411377
data_fitting: 107.76984310150146
flux_point: 17.611624717712402
