n_obs: 10
data_preparation: 36.951443672180176
writing: 1.898590087890625
reading: 1.4447498321533203
data_fitting: 135.4192876815796
flux_point: 45.85028553009033
