n_obs: 10
data_preparation: 30.978710889816284
writing: 2.0784757137298584
reading: 0.5612137317657471
data_fitting: 109.32492303848267
flux_point: 17.75697350502014
