n_obs: 10
data_preparation: 37.27563834190369
writing: 3.1840341091156006
reading: 0.30263495445251465
data_fitting: 177.4063606262207
flux_point: 65.09468698501587
