n_obs: 10
data_preparation: 42.97904419898987
writing: 2.1361308097839355
reading: 1.5642876625061035
data_fitting: 137.22879767417908
flux_point: 28.895599842071533
