n_obs: 10
data_preparation: 55.206961154937744
writing: 2.6604862213134766
reading: 0.20766782760620117
data_fitting: 167.4014916419983
flux_point: 23.838496685028076
