n_obs: 10
data_preparation: 30.644306421279907
writing: 2.505772113800049
reading: 0.17456889152526855
data_fitting: 108.07437467575073
flux_point: 12.296294689178467
