n_obs: 10
data_preparation: 120.59193873405457
writing: 3.565162420272827
reading: 0.2961275577545166
data_fitting: 245.92362451553345
flux_point: 47.85450577735901
