n_obs: 10
data_preparation: 85.17278146743774
writing: 2.857147216796875
reading: 0.20776915550231934
data_fitting: 183.9199697971344
flux_point: 34.02782344818115
