n_obs: 10
data_preparation: 101.27265048027039
writing: 3.0875935554504395
reading: 0.24642562866210938
data_fitting: 229.91734552383423
flux_point: 42.138116121292114
