n_obs: 10
data_preparation: 91.8372573852539
writing: 2.743633985519409
reading: 0.21590614318847656
data_fitting: 475.33980989456177
flux_point: 45.11233472824097
