n_obs: 10
data_preparation: 96.69847869873047
writing: 2.9286067485809326
reading: 0.22610044479370117
data_fitting: 199.57822394371033
flux_point: 36.56984901428223
