n_obs: 10
data_preparation: 130.98072957992554
writing: 3.572260618209839
reading: 0.20312809944152832
data_fitting: 247.0237054824829
flux_point: 50.702719926834106
