n_obs: 10
data_preparation: 28.489738702774048
writing: 1.9251980781555176
reading: 0.553541898727417
data_fitting: 118.51367139816284
flux_point: 17.95068073272705
