n_obs: 10
data_preparation: 30.63327169418335
writing: 2.3585262298583984
reading: 0.1424088478088379
data_fitting: 104.15426850318909
flux_point: 12.371864080429077
