n_obs: 10
data_preparation: 31.516249418258667
writing: 2.5960700511932373
reading: 0.17348623275756836
data_fitting: 109.84996056556702
flux_point: 15.499199151992798
