n_obs: 10
data_preparation: 30.229032039642334
writing: 2.50775408744812
reading: 0.17888379096984863
data_fitting: 105.28313827514648
flux_point: 12.48465347290039
