n_obs: 10
data_preparation: 111.43147230148315
writing: 3.5185158252716064
reading: 0.29260778427124023
data_fitting: 259.1897168159485
flux_point: 86.7357656955719
