n_obs: 10
data_preparation: 97.50426030158997
writing: 2.898169994354248
reading: 0.2272481918334961
data_fitting: 209.78994512557983
flux_point: 40.74199080467224
