n_obs: 10
data_preparation: 33.441824436187744
writing: 2.6860315799713135
reading: 0.24338912963867188
data_fitting: 154.8875539302826
flux_point: 58.58430075645447
