n_obs: 10
data_preparation: 29.813360452651978
writing: 2.5496346950531006
reading: 0.16875195503234863
data_fitting: 106.50967073440552
flux_point: 15.82863974571228
