n_obs: 10
data_preparation: 36.43809986114502
writing: 1.8009114265441895
reading: 1.3981192111968994
data_fitting: 110.2419536113739
flux_point: 21.343029975891113
