n_obs: 10
data_preparation: 89.57275319099426
writing: 3.0651254653930664
reading: 0.19064545631408691
data_fitting: 447.85841155052185
flux_point: 44.2920982837677
