n_obs: 10
data_preparation: 30.66043448448181
writing: 2.4989922046661377
reading: 0.1786339282989502
data_fitting: 107.18328619003296
flux_point: 12.703944683074951
