n_obs: 10
data_preparation: 26.96189832687378
writing: 1.8427820205688477
reading: 0.5439467430114746
data_fitting: 112.38526010513306
flux_point: 16.858548641204834
