n_obs: 10
data_preparation: 74.89180994033813
writing: 2.453479051589966
reading: 0.1954514980316162
data_fitting: 167.67654967308044
flux_point: 32.30750107765198
