n_obs: 10
data_preparation: 32.045270919799805
writing: 2.0815961360931396
reading: 0.5769083499908447
data_fitting: 114.03881764411926
flux_point: 18.520912408828735
