n_obs: 10
data_preparation: 71.74705505371094
writing: 3.1519503593444824
reading: 0.25217366218566895
data_fitting: 213.22890186309814
flux_point: 30.297907829284668
