n_obs: 10
data_preparation: 36.12605857849121
writing: 2.1469032764434814
reading: 0.5544440746307373
data_fitting: 120.62115359306335
flux_point: 20.919347763061523
