n_obs: 10
data_preparation: 120.51415252685547
writing: 3.661092758178711
reading: 0.29298830032348633
data_fitting: 246.1082694530487
flux_point: 48.06138515472412
