n_obs: 10
data_preparation: 33.47181177139282
writing: 1.6090099811553955
reading: 1.1691102981567383
data_fitting: 117.35990929603577
flux_point: 41.27975916862488
