n_obs: 10
data_preparation: 24.476967811584473
writing: 1.9592304229736328
reading: 1.4279088973999023
data_fitting: 239.84288334846497
flux_point: 57.88287377357483
