n_obs: 10
data_preparation: 99.03782153129578
writing: 2.6133460998535156
reading: 0.20418334007263184
data_fitting: 224.4503710269928
flux_point: 45.28232431411743
