n_obs: 10
data_preparation: 25.41842555999756
writing: 2.035174608230591
reading: 1.55079984664917
data_fitting: 239.77835035324097
flux_point: 57.79125237464905
