n_obs: 10
data_preparation: 35.20732021331787
writing: 1.6614575386047363
reading: 0.4088890552520752
data_fitting: 104.19188404083252
flux_point: 41.29211783409119
