n_obs: 10
data_preparation: 23.839349508285522
writing: 2.0478551387786865
reading: 1.6448335647583008
data_fitting: 249.57995748519897
flux_point: 61.860710859298706
