n_obs: 10
data_preparation: 30.922683477401733
writing: 2.5241243839263916
reading: 0.17928671836853027
data_fitting: 107.84901237487793
flux_point: 12.592792510986328
