n_obs: 10
data_preparation: 31.543352365493774
writing: 2.1384451389312744
reading: 0.5065257549285889
data_fitting: 125.84663987159729
flux_point: 18.98842740058899
