n_obs: 10
data_preparation: 37.238097190856934
writing: 2.0900206565856934
reading: 2.821719169616699
data_fitting: 151.68103194236755
flux_point: 38.360316038131714
