n_obs: 10
data_preparation: 101.6154375076294
writing: 3.53346586227417
reading: 0.24898171424865723
data_fitting: 227.76865029335022
flux_point: 43.24909162521362
