n_obs: 10
data_preparation: 31.63293170928955
writing: 2.0803117752075195
reading: 0.5575380325317383
data_fitting: 111.98549842834473
flux_point: 19.255902528762817
