n_obs: 10
data_preparation: 30.909286737442017
writing: 2.172515869140625
reading: 0.4984433650970459
data_fitting: 112.92006945610046
flux_point: 19.05856442451477
