n_obs: 10
data_preparation: 32.39173698425293
writing: 2.5804336071014404
reading: 0.1828317642211914
data_fitting: 111.29016494750977
flux_point: 13.25741696357727
