n_obs: 10
data_preparation: 30.7850821018219
writing: 2.6642708778381348
reading: 0.17433834075927734
data_fitting: 109.34049868583679
flux_point: 16.093119859695435
