n_obs: 10
data_preparation: 31.42356252670288
writing: 1.9731810092926025
reading: 0.5356955528259277
data_fitting: 111.14798927307129
flux_point: 18.89363980293274
