n_obs: 10
data_preparation: 31.47122073173523
writing: 2.0924034118652344
reading: 0.500694990158081
data_fitting: 118.05543923377991
flux_point: 19.146258115768433
