n_obs: 10
data_preparation: 87.0575008392334
writing: 4.400179862976074
reading: 0.31186962127685547
data_fitting: 243.60405898094177
flux_point: 34.01178812980652
