n_obs: 10
data_preparation: 100.67617106437683
writing: 2.8700168132781982
reading: 0.22286224365234375
data_fitting: 221.15834188461304
flux_point: 41.78977632522583
