n_obs: 10
data_preparation: 38.194453954696655
writing: 2.2386467456817627
reading: 0.21623468399047852
data_fitting: 147.2404899597168
flux_point: 35.99065971374512
