n_obs: 10
data_preparation: 31.350064754486084
writing: 1.964008092880249
reading: 0.5320005416870117
data_fitting: 109.84809255599976
flux_point: 18.827933073043823
