n_obs: 10
data_preparation: 36.524229764938354
writing: 2.173995018005371
reading: 0.21988177299499512
data_fitting: 140.2175600528717
flux_point: 40.15762209892273
