n_obs: 10
data_preparation: 68.57920670509338
writing: 2.7475709915161133
reading: 0.2091217041015625
data_fitting: 205.08195734024048
flux_point: 28.799338579177856
