n_obs: 10
data_preparation: 67.48832178115845
writing: 3.02108097076416
reading: 0.21378517150878906
data_fitting: 221.09468698501587
flux_point: 30.076900959014893
