n_obs: 10
data_preparation: 87.65559267997742
writing: 2.5010740756988525
reading: 0.19223523139953613
data_fitting: 178.391610622406
flux_point: 35.377496004104614
