n_obs: 10
data_preparation: 31.5962336063385
writing: 2.1501412391662598
reading: 0.5307774543762207
data_fitting: 110.370609998703
flux_point: 19.019962787628174
