n_obs: 10
data_preparation: 41.62157964706421
writing: 2.1953845024108887
reading: 1.533559799194336
data_fitting: 156.52042722702026
flux_point: 51.23481631278992
