n_obs: 10
data_preparation: 81.57125067710876
writing: 3.456660509109497
reading: 0.2667696475982666
data_fitting: 218.806067943573
flux_point: 31.403867721557617
