n_obs: 10
data_preparation: 31.029557704925537
writing: 2.142430305480957
reading: 0.4962780475616455
data_fitting: 116.3362045288086
flux_point: 19.202842712402344
