n_obs: 10
data_preparation: 40.30745983123779
writing: 2.3438589572906494
reading: 3.219151258468628
data_fitting: 164.84594559669495
flux_point: 41.05036950111389
