n_obs: 10
data_preparation: 28.67616105079651
writing: 2.3018219470977783
reading: 0.49422550201416016
data_fitting: 119.00206089019775
flux_point: 17.599753856658936
