n_obs: 10
data_preparation: 29.742332220077515
writing: 2.358713150024414
reading: 0.5043990612030029
data_fitting: 121.90919280052185
flux_point: 18.646799564361572
