n_obs: 10
data_preparation: 99.57355308532715
writing: 3.1164708137512207
reading: 0.24659061431884766
data_fitting: 220.53061962127686
flux_point: 41.5195198059082
