n_obs: 10
data_preparation: 70.92862486839294
writing: 3.636690616607666
reading: 0.3027818202972412
data_fitting: 207.26916193962097
flux_point: 30.630465507507324
