n_obs: 10
data_preparation: 104.22470116615295
writing: 3.4696106910705566
reading: 0.2585926055908203
data_fitting: 228.65340781211853
flux_point: 44.09387421607971
