n_obs: 10
data_preparation: 30.52694845199585
writing: 2.573063373565674
reading: 0.16654610633850098
data_fitting: 107.05297470092773
flux_point: 15.768258810043335
