n_obs: 10
data_preparation: 61.03689479827881
writing: 2.7891218662261963
reading: 0.22038769721984863
data_fitting: 199.41013598442078
flux_point: 27.1899893283844
