n_obs: 10
data_preparation: 29.498574256896973
writing: 2.379866123199463
reading: 0.16658544540405273
data_fitting: 102.35882043838501
flux_point: 12.118099212646484
