n_obs: 10
data_preparation: 29.54876470565796
writing: 2.3523757457733154
reading: 0.49852967262268066
data_fitting: 121.57652616500854
flux_point: 18.773682355880737
