n_obs: 10
data_preparation: 31.336116075515747
writing: 2.019402027130127
reading: 0.5437533855438232
data_fitting: 109.50211811065674
flux_point: 17.568323135375977
