n_obs: 10
data_preparation: 37.499229431152344
writing: 1.9186036586761475
reading: 0.47583866119384766
data_fitting: 119.8603413105011
flux_point: 45.76283073425293
