n_obs: 10
data_preparation: 92.81705260276794
writing: 2.890238046646118
reading: 0.21633362770080566
data_fitting: 211.76280212402344
flux_point: 43.0516676902771
