n_obs: 10
data_preparation: 28.400939226150513
writing: 1.6134099960327148
reading: 0.4894840717315674
data_fitting: 114.43849158287048
flux_point: 17.46949601173401
