n_obs: 10
data_preparation: 41.2423300743103
writing: 1.8053696155548096
reading: 0.5219080448150635
data_fitting: 130.86062574386597
flux_point: 19.645795583724976
