n_obs: 10
data_preparation: 30.315540313720703
writing: 2.14508318901062
reading: 0.5091614723205566
data_fitting: 123.96687293052673
flux_point: 18.654178142547607
