n_obs: 10
data_preparation: 32.11912775039673
writing: 2.049206018447876
reading: 0.5518801212310791
data_fitting: 107.24860692024231
flux_point: 17.536471128463745
