n_obs: 10
data_preparation: 37.01221799850464
writing: 2.4124257564544678
reading: 0.20728826522827148
data_fitting: 150.0523042678833
flux_point: 28.20742917060852
