n_obs: 10
data_preparation: 31.56532597541809
writing: 2.508114814758301
reading: 0.1761021614074707
data_fitting: 107.93116307258606
flux_point: 12.674586296081543
