n_obs: 10
data_preparation: 31.091782093048096
writing: 2.0838801860809326
reading: 0.5555751323699951
data_fitting: 109.50915789604187
flux_point: 18.191041707992554
