n_obs: 10
data_preparation: 33.24838924407959
writing: 1.5359244346618652
reading: 1.1143205165863037
data_fitting: 112.49083495140076
flux_point: 36.539302110672
