n_obs: 10
data_preparation: 31.06615948677063
writing: 2.4078283309936523
reading: 0.14600205421447754
data_fitting: 107.8729989528656
flux_point: 12.804154872894287
