n_obs: 10
data_preparation: 30.62129044532776
writing: 2.541529893875122
reading: 0.16872429847717285
data_fitting: 107.80277156829834
flux_point: 15.013724088668823
