n_obs: 10
data_preparation: 27.982991456985474
writing: 1.5993201732635498
reading: 0.5445761680603027
data_fitting: 107.48649859428406
flux_point: 17.631441354751587
