n_obs: 10
data_preparation: 31.576430320739746
writing: 2.135951280593872
reading: 0.5153210163116455
data_fitting: 105.63207244873047
flux_point: 17.89840316772461
