n_obs: 10
data_preparation: 97.27525448799133
writing: 2.9790449142456055
reading: 0.24969267845153809
data_fitting: 221.9345829486847
flux_point: 41.150672912597656
