n_obs: 10
data_preparation: 31.203120946884155
writing: 2.3519015312194824
reading: 0.14693546295166016
data_fitting: 105.90861439704895
flux_point: 12.605193853378296
