n_obs: 10
data_preparation: 27.551783323287964
writing: 1.5882940292358398
reading: 0.4888749122619629
data_fitting: 119.67875504493713
flux_point: 17.652912616729736
