n_obs: 10
data_preparation: 85.05642652511597
writing: 2.4930479526519775
reading: 0.19707250595092773
data_fitting: 185.114342212677
flux_point: 34.18000769615173
