n_obs: 10
data_preparation: 77.49732518196106
writing: 2.5756430625915527
reading: 0.19073486328125
data_fitting: 161.27235436439514
flux_point: 29.56944489479065
