n_obs: 10
data_preparation: 94.99641609191895
writing: 2.5700747966766357
reading: 0.19503545761108398
data_fitting: 203.87735533714294
flux_point: 40.15846395492554
