n_obs: 10
data_preparation: 39.88321805000305
writing: 2.080627679824829
reading: 0.520876407623291
data_fitting: 105.75148320198059
flux_point: 29.188154697418213
