n_obs: 10
data_preparation: 85.62631154060364
writing: 2.501462697982788
reading: 0.1955728530883789
data_fitting: 178.45505046844482
flux_point: 35.93653440475464
