n_obs: 10
data_preparation: 36.19103503227234
writing: 2.3816661834716797
reading: 0.20632576942443848
data_fitting: 137.65097999572754
flux_point: 27.214792728424072
