n_obs: 10
data_preparation: 30.037592887878418
writing: 2.5871500968933105
reading: 0.17030811309814453
data_fitting: 108.78281927108765
flux_point: 15.576085090637207
