n_obs: 10
data_preparation: 27.34089493751526
writing: 1.6024184226989746
reading: 0.554600715637207
data_fitting: 106.58398389816284
flux_point: 17.134206295013428
