n_obs: 10
data_preparation: 30.550359964370728
writing: 2.579580307006836
reading: 0.17147135734558105
data_fitting: 107.35307550430298
flux_point: 15.345458507537842
