n_obs: 10
data_preparation: 26.4086434841156
writing: 1.4849028587341309
reading: 0.4530370235443115
data_fitting: 99.34306955337524
flux_point: 16.755762577056885
