n_obs: 10
data_preparation: 93.26244831085205
writing: 3.1310195922851562
reading: 0.27182531356811523
data_fitting: 458.7067048549652
flux_point: 45.50917100906372
