n_obs: 10
data_preparation: 31.808403968811035
writing: 2.4701969623565674
reading: 0.5165956020355225
data_fitting: 135.1370620727539
flux_point: 20.474029064178467
