n_obs: 10
data_preparation: 30.43421173095703
writing: 2.3824284076690674
reading: 0.50547194480896
data_fitting: 130.07998538017273
flux_point: 18.91443681716919
