n_obs: 10
data_preparation: 31.228215217590332
writing: 2.0446407794952393
reading: 0.5493769645690918
data_fitting: 106.26709651947021
flux_point: 17.547729015350342
