n_obs: 10
data_preparation: 30.732243537902832
writing: 2.1520450115203857
reading: 0.5440599918365479
data_fitting: 106.56947135925293
flux_point: 18.337936401367188
