n_obs: 10
data_preparation: 39.33951234817505
writing: 2.5570766925811768
reading: 0.25089359283447266
data_fitting: 156.14114236831665
flux_point: 39.24892997741699
