n_obs: 10
data_preparation: 31.108434915542603
writing: 2.3821299076080322
reading: 0.5072782039642334
data_fitting: 121.4581458568573
flux_point: 18.928228855133057
