n_obs: 10
data_preparation: 125.39984011650085
writing: 3.8754982948303223
reading: 0.3105185031890869
data_fitting: 269.47566056251526
flux_point: 54.383084774017334
