n_obs: 10
data_preparation: 38.623530626297
writing: 1.8853600025177002
reading: 0.5340359210968018
data_fitting: 117.3395676612854
flux_point: 26.20430326461792
