n_obs: 10
data_preparation: 30.865303993225098
writing: 2.555069923400879
reading: 0.1687026023864746
data_fitting: 108.82881784439087
flux_point: 15.099184274673462
