n_obs: 10
data_preparation: 31.09233832359314
writing: 2.539747476577759
reading: 0.17409849166870117
data_fitting: 109.02299070358276
flux_point: 15.409368991851807
