n_obs: 10
data_preparation: 30.952402353286743
writing: 1.9173743724822998
reading: 0.5297067165374756
data_fitting: 107.91757082939148
flux_point: 17.991236448287964
