n_obs: 10
data_preparation: 32.56566047668457
writing: 2.1043031215667725
reading: 0.5734505653381348
data_fitting: 113.97904992103577
flux_point: 18.602825164794922
