n_obs: 10
data_preparation: 96.01436305046082
writing: 2.548964500427246
reading: 0.19427084922790527
data_fitting: 208.98879384994507
flux_point: 43.23326778411865
