n_obs: 10
data_preparation: 36.96137309074402
writing: 1.8730146884918213
reading: 0.45466017723083496
data_fitting: 87.07789993286133
flux_point: 27.32476305961609
