n_obs: 10
data_preparation: 28.177162647247314
writing: 1.6415398120880127
reading: 0.5813918113708496
data_fitting: 112.52115750312805
flux_point: 18.42619299888611
