n_obs: 10
data_preparation: 96.00334095954895
writing: 3.1299939155578613
reading: 0.21374869346618652
data_fitting: 206.70990252494812
flux_point: 39.81435942649841
