n_obs: 10
data_preparation: 32.08411431312561
writing: 2.008113384246826
reading: 0.5589983463287354
data_fitting: 113.98733973503113
flux_point: 19.448469877243042
