n_obs: 10
data_preparation: 30.222069025039673
writing: 2.3225533962249756
reading: 0.4935019016265869
data_fitting: 128.95509004592896
flux_point: 19.923290491104126
