n_obs: 10
data_preparation: 24.421454668045044
writing: 1.933884620666504
reading: 2.3018057346343994
data_fitting: 231.8483064174652
flux_point: 56.94546175003052
