n_obs: 10
data_preparation: 101.26118087768555
writing: 2.9034852981567383
reading: 0.2193622589111328
data_fitting: 222.29343700408936
flux_point: 44.990007400512695
