n_obs: 10
data_preparation: 77.8721067905426
writing: 2.6068344116210938
reading: 0.19233918190002441
data_fitting: 168.52159023284912
flux_point: 31.518930912017822
