n_obs: 10
data_preparation: 30.934718370437622
writing: 2.5374391078948975
reading: 0.18571972846984863
data_fitting: 106.54277300834656
flux_point: 12.686936378479004
