n_obs: 10
data_preparation: 30.225635051727295
writing: 2.8933000564575195
reading: 3.6294679641723633
data_fitting: 364.28695702552795
flux_point: 67.81453704833984
