n_obs: 10
data_preparation: 32.52794432640076
writing: 1.615386962890625
reading: 1.1317172050476074
data_fitting: 110.75172734260559
flux_point: 35.91651177406311
