n_obs: 10
data_preparation: 32.11454176902771
writing: 2.1127467155456543
reading: 0.5586671829223633
data_fitting: 113.98713803291321
flux_point: 18.616051197052002
