n_obs: 10
data_preparation: 29.905449151992798
writing: 2.346219301223755
reading: 0.27744150161743164
data_fitting: 111.6767041683197
flux_point: 14.211260795593262
