n_obs: 10
data_preparation: 31.789499521255493
writing: 2.1544928550720215
reading: 0.5383815765380859
data_fitting: 111.49484992027283
flux_point: 18.745466709136963
