n_obs: 10
data_preparation: 38.26001572608948
writing: 1.9824271202087402
reading: 1.4981999397277832
data_fitting: 118.13526511192322
flux_point: 24.746622323989868
