n_obs: 10
data_preparation: 97.74173974990845
writing: 2.955002784729004
reading: 0.2362208366394043
data_fitting: 222.9139440059662
flux_point: 43.43229675292969
