n_obs: 10
data_preparation: 62.15420889854431
writing: 2.730203628540039
reading: 0.20967984199523926
data_fitting: 182.07331347465515
flux_point: 26.35212469100952
