n_obs: 10
data_preparation: 31.504951000213623
writing: 2.0578300952911377
reading: 0.5553956031799316
data_fitting: 108.85873794555664
flux_point: 17.869465827941895
