n_obs: 10
data_preparation: 36.36402702331543
writing: 2.7586758136749268
reading: 0.24468660354614258
data_fitting: 210.69589138031006
flux_point: 30.54779314994812
