n_obs: 10
data_preparation: 43.54830312728882
writing: 2.158792734146118
reading: 1.637289047241211
data_fitting: 133.13985633850098
flux_point: 27.97767424583435
