n_obs: 10
data_preparation: 31.985907793045044
writing: 2.1869215965270996
reading: 0.5132699012756348
data_fitting: 116.6423704624176
flux_point: 19.39943504333496
