n_obs: 10
data_preparation: 32.34210824966431
writing: 2.0558054447174072
reading: 0.5586190223693848
data_fitting: 113.03348135948181
flux_point: 18.325326442718506
