n_obs: 10
data_preparation: 96.5060682296753
writing: 3.295867681503296
reading: 0.2502100467681885
data_fitting: 330.5069029331207
flux_point: 49.46697211265564
