n_obs: 10
data_preparation: 93.08490061759949
writing: 2.982714891433716
reading: 0.24507546424865723
data_fitting: 474.0870909690857
flux_point: 44.34152698516846
