n_obs: 10
data_preparation: 96.17149496078491
writing: 2.6552188396453857
reading: 0.2025163173675537
data_fitting: 221.53974151611328
flux_point: 43.2925910949707
