n_obs: 10
data_preparation: 98.6157751083374
writing: 2.6513936519622803
reading: 0.20041728019714355
data_fitting: 206.6226933002472
flux_point: 45.11832857131958
