n_obs: 10
data_preparation: 93.11070084571838
writing: 2.992041826248169
reading: 0.2416400909423828
data_fitting: 214.0757691860199
flux_point: 42.96816325187683
