n_obs: 10
data_preparation: 92.77195167541504
writing: 3.0275213718414307
reading: 0.2418529987335205
data_fitting: 206.79140734672546
flux_point: 38.85798215866089
