n_obs: 10
data_preparation: 34.66348361968994
writing: 2.8212451934814453
reading: 0.26158928871154785
data_fitting: 150.62087535858154
flux_point: 57.37999749183655
