n_obs: 10
data_preparation: 30.310781955718994
writing: 2.3080573081970215
reading: 0.4938654899597168
data_fitting: 128.82864832878113
flux_point: 18.362422466278076
