n_obs: 10
data_preparation: 30.25001621246338
writing: 2.330843210220337
reading: 0.14101672172546387
data_fitting: 102.4713945388794
flux_point: 12.151883840560913
