n_obs: 10
data_preparation: 103.50015115737915
writing: 3.558627128601074
reading: 0.3123137950897217
data_fitting: 516.293461561203
flux_point: 50.941306591033936
