n_obs: 10
data_preparation: 114.19589757919312
writing: 3.583217144012451
reading: 0.2905099391937256
data_fitting: 240.90965175628662
flux_point: 47.5095534324646
