n_obs: 10
data_preparation: 30.150288820266724
writing: 2.3702664375305176
reading: 0.5072386264801025
data_fitting: 120.70119452476501
flux_point: 18.779623985290527
