n_obs: 10
data_preparation: 27.816765308380127
writing: 1.8805348873138428
reading: 0.556011438369751
data_fitting: 114.26857662200928
flux_point: 16.981847286224365
