n_obs: 10
data_preparation: 23.182305574417114
writing: 1.2380375862121582
reading: 0.3707008361816406
data_fitting: 101.74544882774353
flux_point: 14.331267833709717
