n_obs: 10
data_preparation: 32.19373321533203
writing: 2.153733253479004
reading: 0.584932804107666
data_fitting: 114.8142147064209
flux_point: 18.21033263206482
