n_obs: 10
data_preparation: 36.303627014160156
writing: 2.629192590713501
reading: 0.23924469947814941
data_fitting: 196.0566167831421
flux_point: 29.491235494613647
