n_obs: 10
data_preparation: 31.553383111953735
writing: 2.1036574840545654
reading: 0.5500171184539795
data_fitting: 108.88396430015564
flux_point: 18.042653560638428
