n_obs: 10
data_preparation: 63.061171531677246
writing: 2.670243740081787
reading: 0.20965862274169922
data_fitting: 179.44648146629333
flux_point: 25.4671790599823
