n_obs: 10
data_preparation: 31.08624291419983
writing: 2.6011953353881836
reading: 0.1734635829925537
data_fitting: 111.75049805641174
flux_point: 16.205373764038086
