n_obs: 10
data_preparation: 30.80142092704773
writing: 2.3038008213043213
reading: 0.14332103729248047
data_fitting: 104.42827987670898
flux_point: 12.443578004837036
