n_obs: 10
data_preparation: 96.86264777183533
writing: 2.894242763519287
reading: 0.22491741180419922
data_fitting: 206.50386667251587
flux_point: 42.68171525001526
