n_obs: 10
data_preparation: 40.04412317276001
writing: 1.9179856777191162
reading: 1.455007553100586
data_fitting: 304.5439193248749
flux_point: 81.8685986995697
