n_obs: 10
data_preparation: 112.83681178092957
writing: 4.119059085845947
reading: 0.30556273460388184
data_fitting: 235.2284140586853
flux_point: 88.65559601783752
