n_obs: 10
data_preparation: 96.25187945365906
writing: 3.137852907180786
reading: 0.2545285224914551
data_fitting: 502.2727155685425
flux_point: 48.207361459732056
