n_obs: 10
data_preparation: 96.40726637840271
writing: 2.615027904510498
reading: 0.19766521453857422
data_fitting: 216.0847623348236
flux_point: 41.66425919532776
