n_obs: 10
data_preparation: 86.87661838531494
writing: 2.670814037322998
reading: 0.21767401695251465
data_fitting: 451.7000000476837
flux_point: 42.85017466545105
