n_obs: 10
data_preparation: 30.493499040603638
writing: 2.4100253582000732
reading: 0.5283167362213135
data_fitting: 133.91984176635742
flux_point: 20.790691137313843
