n_obs: 10
data_preparation: 124.86997985839844
writing: 3.9151570796966553
reading: 0.31368279457092285
data_fitting: 265.0575578212738
flux_point: 52.750921964645386
