n_obs: 10
data_preparation: 24.98242473602295
writing: 2.0321547985076904
reading: 1.5469188690185547
data_fitting: 249.15337777137756
flux_point: 60.13878512382507
