n_obs: 10
data_preparation: 59.63226008415222
writing: 2.7345423698425293
reading: 0.21637821197509766
data_fitting: 176.5079267024994
flux_point: 25.287606239318848
