n_obs: 10
data_preparation: 30.530396699905396
writing: 2.329584836959839
reading: 0.5028965473175049
data_fitting: 130.73658347129822
flux_point: 18.87876534461975
