n_obs: 10
data_preparation: 29.55848717689514
writing: 2.527763843536377
reading: 0.16611170768737793
data_fitting: 106.05027651786804
flux_point: 15.187872886657715
