n_obs: 10
data_preparation: 29.850017547607422
writing: 2.3472652435302734
reading: 0.5020952224731445
data_fitting: 123.9924201965332
flux_point: 19.593515157699585
