n_obs: 10
data_preparation: 77.28894138336182
writing: 2.5277161598205566
reading: 0.19991850852966309
data_fitting: 174.90151238441467
flux_point: 33.94358253479004
