n_obs: 10
data_preparation: 54.72216176986694
writing: 2.643463373184204
reading: 0.20544648170471191
data_fitting: 180.99777936935425
flux_point: 24.053181648254395
