n_obs: 10
data_preparation: 41.31815052032471
writing: 2.078049898147583
reading: 0.5944015979766846
data_fitting: 133.67080545425415
flux_point: 28.18161368370056
