n_obs: 10
data_preparation: 30.7816162109375
writing: 2.10790753364563
reading: 0.5245835781097412
data_fitting: 110.17408418655396
flux_point: 18.18954348564148
