n_obs: 10
data_preparation: 30.642627954483032
writing: 2.4943108558654785
reading: 0.16661787033081055
data_fitting: 106.44981288909912
flux_point: 12.581562042236328
