n_obs: 10
data_preparation: 30.903564453125
writing: 2.125615358352661
reading: 0.5156617164611816
data_fitting: 105.54953479766846
flux_point: 18.025115251541138
