n_obs: 10
data_preparation: 42.524165630340576
writing: 1.8852126598358154
reading: 0.5512948036193848
data_fitting: 137.60781478881836
flux_point: 21.69823384284973
