n_obs: 10
data_preparation: 93.92180228233337
writing: 3.010876178741455
reading: 0.25438714027404785
data_fitting: 505.4173445701599
flux_point: 47.46845889091492
