n_obs: 10
data_preparation: 32.92000222206116
writing: 2.137159824371338
reading: 0.5039944648742676
data_fitting: 122.50145649909973
flux_point: 19.696059703826904
