n_obs: 10
data_preparation: 95.32840704917908
writing: 3.556953191757202
reading: 0.28298044204711914
data_fitting: 496.4248411655426
flux_point: 50.01252341270447
