n_obs: 10
data_preparation: 31.362937450408936
writing: 2.1205103397369385
reading: 0.5662956237792969
data_fitting: 112.87135577201843
flux_point: 17.947906970977783
