n_obs: 10
data_preparation: 94.41039681434631
writing: 2.591524839401245
reading: 0.19926929473876953
data_fitting: 206.1727123260498
flux_point: 39.75379705429077
