n_obs: 10
data_preparation: 34.72475624084473
writing: 1.8171005249023438
reading: 0.46694135665893555
data_fitting: 107.20275449752808
flux_point: 39.68489599227905
