n_obs: 10
data_preparation: 120.58570194244385
writing: 3.7906458377838135
reading: 0.2989535331726074
data_fitting: 253.02573990821838
flux_point: 50.92124557495117
