n_obs: 10
data_preparation: 33.31336236000061
writing: 1.619044542312622
reading: 1.131624460220337
data_fitting: 261.5432276725769
flux_point: 70.36760902404785
