n_obs: 10
data_preparation: 116.64954543113708
writing: 3.422318935394287
reading: 0.24495673179626465
data_fitting: 230.3703327178955
flux_point: 45.84999227523804
