n_obs: 10
data_preparation: 101.07300782203674
writing: 3.2773447036743164
reading: 0.2581958770751953
data_fitting: 233.13112497329712
flux_point: 43.16055750846863
