n_obs: 10
data_preparation: 91.13489174842834
writing: 3.0302014350891113
reading: 0.20280861854553223
data_fitting: 189.7131450176239
flux_point: 69.77199530601501
