n_obs: 10
data_preparation: 30.86471724510193
writing: 2.1523385047912598
reading: 0.5956182479858398
data_fitting: 114.09276843070984
flux_point: 18.80216932296753
