n_obs: 10
data_preparation: 36.95193648338318
writing: 2.7277560234069824
reading: 0.24070143699645996
data_fitting: 156.34328365325928
flux_point: 29.49914860725403
