n_obs: 10
data_preparation: 31.23646330833435
writing: 2.6291327476501465
reading: 0.17493486404418945
data_fitting: 112.58777618408203
flux_point: 16.3887939453125
