n_obs: 10
data_preparation: 29.633335828781128
writing: 2.365741491317749
reading: 0.49634695053100586
data_fitting: 122.5039541721344
flux_point: 18.982301235198975
