n_obs: 10
data_preparation: 30.40256357192993
writing: 2.4900782108306885
reading: 0.1701951026916504
data_fitting: 106.58060050010681
flux_point: 12.379655838012695
