n_obs: 10
data_preparation: 33.85395169258118
writing: 1.8297250270843506
reading: 2.527695894241333
data_fitting: 137.84051322937012
flux_point: 28.951112508773804
