n_obs: 10
data_preparation: 38.22671890258789
writing: 2.9647481441497803
reading: 0.267315149307251
data_fitting: 147.83366012573242
flux_point: 28.659618377685547
