n_obs: 10
data_preparation: 29.83569359779358
writing: 2.56093430519104
reading: 0.1697068214416504
data_fitting: 107.59992241859436
flux_point: 15.468023300170898
