n_obs: 10
data_preparation: 31.675641536712646
writing: 2.1048693656921387
reading: 0.5017015933990479
data_fitting: 121.34072661399841
flux_point: 19.6047682762146
