n_obs: 10
data_preparation: 90.50259113311768
writing: 2.863751173019409
reading: 0.2136385440826416
data_fitting: 195.11342978477478
flux_point: 38.25272274017334
