n_obs: 10
data_preparation: 86.74999284744263
writing: 2.5661990642547607
reading: 0.1996157169342041
data_fitting: 180.8258192539215
flux_point: 37.40790009498596
