n_obs: 10
data_preparation: 28.895673990249634
writing: 1.6730704307556152
reading: 0.5605804920196533
data_fitting: 116.53196907043457
flux_point: 17.5203537940979
