n_obs: 10
data_preparation: 30.01087999343872
writing: 2.3636255264282227
reading: 0.14108061790466309
data_fitting: 102.16495609283447
flux_point: 12.018279314041138
