n_obs: 10
data_preparation: 27.72136688232422
writing: 1.5978844165802002
reading: 0.5539212226867676
data_fitting: 106.03803753852844
flux_point: 17.087138175964355
