n_obs: 10
data_preparation: 40.70658802986145
writing: 2.9091761112213135
reading: 0.3065953254699707
data_fitting: 185.78354287147522
flux_point: 53.21895408630371
