n_obs: 10
data_preparation: 70.031423330307
writing: 3.0310111045837402
reading: 0.22636795043945312
data_fitting: 200.6677987575531
flux_point: 29.47952365875244
