n_obs: 10
data_preparation: 104.80068159103394
writing: 3.3719286918640137
reading: 0.27659082412719727
data_fitting: 232.67034816741943
flux_point: 47.10287952423096
