n_obs: 10
data_preparation: 29.7415714263916
writing: 2.154863119125366
reading: 0.5223987102508545
data_fitting: 121.7349784374237
flux_point: 19.338432788848877
