n_obs: 10
data_preparation: 31.246243000030518
writing: 2.076198101043701
reading: 0.5601077079772949
data_fitting: 108.67381358146667
flux_point: 18.116429090499878
