n_obs: 10
data_preparation: 31.911561012268066
writing: 2.260136604309082
reading: 0.5885357856750488
data_fitting: 116.80128383636475
flux_point: 19.223488330841064
