n_obs: 10
data_preparation: 30.621474027633667
writing: 2.0865726470947266
reading: 0.49901318550109863
data_fitting: 113.90205192565918
flux_point: 18.954140186309814
