n_obs: 10
data_preparation: 27.0797221660614
writing: 1.5579404830932617
reading: 0.5303170680999756
data_fitting: 106.74451446533203
flux_point: 16.900906324386597
