n_obs: 10
data_preparation: 23.002558946609497
writing: 2.63621187210083
reading: 2.991600751876831
data_fitting: 329.7327091693878
flux_point: 56.487841844558716
