n_obs: 10
data_preparation: 31.542207717895508
writing: 2.520627737045288
reading: 0.17952370643615723
data_fitting: 109.84291982650757
flux_point: 13.19916033744812
