n_obs: 10
data_preparation: 29.938361644744873
writing: 2.3920891284942627
reading: 0.49315953254699707
data_fitting: 121.67262768745422
flux_point: 18.522826194763184
