n_obs: 10
data_preparation: 99.96922659873962
writing: 3.0797882080078125
reading: 0.23590850830078125
data_fitting: 215.5504744052887
flux_point: 39.46341896057129
