n_obs: 10
data_preparation: 93.23233127593994
writing: 2.594602346420288
reading: 0.19520139694213867
data_fitting: 192.70627808570862
flux_point: 40.39715623855591
