n_obs: 10
data_preparation: 31.2952401638031
writing: 2.1442067623138428
reading: 0.5176634788513184
data_fitting: 105.69077849388123
flux_point: 18.20159363746643
