n_obs: 10
data_preparation: 70.34623336791992
writing: 2.768488645553589
reading: 0.21054291725158691
data_fitting: 205.45558738708496
flux_point: 29.37908172607422
