n_obs: 10
data_preparation: 30.8574435710907
writing: 2.531873941421509
reading: 0.17985796928405762
data_fitting: 107.81298828125
flux_point: 13.240444898605347
