n_obs: 10
data_preparation: 28.062792539596558
writing: 1.6838972568511963
reading: 0.582155704498291
data_fitting: 111.31180143356323
flux_point: 18.634806394577026
