n_obs: 10
data_preparation: 30.969374179840088
writing: 2.575526475906372
reading: 0.17053675651550293
data_fitting: 108.62153124809265
flux_point: 15.909325361251831
