n_obs: 10
data_preparation: 67.8453779220581
writing: 3.085106611251831
reading: 0.22355961799621582
data_fitting: 205.5413520336151
flux_point: 31.195547103881836
