n_obs: 10
data_preparation: 32.44387078285217
writing: 1.6867494583129883
reading: 0.4053323268890381
data_fitting: 95.50719785690308
flux_point: 35.81982946395874
