n_obs: 10
data_preparation: 95.43592238426208
writing: 3.168623924255371
reading: 0.2747344970703125
data_fitting: 210.46494054794312
flux_point: 40.139586448669434
