n_obs: 10
data_preparation: 103.49565887451172
writing: 3.287367343902588
reading: 0.2958199977874756
data_fitting: 222.14582324028015
flux_point: 44.33247208595276
