n_obs: 10
data_preparation: 31.59600591659546
writing: 2.107849359512329
reading: 0.5649433135986328
data_fitting: 111.97813582420349
flux_point: 18.41696333885193
