n_obs: 10
data_preparation: 30.68768835067749
writing: 2.064384937286377
reading: 0.5535314083099365
data_fitting: 107.76926040649414
flux_point: 18.15370011329651
