n_obs: 10
data_preparation: 37.17644762992859
writing: 2.1070263385772705
reading: 0.20524358749389648
data_fitting: 138.36195540428162
flux_point: 38.232850313186646
