n_obs: 10
data_preparation: 31.597014904022217
writing: 2.0674140453338623
reading: 0.5514795780181885
data_fitting: 110.85113215446472
flux_point: 18.072535753250122
