n_obs: 10
data_preparation: 35.34994387626648
writing: 1.7616896629333496
reading: 0.40476274490356445
data_fitting: 112.8461582660675
flux_point: 40.85920858383179
