n_obs: 10
data_preparation: 73.30012702941895
writing: 2.457906723022461
reading: 0.1954336166381836
data_fitting: 161.23024773597717
flux_point: 31.220133781433105
