n_obs: 10
data_preparation: 39.09741687774658
writing: 2.3081798553466797
reading: 3.161656618118286
data_fitting: 169.55872559547424
flux_point: 36.58332848548889
