n_obs: 10
data_preparation: 108.2466926574707
writing: 3.4975674152374268
reading: 0.2794029712677002
data_fitting: 243.09694504737854
flux_point: 46.198880195617676
