n_obs: 10
data_preparation: 41.43111801147461
writing: 2.124755382537842
reading: 1.530195713043213
data_fitting: 148.95856022834778
flux_point: 49.43002247810364
