n_obs: 10
data_preparation: 43.797465085983276
writing: 2.1733360290527344
reading: 0.5540103912353516
data_fitting: 136.67331886291504
flux_point: 51.06330227851868
