n_obs: 10
data_preparation: 36.299884557724
writing: 2.2066593170166016
reading: 0.46096253395080566
data_fitting: 138.91517162322998
flux_point: 23.879374980926514
