n_obs: 10
data_preparation: 74.98026132583618
writing: 2.581702470779419
reading: 0.1925966739654541
data_fitting: 159.88869190216064
flux_point: 29.652104139328003
