n_obs: 10
data_preparation: 31.72123146057129
writing: 2.091322898864746
reading: 0.5801961421966553
data_fitting: 114.32483172416687
flux_point: 18.604536771774292
