n_obs: 10
data_preparation: 62.97007393836975
writing: 2.6371848583221436
reading: 0.18858718872070312
data_fitting: 197.29919242858887
flux_point: 26.71402645111084
