n_obs: 10
data_preparation: 55.51698565483093
writing: 2.5955007076263428
reading: 0.20382404327392578
data_fitting: 164.3040590286255
flux_point: 24.05175256729126
