n_obs: 10
data_preparation: 96.66810846328735
writing: 3.1944961547851562
reading: 0.2451002597808838
data_fitting: 314.17143177986145
flux_point: 45.78488516807556
