n_obs: 10
data_preparation: 75.02417945861816
writing: 2.569669485092163
reading: 0.19149446487426758
data_fitting: 161.86448740959167
flux_point: 31.903796434402466
