n_obs: 10
data_preparation: 30.929059743881226
writing: 2.005169630050659
reading: 0.5429327487945557
data_fitting: 106.78335070610046
flux_point: 17.14799928665161
