n_obs: 10
data_preparation: 111.35627841949463
writing: 3.4974780082702637
reading: 0.2895479202270508
data_fitting: 231.9164834022522
flux_point: 50.19876146316528
