n_obs: 10
data_preparation: 78.2977089881897
writing: 2.5206127166748047
reading: 0.19943761825561523
data_fitting: 182.9587161540985
flux_point: 37.944252729415894
