n_obs: 10
data_preparation: 68.11446905136108
writing: 3.063202381134033
reading: 0.23718595504760742
data_fitting: 220.86593341827393
flux_point: 30.94405508041382
