n_obs: 10
data_preparation: 117.76332187652588
writing: 3.88796067237854
reading: 0.31159234046936035
data_fitting: 254.38684487342834
flux_point: 50.00059723854065
