n_obs: 10
data_preparation: 34.62871813774109
writing: 1.7693912982940674
reading: 0.4071218967437744
data_fitting: 105.03006267547607
flux_point: 40.56356620788574
