n_obs: 10
data_preparation: 88.75745344161987
writing: 2.7300448417663574
reading: 0.20996880531311035
data_fitting: 181.02565336227417
flux_point: 66.91824316978455
