n_obs: 10
data_preparation: 28.992944717407227
writing: 1.647489309310913
reading: 0.5654139518737793
data_fitting: 111.98710179328918
flux_point: 18.111052751541138
