n_obs: 10
data_preparation: 28.94362449645996
writing: 2.331277847290039
reading: 0.49518251419067383
data_fitting: 119.55167055130005
flux_point: 17.730769395828247
