n_obs: 10
data_preparation: 103.29550766944885
writing: 3.384105682373047
reading: 0.26862502098083496
data_fitting: 535.8399722576141
flux_point: 52.52932024002075
