n_obs: 10
data_preparation: 30.185391902923584
writing: 2.096233606338501
reading: 0.4965202808380127
data_fitting: 111.45299100875854
flux_point: 18.616560220718384
