n_obs: 10
data_preparation: 28.637871026992798
writing: 1.6732745170593262
reading: 0.5781688690185547
data_fitting: 123.36055612564087
flux_point: 17.60361933708191
