n_obs: 10
data_preparation: 31.14046001434326
writing: 2.3327200412750244
reading: 0.1483750343322754
data_fitting: 104.67678880691528
flux_point: 12.621626853942871
