n_obs: 10
data_preparation: 39.81846570968628
writing: 2.354982852935791
reading: 3.371616840362549
data_fitting: 164.61599564552307
flux_point: 43.32092499732971
