n_obs: 10
data_preparation: 29.287580728530884
writing: 2.345625638961792
reading: 0.5052311420440674
data_fitting: 119.61455082893372
flux_point: 17.974531412124634
