n_obs: 10
data_preparation: 31.667490005493164
writing: 2.0658440589904785
reading: 0.5540347099304199
data_fitting: 107.30201888084412
flux_point: 17.74469232559204
