n_obs: 10
data_preparation: 113.9977331161499
writing: 3.7164790630340576
reading: 0.3158712387084961
data_fitting: 549.4825220108032
flux_point: 55.66691851615906
