n_obs: 10
data_preparation: 87.7367525100708
writing: 2.481318235397339
reading: 0.19633769989013672
data_fitting: 195.82876563072205
flux_point: 36.70080780982971
