n_obs: 10
data_preparation: 88.4871895313263
writing: 2.5631914138793945
reading: 0.18795514106750488
data_fitting: 190.10038137435913
flux_point: 39.77599000930786
