n_obs: 10
data_preparation: 30.717864751815796
writing: 2.106367588043213
reading: 0.5255920886993408
data_fitting: 107.06362724304199
flux_point: 18.17859649658203
