n_obs: 10
data_preparation: 103.02688360214233
writing: 2.9625930786132812
reading: 0.2243814468383789
data_fitting: 199.15667748451233
flux_point: 40.42877674102783
