n_obs: 10
data_preparation: 100.11706566810608
writing: 3.3012681007385254
reading: 0.2598140239715576
data_fitting: 214.91798186302185
flux_point: 42.87279725074768
