n_obs: 10
data_preparation: 34.85181188583374
writing: 2.49967885017395
reading: 0.2173762321472168
data_fitting: 181.18700313568115
flux_point: 27.058228969573975
