n_obs: 10
data_preparation: 41.81261944770813
writing: 1.8452332019805908
reading: 0.5247781276702881
data_fitting: 131.75078892707825
flux_point: 20.779757022857666
