n_obs: 10
data_preparation: 36.363856077194214
writing: 1.774935245513916
reading: 0.4510014057159424
data_fitting: 110.0393533706665
flux_point: 24.94169521331787
