n_obs: 10
data_preparation: 30.138888835906982
writing: 2.338761806488037
reading: 0.4886758327484131
data_fitting: 130.88041734695435
flux_point: 18.633856773376465
