n_obs: 10
data_preparation: 32.59365892410278
writing: 2.0716466903686523
reading: 0.5528213977813721
data_fitting: 116.17702889442444
flux_point: 18.70066237449646
