n_obs: 10
data_preparation: 29.812657594680786
writing: 2.3573713302612305
reading: 0.49657773971557617
data_fitting: 121.41002154350281
flux_point: 18.579039096832275
