n_obs: 10
data_preparation: 31.161462783813477
writing: 2.08907413482666
reading: 0.5542454719543457
data_fitting: 108.86665868759155
flux_point: 18.106099843978882
