n_obs: 10
data_preparation: 88.37254571914673
writing: 2.6277828216552734
reading: 0.1938936710357666
data_fitting: 177.52859091758728
flux_point: 33.636882305145264
