n_obs: 10
data_preparation: 95.9541118144989
writing: 3.1582155227661133
reading: 0.2459111213684082
data_fitting: 319.2847852706909
flux_point: 47.24131178855896
