n_obs: 10
data_preparation: 92.94718647003174
writing: 3.0405497550964355
reading: 0.2549312114715576
data_fitting: 495.53595900535583
flux_point: 45.42681431770325
