n_obs: 10
data_preparation: 92.52780079841614
writing: 2.9776692390441895
reading: 0.24227643013000488
data_fitting: 470.5029411315918
flux_point: 43.60339879989624
