n_obs: 10
data_preparation: 36.479042053222656
writing: 2.7520699501037598
reading: 0.24784350395202637
data_fitting: 157.76804089546204
flux_point: 29.431422472000122
