n_obs: 10
data_preparation: 75.39616012573242
writing: 2.473532199859619
reading: 0.19984793663024902
data_fitting: 167.19518971443176
flux_point: 31.644981384277344
