n_obs: 10
data_preparation: 27.678598403930664
writing: 1.608088731765747
reading: 0.5495247840881348
data_fitting: 104.28316926956177
flux_point: 16.84778356552124
