n_obs: 10
data_preparation: 39.30095958709717
writing: 2.0237181186676025
reading: 1.4356317520141602
data_fitting: 308.6322567462921
flux_point: 80.60888409614563
