n_obs: 10
data_preparation: 45.29047203063965
writing: 2.6062121391296387
reading: 3.6486730575561523
data_fitting: 190.82187724113464
flux_point: 42.05566143989563
