n_obs: 10
data_preparation: 39.26404881477356
writing: 3.1984031200408936
reading: 0.3015303611755371
data_fitting: 195.641996383667
flux_point: 35.501086473464966
