n_obs: 10
data_preparation: 30.515671730041504
writing: 2.1281824111938477
reading: 0.5259599685668945
data_fitting: 103.5941731929779
flux_point: 17.930643796920776
