n_obs: 10
data_preparation: 88.76821660995483
writing: 3.0329408645629883
reading: 0.2726755142211914
data_fitting: 445.3054175376892
flux_point: 43.824716329574585
