n_obs: 10
data_preparation: 36.47995972633362
writing: 1.7705647945404053
reading: 0.41655755043029785
data_fitting: 109.89516925811768
flux_point: 24.805433750152588
