n_obs: 10
data_preparation: 31.090699911117554
writing: 2.167252779006958
reading: 0.5238847732543945
data_fitting: 115.20805501937866
flux_point: 19.25446105003357
