n_obs: 10
data_preparation: 31.21028780937195
writing: 2.3742384910583496
reading: 0.14237570762634277
data_fitting: 105.34746146202087
flux_point: 12.701321363449097
