n_obs: 10
data_preparation: 97.78749942779541
writing: 3.6746692657470703
reading: 0.26012516021728516
data_fitting: 523.8455860614777
flux_point: 49.0539493560791
