n_obs: 10
data_preparation: 84.87788486480713
writing: 3.1152091026306152
reading: 0.21390151977539062
data_fitting: 183.9365577697754
flux_point: 35.65076947212219
