n_obs: 10
data_preparation: 76.4461579322815
writing: 2.533890724182129
reading: 0.20113801956176758
data_fitting: 175.12396383285522
flux_point: 33.55092120170593
