n_obs: 10
data_preparation: 30.146772384643555
writing: 2.133819103240967
reading: 0.5038740634918213
data_fitting: 122.32932162284851
flux_point: 18.081039905548096
