n_obs: 10
data_preparation: 30.65975069999695
writing: 2.3212358951568604
reading: 0.14490437507629395
data_fitting: 104.38636422157288
flux_point: 12.558900356292725
