n_obs: 10
data_preparation: 30.896726608276367
writing: 2.5192790031433105
reading: 0.18123412132263184
data_fitting: 108.13835430145264
flux_point: 12.993369102478027
