n_obs: 10
data_preparation: 72.38826489448547
writing: 2.857913017272949
reading: 0.22218632698059082
data_fitting: 215.45881342887878
flux_point: 30.937788724899292
