n_obs: 10
data_preparation: 113.78162932395935
writing: 3.4668610095977783
reading: 0.27834582328796387
data_fitting: 237.8387098312378
flux_point: 48.13371205329895
