n_obs: 10
data_preparation: 47.77459764480591
writing: 2.060549020767212
reading: 0.5507471561431885
data_fitting: 129.10470509529114
flux_point: 22.658527135849
