n_obs: 10
data_preparation: 30.86722207069397
writing: 2.4397237300872803
reading: 0.1443939208984375
data_fitting: 105.51256012916565
flux_point: 12.569124221801758
