n_obs: 10
data_preparation: 87.08467864990234
writing: 2.535036563873291
reading: 0.19588327407836914
data_fitting: 196.73453903198242
flux_point: 37.168802976608276
