n_obs: 10
data_preparation: 73.60504651069641
writing: 2.77172589302063
reading: 0.19494009017944336
data_fitting: 171.10868620872498
flux_point: 33.42258429527283
