n_obs: 10
data_preparation: 42.887046098709106
writing: 2.603506326675415
reading: 3.3904895782470703
data_fitting: 137.99292588233948
flux_point: 45.73769235610962
