n_obs: 10
data_preparation: 29.193193197250366
writing: 2.3141660690307617
reading: 0.27286672592163086
data_fitting: 109.26787233352661
flux_point: 13.958999156951904
