n_obs: 10
data_preparation: 30.997203826904297
writing: 2.4020724296569824
reading: 0.14181876182556152
data_fitting: 106.4800181388855
flux_point: 12.719213247299194
