n_obs: 10
data_preparation: 99.00086665153503
writing: 3.325241804122925
reading: 0.27477598190307617
data_fitting: 207.81489324569702
flux_point: 37.90571904182434
