n_obs: 10
data_preparation: 81.74041175842285
writing: 2.5261049270629883
reading: 0.2022266387939453
data_fitting: 177.89593696594238
flux_point: 33.688690423965454
