n_obs: 10
data_preparation: 117.66380190849304
writing: 3.9184987545013428
reading: 0.3287394046783447
data_fitting: 253.26505208015442
flux_point: 49.71936368942261
