n_obs: 10
data_preparation: 92.98908066749573
writing: 3.1852619647979736
reading: 0.215165376663208
data_fitting: 212.0954442024231
flux_point: 41.110920906066895
