n_obs: 10
data_preparation: 31.820018529891968
writing: 2.132652521133423
reading: 0.5936019420623779
data_fitting: 114.66662859916687
flux_point: 17.996598958969116
