n_obs: 10
data_preparation: 33.88900566101074
writing: 2.235764980316162
reading: 0.5261626243591309
data_fitting: 120.26169681549072
flux_point: 19.657623767852783
