n_obs: 10
data_preparation: 100.58300948143005
writing: 2.912419319152832
reading: 0.23528623580932617
data_fitting: 459.0192165374756
flux_point: 46.12772750854492
