n_obs: 10
data_preparation: 31.25989842414856
writing: 2.1438748836517334
reading: 0.5133988857269287
data_fitting: 106.81762027740479
flux_point: 18.125001907348633
