n_obs: 10
data_preparation: 87.27633476257324
writing: 2.5176289081573486
reading: 0.19350790977478027
data_fitting: 191.1891450881958
flux_point: 35.58055305480957
