n_obs: 10
data_preparation: 31.287060499191284
writing: 2.1917920112609863
reading: 0.540703535079956
data_fitting: 115.18062281608582
flux_point: 18.59275507926941
