n_obs: 10
data_preparation: 40.93343782424927
writing: 2.108253002166748
reading: 0.5081839561462402
data_fitting: 99.24829339981079
flux_point: 29.234981536865234
