n_obs: 10
data_preparation: 30.894915342330933
writing: 2.094728946685791
reading: 0.516101598739624
data_fitting: 111.21129202842712
flux_point: 18.24896264076233
