n_obs: 10
data_preparation: 112.31246876716614
writing: 2.674778461456299
reading: 0.2004544734954834
data_fitting: 215.5183081626892
flux_point: 41.128495931625366
