n_obs: 10
data_preparation: 91.60460066795349
writing: 2.626349449157715
reading: 0.1935274600982666
data_fitting: 184.71425342559814
flux_point: 36.665430545806885
