n_obs: 10
data_preparation: 31.712278127670288
writing: 1.981698989868164
reading: 0.5409083366394043
data_fitting: 110.6624825000763
flux_point: 19.085100173950195
