n_obs: 10
data_preparation: 110.17659187316895
writing: 3.2548434734344482
reading: 0.24426603317260742
data_fitting: 202.86952090263367
flux_point: 38.56768846511841
