n_obs: 10
data_preparation: 27.55178475379944
writing: 1.841418981552124
reading: 0.5399723052978516
data_fitting: 112.29913425445557
flux_point: 16.933881282806396
