n_obs: 10
data_preparation: 83.37499904632568
writing: 2.437981128692627
reading: 0.18582892417907715
data_fitting: 181.66292548179626
flux_point: 34.262964963912964
