n_obs: 10
data_preparation: 93.71281933784485
writing: 3.8177077770233154
reading: 0.24633288383483887
data_fitting: 212.24560523033142
flux_point: 40.01831650733948
