n_obs: 10
data_preparation: 29.339991092681885
writing: 2.3489017486572266
reading: 0.2768099308013916
data_fitting: 111.04619145393372
flux_point: 14.23434567451477
