n_obs: 10
data_preparation: 97.92666697502136
writing: 2.6032752990722656
reading: 0.19699621200561523
data_fitting: 215.83007645606995
flux_point: 42.466824531555176
