n_obs: 10
data_preparation: 90.77215552330017
writing: 2.972979784011841
reading: 0.2095348834991455
data_fitting: 198.04325079917908
flux_point: 37.68436098098755
