n_obs: 10
data_preparation: 85.89590072631836
writing: 3.8072867393493652
reading: 0.2866034507751465
data_fitting: 244.0642216205597
flux_point: 33.858644008636475
