n_obs: 10
data_preparation: 74.44361686706543
writing: 2.4692270755767822
reading: 0.19479060173034668
data_fitting: 167.6494333744049
flux_point: 31.99510645866394
