n_obs: 10
data_preparation: 30.366377115249634
writing: 2.5306272506713867
reading: 0.1799912452697754
data_fitting: 107.01146483421326
flux_point: 12.935103178024292
