n_obs: 10
data_preparation: 39.775688886642456
writing: 2.424229145050049
reading: 0.5400176048278809
data_fitting: 151.04808449745178
flux_point: 29.994258880615234
