n_obs: 10
data_preparation: 29.50706958770752
writing: 2.284454584121704
reading: 0.49205803871154785
data_fitting: 127.72075510025024
flux_point: 17.958385705947876
