n_obs: 10
data_preparation: 30.343884468078613
writing: 2.605293035507202
reading: 0.17461872100830078
data_fitting: 108.96280574798584
flux_point: 15.850081205368042
