n_obs: 10
data_preparation: 29.29050588607788
writing: 2.329423666000366
reading: 0.4886636734008789
data_fitting: 119.03187465667725
flux_point: 17.8461856842041
