n_obs: 10
data_preparation: 76.80274677276611
writing: 2.6106393337249756
reading: 0.19235563278198242
data_fitting: 164.49669885635376
flux_point: 30.66452646255493
