n_obs: 10
data_preparation: 31.342064142227173
writing: 1.9369268417358398
reading: 0.526336669921875
data_fitting: 107.00484704971313
flux_point: 18.068363189697266
