n_obs: 10
data_preparation: 97.66636157035828
writing: 4.019445419311523
reading: 0.2548050880432129
data_fitting: 214.75984811782837
flux_point: 40.1415274143219
