n_obs: 10
data_preparation: 29.114547967910767
writing: 2.09649920463562
reading: 0.5017125606536865
data_fitting: 121.07170104980469
flux_point: 18.14748454093933
