n_obs: 10
data_preparation: 31.373631715774536
writing: 2.057506799697876
reading: 0.5540311336517334
data_fitting: 109.0245292186737
flux_point: 17.736388683319092
