n_obs: 10
data_preparation: 31.143248558044434
writing: 2.0996484756469727
reading: 0.49750614166259766
data_fitting: 118.92891049385071
flux_point: 19.41078519821167
