n_obs: 10
data_preparation: 92.76464414596558
writing: 2.811044931411743
reading: 0.21460652351379395
data_fitting: 490.2245464324951
flux_point: 46.09623646736145
