n_obs: 10
data_preparation: 29.86000919342041
writing: 2.32739520072937
reading: 0.4935932159423828
data_fitting: 130.18040776252747
flux_point: 18.761345386505127
