n_obs: 10
data_preparation: 30.88721013069153
writing: 2.103991985321045
reading: 0.5236101150512695
data_fitting: 110.46906185150146
flux_point: 18.184807538986206
