n_obs: 10
data_preparation: 29.181204557418823
writing: 1.71297287940979
reading: 0.5787267684936523
data_fitting: 127.93457102775574
flux_point: 18.24898600578308
