n_obs: 10
data_preparation: 26.797574043273926
writing: 2.2799434661865234
reading: 1.7742750644683838
data_fitting: 273.92655062675476
flux_point: 65.67608904838562
