n_obs: 10
data_preparation: 29.82143235206604
writing: 2.3699069023132324
reading: 0.5016233921051025
data_fitting: 121.33346581459045
flux_point: 18.286096334457397
