n_obs: 10
data_preparation: 38.56478476524353
writing: 2.485591173171997
reading: 0.2184433937072754
data_fitting: 174.21339058876038
flux_point: 31.176002264022827
