n_obs: 10
data_preparation: 30.700344562530518
writing: 2.4622373580932617
reading: 0.2864837646484375
data_fitting: 116.31449604034424
flux_point: 15.302925109863281
