n_obs: 10
data_preparation: 31.325647830963135
writing: 2.141223907470703
reading: 0.5514545440673828
data_fitting: 109.15850949287415
flux_point: 18.104682683944702
