n_obs: 10
data_preparation: 39.00057649612427
writing: 1.9693009853363037
reading: 1.4788084030151367
data_fitting: 143.3476243019104
flux_point: 47.39840269088745
