n_obs: 10
data_preparation: 32.06510853767395
writing: 2.0728633403778076
reading: 0.552865743637085
data_fitting: 110.1689178943634
flux_point: 17.506835460662842
