n_obs: 10
data_preparation: 35.88221597671509
writing: 2.0220088958740234
reading: 2.7430167198181152
data_fitting: 142.2667784690857
flux_point: 31.587204456329346
