n_obs: 10
data_preparation: 68.51338601112366
writing: 3.3765082359313965
reading: 0.21102166175842285
data_fitting: 205.16329193115234
flux_point: 30.62441325187683
