n_obs: 10
data_preparation: 27.933929204940796
writing: 1.5961532592773438
reading: 0.46909165382385254
data_fitting: 114.49655175209045
flux_point: 17.474084615707397
