n_obs: 10
data_preparation: 30.84904146194458
writing: 2.0307140350341797
reading: 0.5418508052825928
data_fitting: 107.82310652732849
flux_point: 17.96092915534973
