n_obs: 10
data_preparation: 113.26500725746155
writing: 3.640036106109619
reading: 0.31618738174438477
data_fitting: 545.6313812732697
flux_point: 56.2349796295166
