n_obs: 10
data_preparation: 101.8734061717987
writing: 3.1604416370391846
reading: 0.24211502075195312
data_fitting: 211.07604837417603
flux_point: 74.50026988983154
