n_obs: 10
data_preparation: 43.16440010070801
writing: 2.116964817047119
reading: 1.7011053562164307
data_fitting: 160.99332666397095
flux_point: 51.72602844238281
