n_obs: 10
data_preparation: 28.61153793334961
writing: 1.754946231842041
reading: 0.5516295433044434
data_fitting: 126.82299709320068
flux_point: 17.399165153503418
