n_obs: 10
data_preparation: 31.670165061950684
writing: 2.5995852947235107
reading: 0.17602872848510742
data_fitting: 112.28653001785278
flux_point: 16.505197048187256
