n_obs: 10
data_preparation: 31.479085683822632
writing: 2.1050710678100586
reading: 0.5861856937408447
data_fitting: 109.7495539188385
flux_point: 18.43353772163391
