n_obs: 10
data_preparation: 33.71517205238342
writing: 2.246579647064209
reading: 0.5248174667358398
data_fitting: 124.3881356716156
flux_point: 20.729438543319702
