n_obs: 10
data_preparation: 87.87191987037659
writing: 2.739658832550049
reading: 0.21172332763671875
data_fitting: 194.12419295310974
flux_point: 36.65236687660217
