n_obs: 10
data_preparation: 32.06522011756897
writing: 2.4335217475891113
reading: 0.5529179573059082
data_fitting: 138.83914470672607
flux_point: 20.338279724121094
