n_obs: 10
data_preparation: 40.623307943344116
writing: 2.341097831726074
reading: 3.2017464637756348
data_fitting: 169.26618885993958
flux_point: 42.14814805984497
