n_obs: 10
data_preparation: 31.49608016014099
writing: 2.402470588684082
reading: 0.14933395385742188
data_fitting: 107.49648404121399
flux_point: 13.072985887527466
