n_obs: 10
data_preparation: 42.2516884803772
writing: 3.270026683807373
reading: 0.30985331535339355
data_fitting: 219.34852600097656
flux_point: 32.3268940448761
