n_obs: 10
data_preparation: 30.55438208580017
writing: 2.567133903503418
reading: 0.16924095153808594
data_fitting: 108.67707443237305
flux_point: 15.762214183807373
