n_obs: 10
data_preparation: 119.4397087097168
writing: 3.5914199352264404
reading: 0.2836191654205322
data_fitting: 242.21862387657166
flux_point: 47.772109270095825
