n_obs: 10
data_preparation: 89.03619766235352
writing: 2.5152835845947266
reading: 0.19434475898742676
data_fitting: 195.09378623962402
flux_point: 38.028276205062866
