n_obs: 10
data_preparation: 64.0054976940155
writing: 2.7482857704162598
reading: 0.21122431755065918
data_fitting: 207.30668091773987
flux_point: 28.00298023223877
