n_obs: 10
data_preparation: 95.16551423072815
writing: 2.8603508472442627
reading: 0.23241376876831055
data_fitting: 214.28361439704895
flux_point: 37.771650552749634
