n_obs: 10
data_preparation: 30.941312313079834
writing: 2.083420515060425
reading: 0.5527849197387695
data_fitting: 111.99130582809448
flux_point: 19.253072500228882
