n_obs: 10
data_preparation: 97.44467353820801
writing: 3.2586002349853516
reading: 0.2466738224029541
data_fitting: 322.10489320755005
flux_point: 47.36148810386658
