n_obs: 10
data_preparation: 29.92235040664673
writing: 2.088765859603882
reading: 0.48534131050109863
data_fitting: 110.41965913772583
flux_point: 18.79828190803528
