n_obs: 10
data_preparation: 28.71993064880371
writing: 2.2895073890686035
reading: 0.48838162422180176
data_fitting: 119.86723351478577
flux_point: 18.01477599143982
