n_obs: 10
data_preparation: 30.604262113571167
writing: 2.5641703605651855
reading: 0.17185616493225098
data_fitting: 108.17567086219788
flux_point: 15.774394989013672
