n_obs: 10
data_preparation: 27.924643516540527
writing: 1.8901994228363037
reading: 0.5496838092803955
data_fitting: 115.84317970275879
flux_point: 17.550604820251465
