n_obs: 10
data_preparation: 113.37547445297241
writing: 3.7069973945617676
reading: 0.32863712310791016
data_fitting: 567.9832260608673
flux_point: 56.93345403671265
