n_obs: 10
data_preparation: 29.965617179870605
writing: 2.0917022228240967
reading: 0.4939124584197998
data_fitting: 109.9780867099762
flux_point: 18.656989097595215
