n_obs: 10
data_preparation: 102.07731747627258
writing: 3.7473206520080566
reading: 0.28626227378845215
data_fitting: 225.52370262145996
flux_point: 44.49391293525696
