n_obs: 10
data_preparation: 31.66747808456421
writing: 2.3753936290740967
reading: 0.5136392116546631
data_fitting: 134.36907243728638
flux_point: 19.38295888900757
