n_obs: 10
data_preparation: 31.680527210235596
writing: 2.0510106086730957
reading: 0.546259880065918
data_fitting: 109.59275603294373
flux_point: 18.027817726135254
