n_obs: 10
data_preparation: 95.29274892807007
writing: 3.195009469985962
reading: 0.24219274520874023
data_fitting: 209.68487787246704
flux_point: 38.84797406196594
