n_obs: 10
data_preparation: 97.99318933486938
writing: 2.9152283668518066
reading: 0.2305903434753418
data_fitting: 220.632426738739
flux_point: 40.901965379714966
