n_obs: 10
data_preparation: 76.33178925514221
writing: 2.497084379196167
reading: 0.1976320743560791
data_fitting: 170.87998390197754
flux_point: 32.62027359008789
