n_obs: 10
data_preparation: 31.11683988571167
writing: 2.101428508758545
reading: 0.569329023361206
data_fitting: 108.61315655708313
flux_point: 18.05516481399536
