n_obs: 10
data_preparation: 87.26910710334778
writing: 2.8538436889648438
reading: 0.19423818588256836
data_fitting: 188.48803281784058
flux_point: 35.39486265182495
