n_obs: 10
data_preparation: 100.78239393234253
writing: 3.2922115325927734
reading: 0.2634272575378418
data_fitting: 225.2203450202942
flux_point: 42.266475677490234
