n_obs: 10
data_preparation: 122.26301145553589
writing: 3.725787401199341
reading: 0.28957319259643555
data_fitting: 247.35791063308716
flux_point: 49.145127296447754
