n_obs: 10
data_preparation: 31.380093812942505
writing: 2.0383689403533936
reading: 0.5505292415618896
data_fitting: 113.96370887756348
flux_point: 17.91172480583191
