n_obs: 10
data_preparation: 100.69073152542114
writing: 3.3341386318206787
reading: 0.2599608898162842
data_fitting: 206.35002756118774
flux_point: 39.41854906082153
