n_obs: 10
data_preparation: 30.984863758087158
writing: 2.570880651473999
reading: 0.17035937309265137
data_fitting: 108.85623002052307
flux_point: 15.829861879348755
