n_obs: 10
data_preparation: 30.752153158187866
writing: 2.356642961502075
reading: 0.49293041229248047
data_fitting: 120.60893750190735
flux_point: 19.077949285507202
