n_obs: 10
data_preparation: 45.749791860580444
writing: 2.0899040699005127
reading: 0.5287914276123047
data_fitting: 115.27476954460144
flux_point: 20.84412145614624
