n_obs: 10
data_preparation: 98.84818649291992
writing: 3.020235776901245
reading: 0.24512481689453125
data_fitting: 222.52462601661682
flux_point: 41.48408055305481
