n_obs: 10
data_preparation: 94.75885272026062
writing: 3.1758596897125244
reading: 0.24406218528747559
data_fitting: 214.6444070339203
flux_point: 40.686156034469604
