n_obs: 10
data_preparation: 39.527180671691895
writing: 1.907994270324707
reading: 0.4593806266784668
data_fitting: 144.80355596542358
flux_point: 27.818092584609985
