n_obs: 10
data_preparation: 39.82514262199402
writing: 1.949167251586914
reading: 1.4899036884307861
data_fitting: 125.06097340583801
flux_point: 26.05730700492859
