n_obs: 10
data_preparation: 104.44518828392029
writing: 3.4821879863739014
reading: 0.3183112144470215
data_fitting: 227.30489802360535
flux_point: 44.831204652786255
