n_obs: 10
data_preparation: 100.69901752471924
writing: 3.064948320388794
reading: 0.24750304222106934
data_fitting: 235.9722716808319
flux_point: 44.265559673309326
