n_obs: 10
data_preparation: 116.43944048881531
writing: 4.058491945266724
reading: 0.3437464237213135
data_fitting: 247.43110632896423
flux_point: 48.92654013633728
