n_obs: 10
data_preparation: 112.9448230266571
writing: 3.311922311782837
reading: 0.26837706565856934
data_fitting: 225.2811312675476
flux_point: 46.80562162399292
