n_obs: 10
data_preparation: 40.313592195510864
writing: 1.9723033905029297
reading: 1.5340733528137207
data_fitting: 124.67854857444763
flux_point: 26.309285879135132
