n_obs: 10
data_preparation: 30.20573854446411
writing: 2.3551418781280518
reading: 0.5040338039398193
data_fitting: 129.54125261306763
flux_point: 20.063762426376343
