n_obs: 10
data_preparation: 31.702213764190674
writing: 2.063730478286743
reading: 0.5443847179412842
data_fitting: 109.41019558906555
flux_point: 17.558091163635254
