n_obs: 10
data_preparation: 23.227285861968994
writing: 1.959031105041504
reading: 1.4402375221252441
data_fitting: 227.1533064842224
flux_point: 53.23090195655823
