n_obs: 10
data_preparation: 97.01886081695557
writing: 2.8803961277008057
reading: 0.2271583080291748
data_fitting: 215.63500308990479
flux_point: 41.17170524597168
