n_obs: 10
data_preparation: 117.03942608833313
writing: 3.157738447189331
reading: 0.2633199691772461
data_fitting: 227.89493036270142
flux_point: 46.12140107154846
