n_obs: 10
data_preparation: 30.719411611557007
writing: 2.1858668327331543
reading: 0.5217447280883789
data_fitting: 127.21215176582336
flux_point: 19.347023248672485
