n_obs: 10
data_preparation: 95.92388486862183
writing: 2.874817371368408
reading: 0.2185821533203125
data_fitting: 221.8027606010437
flux_point: 44.12063789367676
