n_obs: 10
data_preparation: 93.87272477149963
writing: 3.5191490650177
reading: 0.21457457542419434
data_fitting: 203.80575489997864
flux_point: 41.48632550239563
