n_obs: 10
data_preparation: 37.149845123291016
writing: 2.3050100803375244
reading: 2.952657699584961
data_fitting: 144.40126729011536
flux_point: 38.37768912315369
