n_obs: 10
data_preparation: 44.36783838272095
writing: 2.7446768283843994
reading: 3.7468626499176025
data_fitting: 192.45896935462952
flux_point: 44.17459464073181
