n_obs: 10
data_preparation: 76.79822182655334
writing: 2.609571695327759
reading: 0.19486069679260254
data_fitting: 167.11842370033264
flux_point: 33.08745098114014
