n_obs: 10
data_preparation: 118.78008031845093
writing: 4.148902654647827
reading: 0.32189011573791504
data_fitting: 249.94763159751892
flux_point: 48.85129904747009
