n_obs: 10
data_preparation: 93.226717710495
writing: 2.5825328826904297
reading: 0.19335246086120605
data_fitting: 209.76073622703552
flux_point: 42.983826875686646
