n_obs: 10
data_preparation: 31.155351400375366
writing: 2.3350915908813477
reading: 0.14455199241638184
data_fitting: 104.73493885993958
flux_point: 12.394587755203247
