n_obs: 10
data_preparation: 112.73633289337158
writing: 3.8216259479522705
reading: 0.31807684898376465
data_fitting: 236.2461919784546
flux_point: 45.65563106536865
