n_obs: 10
data_preparation: 36.96333575248718
writing: 1.8342194557189941
reading: 1.3385159969329834
data_fitting: 124.00173473358154
flux_point: 39.141809940338135
