n_obs: 10
data_preparation: 36.66951608657837
writing: 2.1406493186950684
reading: 0.47214579582214355
data_fitting: 133.3413474559784
flux_point: 26.114076137542725
