n_obs: 10
data_preparation: 35.75209021568298
writing: 1.8508477210998535
reading: 0.5111825466156006
data_fitting: 103.8404152393341
flux_point: 26.055315732955933
