n_obs: 10
data_preparation: 31.71259117126465
writing: 2.075786590576172
reading: 0.5472536087036133
data_fitting: 112.09917378425598
flux_point: 17.58287763595581
