n_obs: 10
data_preparation: 74.9824857711792
writing: 2.601097345352173
reading: 0.1939685344696045
data_fitting: 164.62738347053528
flux_point: 32.516056060791016
