n_obs: 10
data_preparation: 30.360769033432007
writing: 2.296213150024414
reading: 0.2041337490081787
data_fitting: 126.69540405273438
flux_point: 24.554853916168213
