n_obs: 10
data_preparation: 30.393912076950073
writing: 2.0540995597839355
reading: 0.20976042747497559
data_fitting: 126.85280323028564
flux_point: 36.573723793029785
