n_obs: 10
data_preparation: 101.29014730453491
writing: 3.466803550720215
reading: 0.24066400527954102
data_fitting: 221.33948874473572
flux_point: 40.594446659088135
