n_obs: 10
data_preparation: 97.32082152366638
writing: 3.3934288024902344
reading: 0.24597644805908203
data_fitting: 217.62457633018494
flux_point: 42.34558606147766
