n_obs: 10
data_preparation: 90.87595915794373
writing: 3.332984685897827
reading: 0.2119438648223877
data_fitting: 197.7912359237671
flux_point: 38.9542920589447
