n_obs: 10
data_preparation: 30.528307676315308
writing: 2.3584773540496826
reading: 0.49895501136779785
data_fitting: 129.5453019142151
flux_point: 18.44621443748474
