n_obs: 10
data_preparation: 30.403517484664917
writing: 2.3043558597564697
reading: 0.48437929153442383
data_fitting: 130.4963343143463
flux_point: 19.44794201850891
