n_obs: 10
data_preparation: 113.05220818519592
writing: 3.5986440181732178
reading: 0.30638575553894043
data_fitting: 240.13249039649963
flux_point: 49.128382205963135
