n_obs: 10
data_preparation: 95.99980545043945
writing: 3.0934605598449707
reading: 0.23688840866088867
data_fitting: 221.06167197227478
flux_point: 41.40006375312805
