n_obs: 10
data_preparation: 91.70422291755676
writing: 2.53239369392395
reading: 0.19725537300109863
data_fitting: 201.35068941116333
flux_point: 38.86090660095215
