n_obs: 10
data_preparation: 38.83257031440735
writing: 2.297825574874878
reading: 2.5594100952148438
data_fitting: 155.185937166214
flux_point: 39.2769730091095
