n_obs: 10
data_preparation: 27.13319206237793
writing: 1.8188273906707764
reading: 0.5290179252624512
data_fitting: 111.31125569343567
flux_point: 16.71698307991028
