n_obs: 10
data_preparation: 32.840309858322144
writing: 2.4326674938201904
reading: 0.14565253257751465
data_fitting: 108.0766031742096
flux_point: 12.48360824584961
