n_obs: 10
data_preparation: 84.93924760818481
writing: 3.6776909828186035
reading: 0.2968180179595947
data_fitting: 232.54378080368042
flux_point: 34.569183111190796
