n_obs: 10
data_preparation: 103.71848225593567
writing: 3.188347578048706
reading: 0.26409173011779785
data_fitting: 212.75111889839172
flux_point: 41.16153645515442
