n_obs: 10
data_preparation: 31.57236671447754
writing: 2.1252388954162598
reading: 0.500652551651001
data_fitting: 120.07778549194336
flux_point: 19.34181022644043
