n_obs: 10
data_preparation: 122.25679659843445
writing: 3.7323856353759766
reading: 0.32526373863220215
data_fitting: 249.33773374557495
flux_point: 50.91427946090698
