n_obs: 10
data_preparation: 86.81355857849121
writing: 2.5476512908935547
reading: 0.1953449249267578
data_fitting: 191.32098150253296
flux_point: 36.62906885147095
