n_obs: 10
data_preparation: 87.21122908592224
writing: 2.544435977935791
reading: 0.19948697090148926
data_fitting: 196.4738953113556
flux_point: 36.889373540878296
