n_obs: 10
data_preparation: 24.915719270706177
writing: 2.0459561347961426
reading: 1.5722668170928955
data_fitting: 245.4844250679016
flux_point: 58.278939962387085
