n_obs: 10
data_preparation: 32.196019887924194
writing: 2.4921090602874756
reading: 0.14507746696472168
data_fitting: 110.76755881309509
flux_point: 12.955777883529663
