n_obs: 10
data_preparation: 105.09251236915588
writing: 3.8773696422576904
reading: 0.30550599098205566
data_fitting: 220.41051578521729
flux_point: 44.292884349823
