n_obs: 10
data_preparation: 41.472596406936646
writing: 2.1101951599121094
reading: 0.5445404052734375
data_fitting: 128.31445455551147
flux_point: 33.625054121017456
