n_obs: 10
data_preparation: 24.689513206481934
writing: 1.9661846160888672
reading: 1.5908784866333008
data_fitting: 245.31417536735535
flux_point: 59.44794678688049
