n_obs: 10
data_preparation: 32.03914022445679
writing: 2.0684468746185303
reading: 0.5479512214660645
data_fitting: 108.01435661315918
flux_point: 17.804388761520386
