n_obs: 10
data_preparation: 44.310840368270874
writing: 1.828967571258545
reading: 0.5322544574737549
data_fitting: 157.6997470855713
flux_point: 23.5279438495636
