n_obs: 10
data_preparation: 108.57572960853577
writing: 3.5836009979248047
reading: 0.2886934280395508
data_fitting: 232.31427645683289
flux_point: 44.469860792160034
