n_obs: 10
data_preparation: 30.27327537536621
writing: 2.5580766201019287
reading: 0.16516685485839844
data_fitting: 107.18577098846436
flux_point: 15.546919345855713
