n_obs: 10
data_preparation: 35.955933570861816
writing: 2.7621307373046875
reading: 0.24655795097351074
data_fitting: 151.8296070098877
flux_point: 28.33403491973877
