n_obs: 10
data_preparation: 99.54653859138489
writing: 2.623875379562378
reading: 0.20074176788330078
data_fitting: 217.41563630104065
flux_point: 42.51516938209534
