n_obs: 10
data_preparation: 30.020681381225586
writing: 1.979813575744629
reading: 0.5398974418640137
data_fitting: 104.03847026824951
flux_point: 17.137112379074097
