n_obs: 10
data_preparation: 87.90968441963196
writing: 2.5190441608428955
reading: 0.19820261001586914
data_fitting: 197.66079258918762
flux_point: 36.95883369445801
