n_obs: 10
data_preparation: 94.937739610672
writing: 2.6034929752349854
reading: 0.19792819023132324
data_fitting: 210.88711404800415
flux_point: 41.33526062965393
