n_obs: 10
data_preparation: 27.93932271003723
writing: 1.903679370880127
reading: 0.5599849224090576
data_fitting: 117.3307695388794
flux_point: 17.95685362815857
