n_obs: 10
data_preparation: 42.518967628479004
writing: 3.3402819633483887
reading: 0.30968284606933594
data_fitting: 216.8349311351776
flux_point: 31.764923095703125
