n_obs: 10
data_preparation: 33.85325574874878
writing: 2.7627921104431152
reading: 0.2460036277770996
data_fitting: 149.72531843185425
flux_point: 55.59244513511658
