n_obs: 10
data_preparation: 75.79537320137024
writing: 2.574002265930176
reading: 0.20036101341247559
data_fitting: 173.11478352546692
flux_point: 33.518397092819214
