n_obs: 10
data_preparation: 31.297282457351685
writing: 2.0602686405181885
reading: 0.560128927230835
data_fitting: 107.23512697219849
flux_point: 17.98545265197754
