n_obs: 10
data_preparation: 29.163329362869263
writing: 2.3102786540985107
reading: 0.49756669998168945
data_fitting: 128.38592982292175
flux_point: 19.317140579223633
