n_obs: 10
data_preparation: 38.08680963516235
writing: 2.3990495204925537
reading: 0.2621340751647949
data_fitting: 150.763610124588
flux_point: 36.580686807632446
