n_obs: 10
data_preparation: 113.68857526779175
writing: 3.9277470111846924
reading: 0.29770374298095703
data_fitting: 551.1298248767853
flux_point: 57.54357671737671
