n_obs: 10
data_preparation: 30.542444705963135
writing: 2.352931022644043
reading: 0.4981870651245117
data_fitting: 130.10331654548645
flux_point: 18.68547749519348
