n_obs: 10
data_preparation: 31.842806339263916
writing: 2.1269938945770264
reading: 0.5245368480682373
data_fitting: 110.13374352455139
flux_point: 18.615363359451294
