n_obs: 10
data_preparation: 39.64851689338684
writing: 1.9115657806396484
reading: 1.4739794731140137
data_fitting: 142.94296550750732
flux_point: 48.697648763656616
