n_obs: 10
data_preparation: 83.7454514503479
writing: 2.7452316284179688
reading: 0.20899391174316406
data_fitting: 273.2212481498718
flux_point: 40.223878145217896
