n_obs: 10
data_preparation: 31.87733554840088
writing: 2.4631242752075195
reading: 0.14730215072631836
data_fitting: 109.05987501144409
flux_point: 13.203700304031372
