n_obs: 10
data_preparation: 68.2032322883606
writing: 2.7616350650787354
reading: 0.21036911010742188
data_fitting: 197.8227469921112
flux_point: 28.677302837371826
