n_obs: 10
data_preparation: 86.53088474273682
writing: 3.957465648651123
reading: 0.32430076599121094
data_fitting: 250.11164355278015
flux_point: 34.765045166015625
