n_obs: 10
data_preparation: 37.219051122665405
writing: 1.8864107131958008
reading: 1.3573460578918457
data_fitting: 298.13770151138306
flux_point: 77.43911290168762
