n_obs: 10
data_preparation: 31.28685474395752
writing: 2.0887203216552734
reading: 0.5667417049407959
data_fitting: 109.43574786186218
flux_point: 18.095796585083008
