n_obs: 10
data_preparation: 84.22083401679993
writing: 2.457632064819336
reading: 0.18718171119689941
data_fitting: 169.01553797721863
flux_point: 63.20333123207092
