n_obs: 10
data_preparation: 24.24505639076233
writing: 1.9638864994049072
reading: 1.5314819812774658
data_fitting: 239.0382182598114
flux_point: 57.53255915641785
