n_obs: 10
data_preparation: 97.82981967926025
writing: 3.2096054553985596
reading: 0.2470531463623047
data_fitting: 318.58955812454224
flux_point: 47.63319993019104
