n_obs: 10
data_preparation: 41.22026824951172
writing: 2.1529574394226074
reading: 0.5947327613830566
data_fitting: 126.47582459449768
flux_point: 29.05549144744873
