n_obs: 10
data_preparation: 30.470694541931152
writing: 2.538769006729126
reading: 0.1685619354248047
data_fitting: 107.37967467308044
flux_point: 15.627354860305786
