n_obs: 10
data_preparation: 78.10912895202637
writing: 2.6464836597442627
reading: 0.1951918601989746
data_fitting: 165.6143524646759
flux_point: 31.121237993240356
