n_obs: 10
data_preparation: 37.695425271987915
writing: 2.3297266960144043
reading: 0.49546217918395996
data_fitting: 151.07693815231323
flux_point: 25.590070962905884
