n_obs: 10
data_preparation: 30.173893213272095
writing: 2.4821412563323975
reading: 0.17736482620239258
data_fitting: 105.95544004440308
flux_point: 12.62443995475769
