n_obs: 10
data_preparation: 96.0012788772583
writing: 2.618075132369995
reading: 0.19631576538085938
data_fitting: 201.17865753173828
flux_point: 42.51501274108887
