n_obs: 10
data_preparation: 63.39709138870239
writing: 2.667443037033081
reading: 0.18933606147766113
data_fitting: 194.79147291183472
flux_point: 26.458727598190308
