n_obs: 10
data_preparation: 33.395689964294434
writing: 2.1195619106292725
reading: 0.2094883918762207
data_fitting: 162.13857865333557
flux_point: 56.48816227912903
