n_obs: 10
data_preparation: 86.02011609077454
writing: 2.6170055866241455
reading: 0.1933424472808838
data_fitting: 177.38668179512024
flux_point: 35.11026215553284
