n_obs: 10
data_preparation: 95.51940846443176
writing: 2.7860119342803955
reading: 0.21852684020996094
data_fitting: 505.6996636390686
flux_point: 47.57197308540344
