n_obs: 10
data_preparation: 52.76129198074341
writing: 2.597634792327881
reading: 0.20319318771362305
data_fitting: 161.25804209709167
flux_point: 23.006807565689087
