n_obs: 10
data_preparation: 30.296812295913696
writing: 2.154428482055664
reading: 0.5120337009429932
data_fitting: 123.93762063980103
flux_point: 19.025428533554077
