n_obs: 10
data_preparation: 31.10351276397705
writing: 2.413593292236328
reading: 0.5200374126434326
data_fitting: 121.52156472206116
flux_point: 19.692299127578735
