n_obs: 10
data_preparation: 27.188925981521606
writing: 1.8201124668121338
reading: 0.542567253112793
data_fitting: 111.85278797149658
flux_point: 16.918402910232544
