n_obs: 10
data_preparation: 123.90853977203369
writing: 3.7302122116088867
reading: 0.2843177318572998
data_fitting: 259.6561813354492
flux_point: 53.14439678192139
