n_obs: 10
data_preparation: 101.45513916015625
writing: 3.8035590648651123
reading: 0.26154589653015137
data_fitting: 224.38524532318115
flux_point: 79.07240533828735
