n_obs: 10
data_preparation: 42.30891227722168
writing: 2.185504198074341
reading: 1.595773458480835
data_fitting: 271.99382281303406
flux_point: 68.36915564537048
