n_obs: 10
data_preparation: 114.43759870529175
writing: 3.751333475112915
reading: 0.29186415672302246
data_fitting: 249.88510131835938
flux_point: 48.550339460372925
