n_obs: 10
data_preparation: 89.24830794334412
writing: 3.159116268157959
reading: 0.21552276611328125
data_fitting: 197.36927461624146
flux_point: 37.794368743896484
