n_obs: 10
data_preparation: 29.616523504257202
writing: 2.149872303009033
reading: 0.5235600471496582
data_fitting: 121.29389381408691
flux_point: 18.374063730239868
