n_obs: 10
data_preparation: 97.95738410949707
writing: 3.64522385597229
reading: 0.29628419876098633
data_fitting: 221.08660507202148
flux_point: 41.42910194396973
