n_obs: 10
data_preparation: 38.53045678138733
writing: 2.1048295497894287
reading: 2.8526437282562256
data_fitting: 163.56161165237427
flux_point: 39.91662812232971
