n_obs: 10
data_preparation: 33.64779996871948
writing: 2.421003818511963
reading: 0.24598073959350586
data_fitting: 156.62486290931702
flux_point: 56.87135672569275
