n_obs: 10
data_preparation: 30.833828926086426
writing: 2.5004501342773438
reading: 0.16939330101013184
data_fitting: 106.48685693740845
flux_point: 12.53380560874939
