n_obs: 10
data_preparation: 97.60226225852966
writing: 2.6198251247406006
reading: 0.19569063186645508
data_fitting: 215.07144379615784
flux_point: 41.98794388771057
