n_obs: 10
data_preparation: 31.09106135368347
writing: 2.5931432247161865
reading: 0.16884660720825195
data_fitting: 108.28237795829773
flux_point: 15.540341854095459
