n_obs: 10
data_preparation: 35.07260298728943
writing: 1.7973999977111816
reading: 1.415165662765503
data_fitting: 109.57570147514343
flux_point: 23.568925142288208
