n_obs: 10
data_preparation: 30.97183108329773
writing: 1.9692232608795166
reading: 0.533423900604248
data_fitting: 109.9511411190033
flux_point: 18.589370727539062
