n_obs: 10
data_preparation: 31.080819845199585
writing: 2.053569793701172
reading: 0.5596005916595459
data_fitting: 109.60159754753113
flux_point: 18.074113368988037
