n_obs: 10
data_preparation: 26.704067945480347
writing: 1.5294864177703857
reading: 0.457228422164917
data_fitting: 115.21402287483215
flux_point: 16.804794788360596
