n_obs: 10
data_preparation: 30.751290559768677
writing: 2.098445177078247
reading: 0.5278058052062988
data_fitting: 112.45397472381592
flux_point: 18.155670881271362
