n_obs: 10
data_preparation: 40.782963037490845
writing: 2.1374988555908203
reading: 3.104631185531616
data_fitting: 186.9333200454712
flux_point: 38.30062961578369
