n_obs: 10
data_preparation: 39.577229022979736
writing: 2.956364154815674
reading: 0.2802560329437256
data_fitting: 161.30678963661194
flux_point: 29.18153667449951
