n_obs: 10
data_preparation: 110.48722839355469
writing: 3.5691540241241455
reading: 0.3142569065093994
data_fitting: 648.3607323169708
flux_point: 58.83463716506958
