n_obs: 10
data_preparation: 32.46964073181152
writing: 2.126713752746582
reading: 0.5685291290283203
data_fitting: 117.15250205993652
flux_point: 18.80253553390503
