n_obs: 10
data_preparation: 91.18546223640442
writing: 3.0201327800750732
reading: 0.2489018440246582
data_fitting: 193.22252225875854
flux_point: 38.61761665344238
