n_obs: 10
data_preparation: 87.21736145019531
writing: 2.672778367996216
reading: 0.2108457088470459
data_fitting: 266.8894627094269
flux_point: 40.13373637199402
