n_obs: 10
data_preparation: 39.39971160888672
writing: 2.361790418624878
reading: 2.6885247230529785
data_fitting: 154.1247205734253
flux_point: 38.88745164871216
