n_obs: 10
data_preparation: 63.58490586280823
writing: 2.813112735748291
reading: 0.21434473991394043
data_fitting: 181.37976384162903
flux_point: 26.813594579696655
