n_obs: 10
data_preparation: 112.43504810333252
writing: 3.642110824584961
reading: 0.3249342441558838
data_fitting: 519.2064054012299
flux_point: 57.91404318809509
