n_obs: 10
data_preparation: 37.65952253341675
writing: 3.003532886505127
reading: 0.2770833969116211
data_fitting: 163.24818396568298
flux_point: 30.374845266342163
