n_obs: 10
data_preparation: 28.096728086471558
writing: 1.8098130226135254
reading: 0.5543615818023682
data_fitting: 126.07479333877563
flux_point: 17.401384353637695
