n_obs: 10
data_preparation: 39.775490045547485
writing: 2.1273107528686523
reading: 1.5041909217834473
data_fitting: 247.9138059616089
flux_point: 62.506134033203125
