n_obs: 10
data_preparation: 41.03889536857605
writing: 2.0199697017669678
reading: 0.4755702018737793
data_fitting: 129.2639844417572
flux_point: 47.51041865348816
