n_obs: 10
data_preparation: 75.47451877593994
writing: 2.596151351928711
reading: 0.19295525550842285
data_fitting: 160.70720505714417
flux_point: 29.26581358909607
