n_obs: 10
data_preparation: 103.37302374839783
writing: 3.6176068782806396
reading: 0.2519810199737549
data_fitting: 221.99674487113953
flux_point: 42.71255707740784
