n_obs: 10
data_preparation: 99.97854828834534
writing: 3.956740379333496
reading: 0.28809380531311035
data_fitting: 223.90209293365479
flux_point: 42.400471925735474
