n_obs: 10
data_preparation: 30.57939124107361
writing: 2.4887943267822266
reading: 0.17687654495239258
data_fitting: 106.3813316822052
flux_point: 12.63340449333191
