n_obs: 10
data_preparation: 40.01310586929321
writing: 2.384977102279663
reading: 3.2706210613250732
data_fitting: 169.12989974021912
flux_point: 42.895403146743774
