n_obs: 10
data_preparation: 29.363240718841553
writing: 2.3017685413360596
reading: 0.48957014083862305
data_fitting: 127.58569073677063
flux_point: 19.07759118080139
