n_obs: 10
data_preparation: 32.545719623565674
writing: 2.1328957080841064
reading: 0.5771095752716064
data_fitting: 112.44180727005005
flux_point: 18.849581241607666
