n_obs: 10
data_preparation: 71.33248281478882
writing: 2.4767000675201416
reading: 0.1925206184387207
data_fitting: 160.64151883125305
flux_point: 31.838452100753784
