n_obs: 10
data_preparation: 31.957762479782104
writing: 2.133535146713257
reading: 0.489060640335083
data_fitting: 116.74617195129395
flux_point: 19.036053895950317
