n_obs: 10
data_preparation: 70.9760251045227
writing: 3.178755521774292
reading: 0.259227991104126
data_fitting: 217.76147532463074
flux_point: 31.838768482208252
