n_obs: 10
data_preparation: 29.85776424407959
writing: 2.3582561016082764
reading: 0.500737190246582
data_fitting: 121.19298672676086
flux_point: 18.23861789703369
