n_obs: 10
data_preparation: 36.249555587768555
writing: 3.124769926071167
reading: 0.2911195755004883
data_fitting: 174.05768656730652
flux_point: 30.999226570129395
