n_obs: 10
data_preparation: 68.89169931411743
writing: 2.7286899089813232
reading: 0.1884310245513916
data_fitting: 212.7099552154541
flux_point: 29.10564112663269
