n_obs: 10
data_preparation: 37.10490369796753
writing: 1.7628941535949707
reading: 0.4084792137145996
data_fitting: 111.0173134803772
flux_point: 24.50100874900818
