n_obs: 10
data_preparation: 96.44918322563171
writing: 3.158832311630249
reading: 0.2610774040222168
data_fitting: 516.9647405147552
flux_point: 48.33431053161621
