n_obs: 10
data_preparation: 37.48542022705078
writing: 2.968367099761963
reading: 0.19574666023254395
data_fitting: 128.20071625709534
flux_point: 19.186935424804688
