n_obs: 10
data_preparation: 29.549972772598267
writing: 2.209134817123413
reading: 0.13573312759399414
data_fitting: 99.92110395431519
flux_point: 11.830829858779907
