n_obs: 10
data_preparation: 104.78417539596558
writing: 3.4330668449401855
reading: 0.27998948097229004
data_fitting: 230.74043655395508
flux_point: 45.444517374038696
