n_obs: 10
data_preparation: 37.89792084693909
writing: 2.1151561737060547
reading: 0.204925537109375
data_fitting: 134.6656436920166
flux_point: 32.03875994682312
