n_obs: 10
data_preparation: 30.25824213027954
writing: 2.3601770401000977
reading: 0.5014705657958984
data_fitting: 130.84418559074402
flux_point: 19.844582557678223
