n_obs: 10
data_preparation: 81.19837665557861
writing: 2.75178599357605
reading: 0.19534540176391602
data_fitting: 175.03539872169495
flux_point: 33.42798566818237
