n_obs: 10
data_preparation: 96.15072345733643
writing: 3.2979798316955566
reading: 0.22356796264648438
data_fitting: 199.29458618164062
flux_point: 71.55505394935608
