n_obs: 10
data_preparation: 31.47197723388672
writing: 2.4016575813293457
reading: 0.5146698951721191
data_fitting: 137.401127576828
flux_point: 20.184585571289062
