n_obs: 10
data_preparation: 37.94831919670105
writing: 2.3002634048461914
reading: 0.48148179054260254
data_fitting: 146.17291808128357
flux_point: 24.174699306488037
