n_obs: 10
data_preparation: 73.67863416671753
writing: 2.456810474395752
reading: 0.19499921798706055
data_fitting: 164.7360394001007
flux_point: 31.367977380752563
