n_obs: 10
data_preparation: 73.60018372535706
writing: 3.348684072494507
reading: 0.2561764717102051
data_fitting: 222.7330780029297
flux_point: 31.668277263641357
