n_obs: 10
data_preparation: 31.558496713638306
writing: 2.1642367839813232
reading: 0.5173900127410889
data_fitting: 113.65749406814575
flux_point: 18.51050090789795
