n_obs: 10
data_preparation: 33.247599601745605
writing: 1.6221351623535156
reading: 0.3914320468902588
data_fitting: 117.38543057441711
flux_point: 22.576785802841187
