n_obs: 10
data_preparation: 96.86034083366394
writing: 3.2028567790985107
reading: 0.24875092506408691
data_fitting: 326.35474276542664
flux_point: 48.09330773353577
