n_obs: 10
data_preparation: 88.58827686309814
writing: 2.524301290512085
reading: 0.19586658477783203
data_fitting: 193.44446349143982
flux_point: 36.15291094779968
