n_obs: 10
data_preparation: 89.88119125366211
writing: 2.55863094329834
reading: 0.19643020629882812
data_fitting: 189.22388553619385
flux_point: 35.46207284927368
