n_obs: 10
data_preparation: 119.84463739395142
writing: 3.808197021484375
reading: 0.3022441864013672
data_fitting: 245.98889756202698
flux_point: 48.65116500854492
