n_obs: 10
data_preparation: 74.68074989318848
writing: 2.4794352054595947
reading: 0.1939387321472168
data_fitting: 170.23703050613403
flux_point: 32.444974184036255
