n_obs: 10
data_preparation: 30.45442795753479
writing: 2.49066424369812
reading: 0.17586135864257812
data_fitting: 105.94976687431335
flux_point: 12.628031730651855
