n_obs: 10
data_preparation: 34.473708152770996
writing: 1.766965627670288
reading: 1.2405924797058105
data_fitting: 281.55445313453674
flux_point: 73.34402251243591
