n_obs: 10
data_preparation: 46.495224475860596
writing: 2.3787291049957275
reading: 1.6494581699371338
data_fitting: 372.4459307193756
flux_point: 97.88637781143188
