n_obs: 10
data_preparation: 37.40449023246765
writing: 2.3131442070007324
reading: 0.2365102767944336
data_fitting: 140.27748489379883
flux_point: 42.35667538642883
