n_obs: 10
data_preparation: 42.92125988006592
writing: 2.6564464569091797
reading: 3.5556352138519287
data_fitting: 182.60076379776
flux_point: 45.99417018890381
