n_obs: 10
data_preparation: 35.7554075717926
writing: 2.677415132522583
reading: 0.24006199836730957
data_fitting: 142.7526502609253
flux_point: 27.83339524269104
