n_obs: 10
data_preparation: 39.448681354522705
writing: 1.949026346206665
reading: 1.4128060340881348
data_fitting: 315.29852294921875
flux_point: 81.39587807655334
