n_obs: 10
data_preparation: 30.295125007629395
writing: 2.117433786392212
reading: 0.5048811435699463
data_fitting: 112.03524017333984
flux_point: 18.79103422164917
