n_obs: 10
data_preparation: 31.09354877471924
writing: 2.0815045833587646
reading: 0.5735852718353271
data_fitting: 112.7844660282135
flux_point: 18.32814049720764
