n_obs: 10
data_preparation: 27.03677773475647
writing: 1.8402466773986816
reading: 0.5461671352386475
data_fitting: 112.91620779037476
flux_point: 17.236396312713623
