n_obs: 10
data_preparation: 29.99340558052063
writing: 2.3322582244873047
reading: 0.5066616535186768
data_fitting: 130.5890350341797
flux_point: 18.75274920463562
