n_obs: 10
data_preparation: 32.33417081832886
writing: 2.4567930698394775
reading: 0.14916396141052246
data_fitting: 110.72688817977905
flux_point: 13.598445415496826
