n_obs: 10
data_preparation: 30.136590719223022
writing: 2.316263198852539
reading: 0.49436283111572266
data_fitting: 128.21522617340088
flux_point: 19.505954027175903
