n_obs: 10
data_preparation: 41.488319873809814
writing: 2.038925886154175
reading: 0.5613973140716553
data_fitting: 130.4087073802948
flux_point: 28.590725898742676
