n_obs: 10
data_preparation: 31.444404125213623
writing: 2.1586410999298096
reading: 0.5247807502746582
data_fitting: 111.84081387519836
flux_point: 18.475817441940308
