n_obs: 10
data_preparation: 27.66596031188965
writing: 1.8557498455047607
reading: 0.5380539894104004
data_fitting: 111.13512086868286
flux_point: 16.95431089401245
