n_obs: 10
data_preparation: 30.718588829040527
writing: 2.326556921005249
reading: 0.14388442039489746
data_fitting: 103.71639227867126
flux_point: 12.384551525115967
