n_obs: 10
data_preparation: 36.43803882598877
writing: 1.6876564025878906
reading: 0.3908967971801758
data_fitting: 128.4843466281891
flux_point: 24.494065046310425
