n_obs: 10
data_preparation: 66.72224497795105
writing: 3.178011894226074
reading: 0.20538735389709473
data_fitting: 213.162353515625
flux_point: 29.451749563217163
