n_obs: 10
data_preparation: 34.955098390579224
writing: 2.226764678955078
reading: 0.5627996921539307
data_fitting: 115.54869198799133
flux_point: 19.315452814102173
