n_obs: 10
data_preparation: 33.1860294342041
writing: 2.5213189125061035
reading: 0.5409386157989502
data_fitting: 129.26715540885925
flux_point: 21.15149736404419
