n_obs: 10
data_preparation: 35.0704562664032
writing: 1.7501404285430908
reading: 1.2154624462127686
data_fitting: 128.13006377220154
flux_point: 40.494051456451416
