n_obs: 10
data_preparation: 92.56103801727295
writing: 2.6332590579986572
reading: 0.19974803924560547
data_fitting: 177.8466272354126
flux_point: 34.03501033782959
