n_obs: 10
data_preparation: 32.673601150512695
writing: 2.4180233478546143
reading: 0.5070602893829346
data_fitting: 124.72072315216064
flux_point: 20.35177445411682
