n_obs: 10
data_preparation: 26.813846826553345
writing: 1.5610599517822266
reading: 0.5009200572967529
data_fitting: 117.4999086856842
flux_point: 17.071733474731445
