n_obs: 10
data_preparation: 27.495585918426514
writing: 1.5774805545806885
reading: 0.545935869216919
data_fitting: 106.28037738800049
flux_point: 17.126951217651367
