n_obs: 10
data_preparation: 31.34828782081604
writing: 2.163632392883301
reading: 0.5323340892791748
data_fitting: 110.50547981262207
flux_point: 18.790340423583984
