n_obs: 10
data_preparation: 101.33575201034546
writing: 3.0677874088287354
reading: 0.23123478889465332
data_fitting: 213.02541208267212
flux_point: 42.05468153953552
