n_obs: 10
data_preparation: 31.969637393951416
writing: 2.092315912246704
reading: 0.5717716217041016
data_fitting: 109.9375364780426
flux_point: 17.651017665863037
