n_obs: 10
data_preparation: 33.87498664855957
writing: 2.67193603515625
reading: 0.24046921730041504
data_fitting: 147.5048086643219
flux_point: 57.53664016723633
