n_obs: 10
data_preparation: 27.875317096710205
writing: 2.332554578781128
reading: 2.038266181945801
data_fitting: 278.15561509132385
flux_point: 66.32116103172302
