n_obs: 10
data_preparation: 30.003304958343506
writing: 2.3550753593444824
reading: 0.49513816833496094
data_fitting: 120.62565231323242
flux_point: 18.07413959503174
