n_obs: 10
data_preparation: 41.9086172580719
writing: 1.761021614074707
reading: 0.5229699611663818
data_fitting: 160.35615730285645
flux_point: 21.740785598754883
