n_obs: 10
data_preparation: 116.04158854484558
writing: 3.4402146339416504
reading: 0.2713935375213623
data_fitting: 230.52365684509277
flux_point: 45.91381621360779
