n_obs: 10
data_preparation: 25.88495898246765
writing: 2.1441869735717773
reading: 1.4398558139801025
data_fitting: 267.87347531318665
flux_point: 65.59038496017456
