n_obs: 10
data_preparation: 31.449891090393066
writing: 2.1333682537078857
reading: 0.5187122821807861
data_fitting: 111.28583121299744
flux_point: 18.833438873291016
