n_obs: 10
data_preparation: 30.933449268341064
writing: 2.1080799102783203
reading: 0.5303652286529541
data_fitting: 114.52760434150696
flux_point: 18.495495796203613
