n_obs: 10
data_preparation: 30.4881854057312
writing: 2.0703659057617188
reading: 0.48978471755981445
data_fitting: 114.56286358833313
flux_point: 18.882615327835083
