n_obs: 10
data_preparation: 115.7756462097168
writing: 3.0128626823425293
reading: 0.23059725761413574
data_fitting: 253.00838971138
flux_point: 51.14742398262024
