n_obs: 10
data_preparation: 30.620579719543457
writing: 2.0452678203582764
reading: 0.5537674427032471
data_fitting: 107.85732793807983
flux_point: 17.820082426071167
