n_obs: 10
data_preparation: 98.2700457572937
writing: 2.6819472312927246
reading: 0.19469952583312988
data_fitting: 199.89423775672913
flux_point: 39.45596981048584
