n_obs: 10
data_preparation: 30.48798108100891
writing: 2.3646981716156006
reading: 0.49521875381469727
data_fitting: 123.45438075065613
flux_point: 19.335760354995728
