n_obs: 10
data_preparation: 99.21868848800659
writing: 3.739875555038452
reading: 0.2761821746826172
data_fitting: 227.51403784751892
flux_point: 80.04561114311218
