n_obs: 10
data_preparation: 37.116419553756714
writing: 2.4112906455993652
reading: 0.20965003967285156
data_fitting: 152.24494910240173
flux_point: 28.473694562911987
