n_obs: 10
data_preparation: 23.350367307662964
writing: 1.8336057662963867
reading: 1.5499660968780518
data_fitting: 220.65814185142517
flux_point: 56.213863372802734
