n_obs: 10
data_preparation: 30.929171085357666
writing: 1.9632532596588135
reading: 0.5339019298553467
data_fitting: 106.98623561859131
flux_point: 17.990162134170532
