n_obs: 10
data_preparation: 121.12360215187073
writing: 3.7397334575653076
reading: 0.27760744094848633
data_fitting: 248.03082752227783
flux_point: 45.77967023849487
