n_obs: 10
data_preparation: 28.914499759674072
writing: 2.3027374744415283
reading: 0.2691469192504883
data_fitting: 109.14619088172913
flux_point: 13.908798456192017
