n_obs: 10
data_preparation: 30.515421152114868
writing: 2.0822031497955322
reading: 0.4888114929199219
data_fitting: 114.4439332485199
flux_point: 18.936301231384277
