n_obs: 10
data_preparation: 29.752339363098145
writing: 2.3529741764068604
reading: 0.5094408988952637
data_fitting: 121.88756823539734
flux_point: 18.979353666305542
