n_obs: 10
data_preparation: 32.335437297821045
writing: 2.3861806392669678
reading: 0.1464710235595703
data_fitting: 106.73465609550476
flux_point: 12.664135694503784
