n_obs: 10
data_preparation: 94.96745491027832
writing: 3.3250460624694824
reading: 0.2973198890686035
data_fitting: 485.31838512420654
flux_point: 48.514256954193115
