n_obs: 10
data_preparation: 31.49994683265686
writing: 2.5423927307128906
reading: 0.1845567226409912
data_fitting: 108.64805030822754
flux_point: 12.732818841934204
