n_obs: 10
data_preparation: 31.50172209739685
writing: 2.0419275760650635
reading: 0.5524439811706543
data_fitting: 107.17445755004883
flux_point: 17.44591522216797
