n_obs: 10
data_preparation: 81.09078454971313
writing: 2.302323579788208
reading: 0.17704224586486816
data_fitting: 181.3318636417389
flux_point: 34.030327796936035
