n_obs: 10
data_preparation: 38.28109526634216
writing: 1.9549813270568848
reading: 1.4221060276031494
data_fitting: 233.01925349235535
flux_point: 62.74973154067993
