n_obs: 10
data_preparation: 97.00919270515442
writing: 2.815835952758789
reading: 0.21309161186218262
data_fitting: 210.65137362480164
flux_point: 42.045690298080444
