n_obs: 10
data_preparation: 42.72427701950073
writing: 1.778827428817749
reading: 0.5198090076446533
data_fitting: 156.74664640426636
flux_point: 20.88371729850769
