n_obs: 10
data_preparation: 112.83503127098083
writing: 2.971541166305542
reading: 0.21371889114379883
data_fitting: 215.6205186843872
flux_point: 41.38401532173157
