n_obs: 10
data_preparation: 34.58107137680054
writing: 1.7738168239593506
reading: 0.4408755302429199
data_fitting: 104.94391441345215
flux_point: 27.997326135635376
