n_obs: 10
data_preparation: 22.43809199333191
writing: 1.7508018016815186
reading: 1.3976271152496338
data_fitting: 224.74648451805115
flux_point: 55.49202060699463
