n_obs: 10
data_preparation: 88.6498475074768
writing: 2.5237462520599365
reading: 0.1956179141998291
data_fitting: 200.27672266960144
flux_point: 38.59542107582092
