n_obs: 10
data_preparation: 29.64749050140381
writing: 2.3850367069244385
reading: 0.49817442893981934
data_fitting: 119.07353258132935
flux_point: 18.1910138130188
