# Elapsed time   CPU (%)     Real (MB)   Virtual (MB)
       0.000        0.000        7.789       39.105
       0.502      167.200       95.816      336.773
       1.005      171.200      161.438      637.590
       1.507       99.500      311.973      954.230
       2.009       99.500      504.469     1142.723
       2.512       99.500      700.336     1855.566
       3.014      101.500     1996.906     2696.047
       3.516       97.600     2057.934     2742.742
       4.019      101.500     2172.988     2836.129
       4.521       99.500      537.875     1201.883
       5.023       99.500      411.984     1049.973
       5.526       99.500      466.480     1105.219
       6.028      101.500      852.340     1634.055
       6.530       99.500     1952.535     2637.949
       7.033       99.500     2272.363     2918.109
       7.535      101.500     2196.199     2871.414
       8.037       97.500     2201.750     2918.109
       8.540       99.500      763.738     1402.461
       9.042      101.500      874.789     1513.406
       9.545       99.500      563.664     1217.406
      10.047      101.500     1534.312     2206.352
      10.550       99.500     2297.727     2953.445
      11.052       99.500     2221.449     2906.754
      11.555       99.500     2267.227     2906.754
      12.057       99.500      914.363     1552.977
      12.559      101.500      704.906     1355.188
      13.062       99.500      698.305     1370.516
      13.564       99.500     1188.617     2106.719
      14.066       99.500     2366.492     3040.586
      14.569       99.500     2328.332     2993.895
      15.071      101.500     2236.250     2947.199
      15.573       99.500      841.461     1546.422
      16.076       99.500      666.473     1304.809
      16.578       99.500      814.223     1452.547
      17.080       99.500      988.664     1640.121
      17.583       99.500     2225.742     2889.152
      18.085      101.500     2393.207     3122.617
      18.587      101.500     2399.902     3075.926
      19.090       99.500     2110.766     2842.457
      19.592       97.500     1016.613     1654.914
      20.095      101.500      748.160     1386.289
      20.597      101.500      865.590     1583.480
      21.099       99.500     2245.602     2914.219
      21.602       99.500     2462.871     3147.688
      22.104       97.600     2493.148     3194.379
      22.606      101.500     2537.762     3194.379
      23.108       99.500     1164.012     1817.254
      23.611       99.500     1154.234     1810.766
      24.113       99.500      855.758     1493.828
      24.616      101.500     1698.262     2347.605
      25.118       99.500     2666.465     3328.168
      25.620       99.500     2568.914     3281.473
      26.123      101.500     2587.609     3234.781
      26.625       99.500     1242.938     1881.004
      27.128      101.500      998.055     1667.832
      27.630       99.500      887.875     1525.719
      28.132       97.500     1538.676     2417.914
      28.635      101.500     2671.328     3351.781
      29.137       99.500     2710.105     3398.477
      29.639       99.500     2655.328     3351.781
      30.142      101.500     1267.668     1951.312
      30.644       99.600      975.844     1613.723
      31.146       99.500     1161.023     1798.879
      31.649       99.500     1394.391     2501.348
      32.151       99.500     2663.492     3341.828
      32.654       99.500     2705.434     3388.523
      33.156      101.500     2625.492     3341.828
      33.658       99.500     1236.703     1941.051
      34.161       99.500     1018.773     1656.562
      34.663      101.500     1192.859     1840.992
      35.165       97.500     1384.883     2039.809
      35.668      101.500     2621.965     3288.844
      36.170       99.500     2809.430     3522.309
      36.672       99.500     2800.125     3475.617
      37.175      101.500     1493.859     2214.910
      37.677       99.500     1416.832     2055.602
      38.179       97.500     1132.918     1716.109
      38.682      101.500     1132.934     1716.109
      39.184       99.500     1133.012     1716.109
      39.686      101.500     1188.172     1770.895
      40.189       99.500     1265.660     1847.961
      40.691      145.300     1276.219     1848.031
      41.193      147.300     1276.219     1848.031
      41.695      147.300     1276.219     1848.031
      42.198      157.100     1276.219     1848.031
      42.701      161.100     1276.219     1848.031
      43.203      163.100     1276.219     1848.031
      43.706      151.300     1276.219     1848.031
      44.209      145.300     1276.250     1848.031
      44.711      190.900     1276.270     1848.031
      45.214      300.300     1276.273     1848.031
      45.716      302.300     1276.273     1848.031
      46.219      264.800     1276.289     1848.031
      46.721      190.900     1276.289     1848.031
      47.224      300.200     1276.293     1848.031
      47.727      302.300     1276.297     1848.031
      48.230      298.300     1276.305     1848.031
      48.733      300.300     1276.309     1848.031
      49.236      300.300     1276.312     1848.031
      49.739      298.300     1276.316     1848.031
      50.241      300.300     1276.316     1848.031
      50.744      272.800     1276.316     1848.031
      51.246       99.500     1276.316     1848.031
      51.749       99.500     1276.316     1848.031
      52.251       99.500     1276.316     1848.031
      52.753       99.500     1276.316     1848.031
      53.256      101.500     1276.316     1848.031
      53.758       99.500     1276.316     1848.031
      54.260       99.500     1276.316     1848.031
      54.763       99.500     1276.316     1848.031
      55.265       99.500     1276.316     1848.031
      55.767       99.500     1276.316     1848.031
      56.270      101.500     1276.316     1848.031
      56.772       99.400     1276.316     1848.031
      57.276       99.400     1276.316     1848.031
      57.779       99.300     1276.316     1848.031
      58.282      101.300     1276.316     1848.031
      58.786      101.300     1276.379     1848.031
      59.289      300.000     1276.379     1848.031
      59.792      300.000     1276.379     1848.031
      60.296      278.200     1276.379     1848.031
      60.799      300.200     1276.379     1848.031
      61.302      300.200     1276.379     1848.031
      61.805      186.800     1276.379     1848.031
      62.308      101.200     1276.379     1848.031
      62.813       99.400     1276.379     1848.031
      63.316      101.300     1276.379     1848.031
      63.819       99.400     1276.379     1848.031
      64.322      198.700     1276.379     1848.031
      64.826      299.800     1276.379     1848.031
      65.330      280.200     1276.379     1848.031
      65.833      300.000     1276.379     1848.031
      66.336      299.900     1276.379     1848.031
      66.840      276.100     1276.379     1848.031
      67.343       99.400     1276.379     1848.031
      67.846      101.400     1276.379     1848.031
      68.349       99.400     1276.379     1848.031
      68.852      101.300     1276.379     1848.031
      69.356       99.400     1276.379     1848.031
      69.859      297.800     1276.379     1848.031
      70.363      300.100     1276.379     1848.031
      70.866      278.300     1276.379     1848.031
      71.369      300.100     1276.379     1848.031
      71.872      300.100     1276.379     1848.031
      72.375      154.800     1276.379     1848.031
      72.879      101.300     1276.379     1848.031
      73.383      101.300     1276.379     1848.031
      73.886       99.400     1276.379     1848.031
      74.389       99.400     1276.379     1848.031
      74.893      212.700     1276.379     1848.031
      75.396      300.000     1276.379     1848.031
      75.899      278.100     1276.379     1848.031
      76.403      301.900     1276.379     1848.031
      76.906      298.000     1276.379     1848.031
      77.409      206.500     1276.379     1848.031
      77.913      101.300     1276.379     1848.031
      78.417      101.400     1276.379     1848.031
      78.920       99.300     1276.379     1848.031
      79.423       99.300     1276.379     1848.031
      79.927      166.700     1276.379     1848.031
      80.431      300.100     1276.379     1848.031
      80.935      280.400     1276.379     1848.031
      81.437      298.200     1276.379     1848.031
      81.941      300.200     1276.379     1848.031
      82.443      262.400     1276.379     1848.031
      82.946      101.300     1276.379     1848.031
      83.450       99.300     1276.379     1848.031
      83.953       99.300     1276.379     1848.031
      84.456       99.100     1276.379     1848.031
      84.961      107.300     1276.379     1848.031
      85.464      302.100     1276.379     1848.031
      85.968      298.900     1276.379     1848.031
      86.472      264.500     1276.379     1848.031
      86.975      300.200     1276.379     1848.031
      87.478      298.300     1276.379     1848.031
      87.981      300.300     1276.379     1848.031
      88.484      294.700     1276.379     1848.031
      88.986      101.500     1276.379     1848.031
      89.488       99.500     1276.379     1848.031
      89.991       99.500     1276.379     1848.031
      90.493       99.500     1276.379     1848.031
      90.995       99.500     1276.379     1848.031
      91.497      268.800     1276.379     1848.031
      92.000      300.300     1276.379     1848.031
      92.502      300.300     1276.379     1848.031
      93.005      266.500     1276.379     1848.031
      93.508      298.400     1276.379     1848.031
      94.011      302.300     1276.379     1848.031
      94.514      298.600     1276.379     1848.031
      95.017      234.400     1276.379     1848.031
      95.519      101.500     1276.379     1848.031
      96.021       99.500     1276.379     1848.031
      96.524       99.600     1276.379     1848.031
      97.026       99.500     1276.379     1848.031
      97.528      129.300     1276.379     1848.031
      98.031      300.300     1276.379     1848.031
      98.534      290.700     1276.379     1848.031
      99.036      272.500     1276.379     1848.031
      99.539      300.300     1276.379     1848.031
     100.042      302.300     1276.379     1848.031
     100.544      298.300     1276.445     1848.031
     101.047      123.400     1276.445     1848.031
     101.550       99.500     1276.445     1848.031
     102.052       99.500     1276.445     1848.031
     102.554       99.500     1276.445     1848.031
     103.057       99.600     1276.445     1848.031
     103.559      250.600     1276.445     1848.031
     104.061      300.300     1276.445     1848.031
     104.564      298.400     1276.445     1848.031
     105.067      266.500     1276.445     1848.031
     105.570      300.400     1276.445     1848.031
     106.073      300.300     1276.445     1848.031
     106.575      300.300     1276.445     1848.031
     107.078      167.300     1276.445     1848.031
     107.580      101.500     1276.445     1848.031
     108.083       99.600     1276.445     1848.031
     108.585       99.600     1276.445     1848.031
     109.087       99.600     1276.445     1848.031
     109.590      210.800     1276.445     1848.031
     110.092      298.300     1276.445     1848.031
     110.595      300.400     1276.445     1848.031
     111.098      298.400     1276.445     1848.031
     111.601      302.300     1276.445     1848.031
     112.103      300.300     1276.445     1848.031
     112.606      266.500     1276.445     1848.031
     113.109      298.300     1276.445     1848.031
     113.612      300.400     1276.445     1848.031
     114.115      298.300     1276.445     1848.031
     114.617      260.900     1276.445     1848.031
     115.120       99.500     1276.445     1848.031
     115.622       99.600     1276.445     1848.031
     116.124       99.600     1276.445     1848.031
     116.627      101.500     1276.445     1848.031
     117.129       99.500     1276.445     1848.031
     117.632      298.300     1276.445     1848.031
     118.134      302.300     1276.445     1848.031
     118.637      300.300     1276.445     1848.031
     119.140      298.300     1276.445     1848.031
     119.643      300.400     1276.445     1848.031
     120.145      300.300     1276.445     1848.031
     120.648      276.800     1276.445     1848.031
     121.150      288.400     1276.445     1848.031
     121.653      300.300     1276.445     1848.031
     122.156      300.200     1276.445     1848.031
     122.659      300.300     1276.445     1848.031
     123.162      109.500     1276.445     1848.031
     123.664       99.600     1276.445     1848.031
     124.166       99.600     1276.445     1848.031
     124.669       99.500     1276.445     1848.031
     125.171      101.500     1276.445     1848.031
     125.673      256.600     1276.445     1848.031
     126.176      300.300     1276.445     1848.031
     126.679      298.400     1276.445     1848.031
     127.182      302.300     1276.445     1848.031
     127.684      298.400     1276.445     1848.031
     128.187      300.300     1276.445     1848.031
     128.690      266.500     1276.445     1848.031
     129.193      300.300     1276.445     1848.031
     129.696      298.300     1276.445     1848.031
     130.198      300.300     1276.445     1848.031
     130.701      230.900     1276.445     1848.031
     131.204       99.500     1276.445     1848.031
     131.706       99.600     1276.445     1848.031
     132.208       99.500     1276.445     1848.031
     132.710      101.500     1276.445     1848.031
     133.213       99.500     1276.445     1848.031
     133.715      282.400     1276.445     1848.031
     134.218      264.500     1276.445     1848.031
     134.721      300.400     1276.445     1848.031
     135.223      300.400     1276.445     1848.031
     135.726      298.400     1276.445     1848.031
     136.229      244.900     1276.445     1848.031
     136.731       99.500     1276.445     1848.031
     137.234       99.600     1276.445     1848.031
     137.736       99.500     1276.445     1848.031
     138.238       99.600     1276.445     1848.031
     138.740      131.300     1276.445     1848.031
     139.243      300.300     1276.445     1848.031
     139.746      300.400     1276.445     1848.031
     140.249      157.100     1276.445     1848.031
     140.751      300.300     1276.445     1848.031
     141.254      298.400     1276.445     1848.031
     141.757      300.400     1276.445     1848.031
     142.260      300.300     1276.445     1848.031
     142.763      300.300     1276.445     1848.031
     143.265      300.300     1276.445     1848.031
     143.768      298.300     1276.445     1848.031
     144.271      115.400     1276.445     1848.031
     144.773       99.600     1276.445     1848.031
     145.276       99.600     1276.445     1848.031
     145.778       99.600     1276.445     1848.031
     146.280      101.500     1276.445     1848.031
     146.782       99.500     1276.445     1848.031
     147.285       99.600     1276.445     1848.031
     147.787       99.500     1276.445     1848.031
     148.289       99.600     1276.445     1848.031
     148.791      101.500     1276.445     1848.031
     149.294      161.100     1276.445     1848.031
     149.796      300.400     1276.445     1848.031
     150.299      300.400     1276.445     1848.031
     150.802      195.100     1276.445     1848.031
     151.304       97.500     1276.445     1848.031
     151.807      121.300     1276.445     1848.031
     152.310      299.100     1276.445     1848.031
     152.814      284.200     1276.445     1848.031
     153.317       99.400     1276.445     1848.031
     153.821      101.300     1276.445     1848.031
     154.324      234.500     1276.445     1848.031
     154.827      262.100     1276.445     1848.031
     155.331       99.300     1276.445     1848.031
     155.834       99.500     1276.445     1848.031
     156.336      256.600     1276.445     1848.031
     156.839      209.000     1276.445     1848.031
     157.342       99.500     1276.445     1848.031
     157.844      105.400     1276.445     1848.031
     158.347      240.900     1276.445     1848.031
     158.849      101.500     1276.445     1848.031
     159.351       99.500     1276.445     1848.031
     159.854      248.800     1276.445     1848.031
     160.356       99.500     1276.445     1848.031
     160.858       99.500     1276.445     1848.031
     161.361      101.500     1276.445     1848.031
     161.863       99.600     1276.445     1848.031
     162.365       99.500     1276.445     1848.031
     162.867       99.500     1276.445     1848.031
     163.370       99.500     1276.445     1848.031
     163.872       99.500     1276.445     1848.031
     164.375      103.500     1276.445     1848.031
     164.877       99.500     1276.445     1848.031
     165.379       97.500     1276.445     1848.031
     165.882      101.500     1276.445     1848.031
     166.384       99.500     1276.520     1848.031
     166.886       99.600     1276.543     1848.031
     167.389       99.500     1276.586     1848.031
     167.891       99.500     1276.660     1848.031
     168.393      101.500     1276.711     1848.031
     168.896      101.500     1276.797     1848.031
     169.398       99.500     1276.855     1848.031
     169.900       99.600     1276.930     1848.031
     170.402       99.600     1276.980     1848.031
     170.905       99.500     1276.980     1848.031
     171.407       99.600     1277.004     1848.031
     171.909      101.500     1277.203     1849.031
     172.412       99.500     1277.281     1849.031
     172.914       99.600     1277.336     1849.031
     173.416       99.500     1277.410     1849.031
     173.919       99.500     1277.453     1849.031
     174.421      101.500     1277.512     1849.031
     174.923       99.500     1277.570     1849.031
     175.425       99.500     1277.629     1849.031
     175.928       99.400     1277.645     1849.031
     176.431      101.500     1277.680     1849.031
     176.933       99.600     1277.906     1849.031
     177.436       99.600     1277.957     1849.031
     177.938      101.600     1278.020     1849.031
     178.440       99.600     1278.074     1850.031
     178.942       99.600     1278.090     1850.031
     179.444       99.600     1278.090     1850.031
     179.946      101.600     1278.090     1850.031
     180.448       99.600     1278.090     1850.031
     180.951       99.600     1278.090     1850.031
     181.453       99.600     1278.090     1850.031
     181.955       99.600        1.938        2.750
