data_fitting: 134.6040050983429
data_preparation: 42.12564730644226
flux_point: 31.205453872680664
reading: 1.1141247749328613
writing: 2.3603498935699463
