data_fitting: 143.60410809516907
data_preparation: 25.124487161636353
flux_point: 29.131237745285034
reading: 1.0187180042266846
writing: 2.3280577659606934
