data_fitting: 114.47665309906006
data_preparation: 25.247225284576416
flux_point: 27.97214698791504
reading: 0.9777071475982666
writing: 2.1084859371185303
