data_preparation: 219.27280807495117
writing: 21.91137385368347
reading: 13.120495080947876
data_fitting: 83909.44983577728
flux_point: 322.8383963108063
