n_obs: 10
data_preparation: 7.437678575515747
writing: 2.321343421936035
reading: 3.1006433963775635
data_fitting: 2.212928295135498
flux_point: 27.86341619491577
