n_obs: 10
data_preparation: 4.492634296417236
writing: 1.6312711238861084
reading: 1.8515625
data_fitting: 3.1789891719818115
flux_point: 147.4888677597046
