n_obs: 10
data_preparation: 4.394772291183472
writing: 1.5344867706298828
reading: 1.8534934520721436
data_fitting: 0.690422534942627
flux_point: 6.682905673980713
