n_obs: 10
data_preparation: 5.164526462554932
writing: 1.8742115497589111
reading: 2.150003433227539
data_fitting: 3.7563180923461914
flux_point: 157.96076607704163
