n_obs: 10
data_preparation: 3.558863878250122
writing: 1.1741018295288086
reading: 1.557011604309082
data_fitting: 0.7958691120147705
flux_point: 7.06510066986084
