n_obs: 10
data_preparation: 7.625258922576904
writing: 1.894178867340088
reading: 2.749511957168579
data_fitting: 1.7994558811187744
flux_point: 20.514081716537476
