n_obs: 10
data_preparation: 3.629127264022827
writing: 1.3300225734710693
reading: 1.5766057968139648
data_fitting: 0.8318428993225098
flux_point: 7.342210054397583
