n_obs: 10
data_preparation: 6.752526044845581
writing: 1.5132098197937012
reading: 1.923415184020996
data_fitting: 1.9762625694274902
flux_point: 63.01326942443848
