n_obs: 10
data_preparation: 3.6598217487335205
writing: 1.2352402210235596
reading: 1.64151930809021
data_fitting: 0.8111014366149902
flux_point: 7.158244848251343
