n_obs: 10
data_preparation: 4.706996440887451
writing: 1.6461656093597412
reading: 1.9380559921264648
data_fitting: 0.7245171070098877
flux_point: 6.996828556060791
