n_obs: 10
data_preparation: 3.619753360748291
writing: 1.332202672958374
reading: 1.5959279537200928
data_fitting: 0.8353629112243652
flux_point: 7.262590646743774
