n_obs: 10
data_preparation: 3.709299325942993
writing: 1.4615397453308105
reading: 1.5915579795837402
data_fitting: 0.7038066387176514
flux_point: 6.215830564498901
