n_obs: 10
data_preparation: 3.4037206172943115
writing: 1.115769386291504
reading: 1.5192031860351562
data_fitting: 0.8312675952911377
flux_point: 6.808000802993774
