n_obs: 10
data_preparation: 7.45284628868103
writing: 2.3432462215423584
reading: 3.193535566329956
data_fitting: 2.6304397583007812
flux_point: 24.476364612579346
