n_obs: 10
data_preparation: 3.5851850509643555
writing: 1.1884291172027588
reading: 1.561471939086914
data_fitting: 0.811392068862915
flux_point: 7.018219232559204
