n_obs: 10
data_preparation: 6.467130184173584
writing: 1.4554364681243896
reading: 1.8405120372772217
data_fitting: 1.8103723526000977
flux_point: 57.79814672470093
