n_obs: 10
data_preparation: 4.334385633468628
writing: 1.4928653240203857
reading: 1.8563246726989746
data_fitting: 0.7747054100036621
flux_point: 7.307598829269409
