n_obs: 10
data_preparation: 7.684144496917725
writing: 2.3296685218811035
reading: 3.148439884185791
data_fitting: 3.0450143814086914
flux_point: 27.99971580505371
