n_obs: 10
data_preparation: 3.7428781986236572
writing: 1.4213252067565918
reading: 1.5460357666015625
data_fitting: 0.724989652633667
flux_point: 6.825374603271484
