n_obs: 10
data_preparation: 6.390910863876343
writing: 1.5532257556915283
reading: 1.8365671634674072
data_fitting: 1.8322246074676514
flux_point: 58.413268089294434
