n_obs: 10
data_preparation: 5.331496715545654
writing: 1.747560739517212
reading: 2.058964490890503
data_fitting: 6.935773849487305
flux_point: 66.80587410926819
