n_obs: 10
data_preparation: 4.442508697509766
writing: 1.5318529605865479
reading: 1.8715784549713135
data_fitting: 0.6858816146850586
flux_point: 6.612335443496704
