n_obs: 10
data_preparation: 3.5670297145843506
writing: 2.35811448097229
reading: 2.1638896465301514
data_fitting: 0.8897011280059814
flux_point: 8.93726110458374
