n_obs: 10
data_preparation: 6.813745975494385
writing: 1.8357772827148438
reading: 2.3613479137420654
data_fitting: 1.7177577018737793
flux_point: 35.14629507064819
