n_obs: 10
data_preparation: 3.662631034851074
writing: 1.345663070678711
reading: 1.519723653793335
data_fitting: 0.684697151184082
flux_point: 6.610089302062988
