n_obs: 10
data_preparation: 6.169127702713013
writing: 1.892352819442749
reading: 2.5720887184143066
data_fitting: 2.127507209777832
flux_point: 17.833154439926147
