n_obs: 10
data_preparation: 6.902584075927734
writing: 2.065473794937134
reading: 2.8310177326202393
data_fitting: 1.8015131950378418
flux_point: 20.18424391746521
