n_obs: 10
data_preparation: 10.147371053695679
writing: 1.9491899013519287
reading: 2.662086009979248
data_fitting: 1.0481376647949219
flux_point: 9.505058526992798
