n_obs: 10
data_preparation: 11.848291873931885
writing: 2.3332927227020264
reading: 3.2233219146728516
data_fitting: 1.2009496688842773
flux_point: 12.105987548828125
