n_obs: 10
data_preparation: 3.533673048019409
writing: 2.279768228530884
reading: 2.0623462200164795
data_fitting: 0.8870580196380615
flux_point: 8.859220027923584
