n_obs: 10
data_preparation: 2.4811389446258545
writing: 1.5033369064331055
reading: 1.3047523498535156
data_fitting: 0.5671038627624512
flux_point: 6.018370866775513
