n_obs: 10
data_preparation: 8.761566400527954
writing: 2.2461612224578857
reading: 3.256014823913574
data_fitting: 2.1192758083343506
flux_point: 25.5013108253479
