n_obs: 10
data_preparation: 4.537439823150635
writing: 1.5446598529815674
reading: 1.8768384456634521
data_fitting: 0.7112634181976318
flux_point: 6.758354187011719
