n_obs: 10
data_preparation: 3.2692837715148926
writing: 2.128743886947632
reading: 1.9248309135437012
data_fitting: 0.806408166885376
flux_point: 7.397886753082275
