n_obs: 10
data_preparation: 8.034553289413452
writing: 1.9390792846679688
reading: 2.84468150138855
data_fitting: 1.8366913795471191
flux_point: 21.34373664855957
