n_obs: 10
data_preparation: 6.509463548660278
writing: 1.6338751316070557
reading: 2.37461256980896
data_fitting: 1.5426561832427979
flux_point: 17.571410417556763
