n_obs: 10
data_preparation: 3.983797311782837
writing: 1.4155492782592773
reading: 1.6593306064605713
data_fitting: 0.7178308963775635
flux_point: 6.637888193130493
