n_obs: 10
data_preparation: 4.787856817245483
writing: 1.7374916076660156
reading: 1.986422061920166
data_fitting: 3.329925298690796
flux_point: 167.4161274433136
