n_obs: 10
data_preparation: 3.7560760974884033
writing: 1.389516830444336
reading: 1.536283254623413
data_fitting: 0.6977016925811768
flux_point: 6.814184904098511
