n_obs: 10
data_preparation: 3.5598273277282715
writing: 2.291445016860962
reading: 1.965277910232544
data_fitting: 0.8913445472717285
flux_point: 8.988311290740967
