n_obs: 10
data_preparation: 3.56536602973938
writing: 1.2003984451293945
reading: 1.6069273948669434
data_fitting: 0.8197040557861328
flux_point: 7.075450897216797
