n_obs: 10
data_preparation: 6.4920594692230225
writing: 1.605956792831421
reading: 2.3437795639038086
data_fitting: 1.5038905143737793
flux_point: 17.389099836349487
