n_obs: 10
data_preparation: 3.645210027694702
writing: 1.3597431182861328
reading: 1.4930591583251953
data_fitting: 0.6785590648651123
flux_point: 6.44140887260437
