n_obs: 10
data_preparation: 5.608051776885986
writing: 2.080698013305664
reading: 2.3966073989868164
data_fitting: 4.3363587856292725
flux_point: 45.65073847770691
