n_obs: 10
data_preparation: 3.7220630645751953
writing: 1.3848371505737305
reading: 1.5352933406829834
data_fitting: 0.693779468536377
flux_point: 6.615864992141724
