n_obs: 10
data_preparation: 7.293822765350342
writing: 1.6353890895843506
reading: 2.054372549057007
data_fitting: 2.0667929649353027
flux_point: 66.57424831390381
