n_obs: 10
data_preparation: 6.522808790206909
writing: 1.5929615497589111
reading: 2.3243305683135986
data_fitting: 1.5606625080108643
flux_point: 17.205521821975708
