n_obs: 10
data_preparation: 6.4801647663116455
writing: 1.6144700050354004
reading: 2.3438527584075928
data_fitting: 1.4966151714324951
flux_point: 16.74838399887085
