n_obs: 10
data_preparation: 5.899800539016724
writing: 1.4507758617401123
reading: 1.950256586074829
data_fitting: 1.2803747653961182
flux_point: 25.945576429367065
