n_obs: 10
data_preparation: 4.561442852020264
writing: 1.5675790309906006
reading: 1.894798755645752
data_fitting: 0.689349889755249
flux_point: 6.672780990600586
