n_obs: 10
data_preparation: 6.689342260360718
writing: 1.6338682174682617
reading: 2.3622851371765137
data_fitting: 1.5725195407867432
flux_point: 23.260218143463135
