n_obs: 10
data_preparation: 7.561267375946045
writing: 1.859004020690918
reading: 2.678537607192993
data_fitting: 1.750002384185791
flux_point: 26.14310336112976
