n_obs: 10
data_preparation: 8.969494581222534
writing: 2.4827630519866943
reading: 3.4156031608581543
data_fitting: 2.3199961185455322
flux_point: 26.494539976119995
