n_obs: 10
data_preparation: 4.411137580871582
writing: 1.511251449584961
reading: 1.88960862159729
data_fitting: 0.7922990322113037
flux_point: 7.264194011688232
