n_obs: 10
data_preparation: 4.289815902709961
writing: 1.5447516441345215
reading: 1.8535645008087158
data_fitting: 3.0037477016448975
flux_point: 31.201737642288208
