n_obs: 10
data_preparation: 7.463915824890137
writing: 1.7580881118774414
reading: 2.533022165298462
data_fitting: 0.9449799060821533
flux_point: 9.692191123962402
