n_obs: 10
data_preparation: 8.207825422286987
writing: 2.1793293952941895
reading: 3.1269309520721436
data_fitting: 2.096282720565796
flux_point: 25.670467138290405
