n_obs: 10
data_preparation: 3.627211809158325
writing: 1.3457129001617432
reading: 1.508030891418457
data_fitting: 0.671912670135498
flux_point: 6.640134811401367
