n_obs: 10
data_preparation: 3.6877543926239014
writing: 1.379612922668457
reading: 1.534179449081421
data_fitting: 0.6809003353118896
flux_point: 6.749890565872192
