n_obs: 10
data_preparation: 3.6787335872650146
writing: 1.3545646667480469
reading: 1.5363595485687256
data_fitting: 0.6747136116027832
flux_point: 6.618005037307739
