n_obs: 10
data_preparation: 3.7016255855560303
writing: 1.431520700454712
reading: 1.529937744140625
data_fitting: 0.6935548782348633
flux_point: 6.569058895111084
