n_obs: 10
data_preparation: 5.641755104064941
writing: 2.2337193489074707
reading: 2.4886467456817627
data_fitting: 4.432467460632324
flux_point: 45.75028419494629
