n_obs: 10
data_preparation: 3.58091139793396
writing: 1.3528110980987549
reading: 1.4924168586730957
data_fitting: 0.6659927368164062
flux_point: 6.3473076820373535
