n_obs: 10
data_preparation: 7.600430488586426
writing: 2.284808874130249
reading: 2.6350481510162354
data_fitting: 2.0151336193084717
flux_point: 24.516340255737305
