n_obs: 10
data_preparation: 3.5002825260162354
writing: 1.1260530948638916
reading: 1.5520343780517578
data_fitting: 0.7413725852966309
flux_point: 6.2894675731658936
