n_obs: 10
data_preparation: 3.968998908996582
writing: 1.420685052871704
reading: 1.6598763465881348
data_fitting: 0.7143290042877197
flux_point: 6.600773811340332
