n_obs: 10
data_preparation: 7.785215616226196
writing: 1.691640853881836
reading: 2.0998637676239014
data_fitting: 3.0365355014801025
flux_point: 43.06520438194275
