n_obs: 10
data_preparation: 6.383182764053345
writing: 1.6979608535766602
reading: 2.3174967765808105
data_fitting: 1.527911901473999
flux_point: 17.89119601249695
