n_obs: 10
data_preparation: 3.6286284923553467
writing: 1.3829460144042969
reading: 1.504441499710083
data_fitting: 0.6908309459686279
flux_point: 6.551101446151733
