n_obs: 10
data_preparation: 4.615648031234741
writing: 1.4794070720672607
reading: 1.8509185314178467
data_fitting: 0.6861834526062012
flux_point: 6.6246559619903564
