n_obs: 10
data_preparation: 7.37428879737854
writing: 1.8100569248199463
reading: 2.5849146842956543
data_fitting: 1.7678980827331543
flux_point: 20.201295375823975
