n_obs: 10
data_preparation: 6.477048635482788
writing: 1.4666845798492432
reading: 1.8478035926818848
data_fitting: 1.8344740867614746
flux_point: 59.16225552558899
