n_obs: 10
data_preparation: 6.548427104949951
writing: 1.7318975925445557
reading: 2.067873954772949
data_fitting: 1.4644412994384766
flux_point: 18.288013696670532
