n_obs: 10
data_preparation: 7.349738121032715
writing: 1.7752609252929688
reading: 2.365963935852051
data_fitting: 0.8629233837127686
flux_point: 7.810986042022705
