n_obs: 10
data_preparation: 3.702014207839966
writing: 1.4250130653381348
reading: 1.5338382720947266
data_fitting: 0.702880859375
flux_point: 6.7314772605896
