n_obs: 10
data_preparation: 6.595173597335815
writing: 1.6952550411224365
reading: 2.3779191970825195
data_fitting: 1.550180196762085
flux_point: 18.110719203948975
