n_obs: 10
data_preparation: 3.652357339859009
writing: 1.412449836730957
reading: 1.5345587730407715
data_fitting: 0.6963355541229248
flux_point: 6.75342869758606
