n_obs: 10
data_preparation: 3.544062852859497
writing: 1.2055282592773438
reading: 1.606266975402832
data_fitting: 0.8069131374359131
flux_point: 7.030121803283691
