n_obs: 10
data_preparation: 3.6332457065582275
writing: 1.3484394550323486
reading: 1.503483772277832
data_fitting: 0.6733584403991699
flux_point: 6.6631178855896
