n_obs: 10
data_preparation: 3.935885190963745
writing: 1.4086387157440186
reading: 1.631718635559082
data_fitting: 0.7042510509490967
flux_point: 6.486338376998901
