n_obs: 10
data_preparation: 7.098102569580078
writing: 2.148588180541992
reading: 2.939779043197632
data_fitting: 2.419945240020752
flux_point: 20.772692680358887
