n_obs: 10
data_preparation: 4.602268934249878
writing: 1.5938456058502197
reading: 1.9166011810302734
data_fitting: 0.7252681255340576
flux_point: 6.880760192871094
