n_obs: 10
data_preparation: 4.540132522583008
writing: 1.5837302207946777
reading: 1.8850140571594238
data_fitting: 0.7165787220001221
flux_point: 6.86276388168335
