n_obs: 10
data_preparation: 3.6277942657470703
writing: 1.3491826057434082
reading: 1.5040192604064941
data_fitting: 0.6906592845916748
flux_point: 6.485170125961304
