n_obs: 10
data_preparation: 3.419804811477661
writing: 2.154015064239502
reading: 1.8379929065704346
data_fitting: 0.823657751083374
flux_point: 8.454855918884277
