n_obs: 10
data_preparation: 9.422123193740845
writing: 1.6994848251342773
reading: 2.2565112113952637
data_fitting: 1.4975318908691406
flux_point: 17.25481653213501
