n_obs: 10
data_preparation: 6.24619460105896
writing: 1.866356372833252
reading: 2.578009843826294
data_fitting: 1.6084272861480713
flux_point: 18.265522956848145
