n_obs: 10
data_preparation: 6.458149194717407
writing: 1.8980660438537598
reading: 2.6816279888153076
data_fitting: 1.9978828430175781
flux_point: 24.328043460845947
