n_obs: 10
data_preparation: 6.642253160476685
writing: 1.6363844871520996
reading: 2.392904043197632
data_fitting: 1.5398192405700684
flux_point: 17.902706623077393
