n_obs: 10
data_preparation: 5.567093849182129
writing: 1.6294496059417725
reading: 2.284832715988159
data_fitting: 1.6341500282287598
flux_point: 17.63816738128662
