n_obs: 10
data_preparation: 6.314119577407837
writing: 1.7023730278015137
reading: 2.273732900619507
data_fitting: 1.507397174835205
flux_point: 17.423609256744385
