n_obs: 10
data_preparation: 7.947511672973633
writing: 2.4447999000549316
reading: 3.397552251815796
data_fitting: 3.0537197589874268
flux_point: 28.773624420166016
