n_obs: 10
data_preparation: 3.576970100402832
writing: 1.1697745323181152
reading: 1.6020143032073975
data_fitting: 0.827681303024292
flux_point: 7.18713116645813
