n_obs: 10
data_preparation: 3.742511034011841
writing: 1.4362432956695557
reading: 1.564950704574585
data_fitting: 0.7311699390411377
flux_point: 6.980939865112305
