n_obs: 10
data_preparation: 6.822887420654297
writing: 1.9703776836395264
reading: 2.4239249229431152
data_fitting: 1.627821683883667
flux_point: 20.47514057159424
