n_obs: 10
data_preparation: 3.6887214183807373
writing: 1.2337989807128906
reading: 1.6655700206756592
data_fitting: 0.8402378559112549
flux_point: 7.348956823348999
