n_obs: 10
data_preparation: 3.656841278076172
writing: 1.3686854839324951
reading: 1.504640817642212
data_fitting: 0.6717097759246826
flux_point: 6.572802782058716
