n_obs: 10
data_preparation: 7.369933128356934
writing: 1.808361291885376
reading: 2.6137583255767822
data_fitting: 1.8225607872009277
flux_point: 20.389601230621338
