n_obs: 10
data_preparation: 3.638612747192383
writing: 1.386220932006836
reading: 1.533592939376831
data_fitting: 0.6872348785400391
flux_point: 6.114996910095215
