n_obs: 10
data_preparation: 7.381376266479492
writing: 1.7753338813781738
reading: 2.087421417236328
data_fitting: 2.0528504848480225
flux_point: 67.72768068313599
