n_obs: 10
data_preparation: 3.6052818298339844
writing: 1.3496015071868896
reading: 1.4903225898742676
data_fitting: 0.673987865447998
flux_point: 6.56847071647644
