n_obs: 10
data_preparation: 7.872267007827759
writing: 1.951531171798706
reading: 2.848834276199341
data_fitting: 2.0247018337249756
flux_point: 22.89084029197693
