n_obs: 10
data_preparation: 4.459618091583252
writing: 1.5552947521209717
reading: 1.845456600189209
data_fitting: 0.7010188102722168
flux_point: 6.727574348449707
