n_obs: 10
data_preparation: 7.629604816436768
writing: 1.8661108016967773
reading: 2.685307741165161
data_fitting: 1.8285892009735107
flux_point: 20.754582405090332
