n_obs: 10
data_preparation: 3.6821181774139404
writing: 1.3746860027313232
reading: 1.5309433937072754
data_fitting: 0.6865801811218262
flux_point: 6.462640285491943
