n_obs: 10
data_preparation: 7.290151596069336
writing: 1.7103824615478516
reading: 2.474057674407959
data_fitting: 0.9148819446563721
flux_point: 8.316586017608643
