n_obs: 10
data_preparation: 6.505337953567505
writing: 1.6079692840576172
reading: 2.350048542022705
data_fitting: 1.508547067642212
flux_point: 17.578654527664185
