n_obs: 10
data_preparation: 3.6989800930023193
writing: 1.328404426574707
reading: 1.4830858707427979
data_fitting: 0.6682722568511963
flux_point: 6.469426155090332
