n_obs: 10
data_preparation: 5.436357498168945
writing: 1.4205210208892822
reading: 1.8440582752227783
data_fitting: 1.1485652923583984
flux_point: 23.227742910385132
