n_obs: 10
data_preparation: 6.577309608459473
writing: 1.5998497009277344
reading: 2.3452353477478027
data_fitting: 1.5387697219848633
flux_point: 17.775045156478882
