n_obs: 10
data_preparation: 7.972692489624023
writing: 2.106374502182007
reading: 2.905477285385132
data_fitting: 1.9794211387634277
flux_point: 23.218472957611084
