n_obs: 10
data_preparation: 7.574639797210693
writing: 1.8680610656738281
reading: 2.5756704807281494
data_fitting: 1.8128135204315186
flux_point: 20.67843723297119
