n_obs: 10
data_preparation: 3.53513765335083
writing: 1.1822166442871094
reading: 1.5958499908447266
data_fitting: 0.7984113693237305
flux_point: 6.9678590297698975
