n_obs: 10
data_preparation: 3.4462974071502686
writing: 1.1653974056243896
reading: 1.559746503829956
data_fitting: 0.7883107662200928
flux_point: 6.896277666091919
