n_obs: 10
data_preparation: 4.579118013381958
writing: 1.566307544708252
reading: 1.8875229358673096
data_fitting: 0.7355031967163086
flux_point: 6.9623682498931885
