n_obs: 10
data_preparation: 3.5986340045928955
writing: 1.2257232666015625
reading: 1.6417615413665771
data_fitting: 0.8263363838195801
flux_point: 7.163663148880005
