n_obs: 10
data_preparation: 6.109804391860962
writing: 1.7936177253723145
reading: 2.5134191513061523
data_fitting: 1.6848585605621338
flux_point: 18.26226258277893
