n_obs: 10
data_preparation: 8.898872375488281
writing: 1.6413424015045166
reading: 2.2230453491210938
data_fitting: 0.8940043449401855
flux_point: 8.163390159606934
