n_obs: 10
data_preparation: 7.246856212615967
writing: 1.6703336238861084
reading: 2.244288921356201
data_fitting: 0.9006729125976562
flux_point: 9.279369354248047
