n_obs: 10
data_preparation: 4.634226322174072
writing: 1.5010528564453125
reading: 1.8538107872009277
data_fitting: 0.6898720264434814
flux_point: 6.6893861293792725
