n_obs: 10
data_preparation: 9.556691884994507
writing: 2.6049296855926514
reading: 3.6126692295074463
data_fitting: 2.4396963119506836
flux_point: 29.3424973487854
