n_obs: 10
data_preparation: 4.344721078872681
writing: 1.4972491264343262
reading: 1.8616788387298584
data_fitting: 0.6873910427093506
flux_point: 6.255760908126831
