n_obs: 10
data_preparation: 3.601757526397705
writing: 1.4331214427947998
reading: 1.5402929782867432
data_fitting: 0.6691644191741943
flux_point: 6.527500629425049
