n_obs: 10
data_preparation: 6.760416746139526
writing: 1.730959177017212
reading: 2.4472038745880127
data_fitting: 1.609973430633545
flux_point: 19.57587957382202
