n_obs: 10
data_preparation: 3.5848464965820312
writing: 1.3381447792053223
reading: 1.5866079330444336
data_fitting: 0.8212158679962158
flux_point: 7.200720548629761
