n_obs: 10
data_preparation: 6.209272623062134
writing: 1.6267719268798828
reading: 2.1150641441345215
data_fitting: 1.5270483493804932
flux_point: 30.578052282333374
