n_obs: 10
data_preparation: 3.560072898864746
writing: 1.378302812576294
reading: 1.5553045272827148
data_fitting: 0.834113597869873
flux_point: 7.253045320510864
