n_obs: 10
data_preparation: 8.902019023895264
writing: 2.0442698001861572
reading: 2.9819204807281494
data_fitting: 1.168609619140625
flux_point: 10.09194803237915
