n_obs: 10
data_preparation: 6.577047824859619
writing: 1.6908748149871826
reading: 2.0356054306030273
data_fitting: 1.437720537185669
flux_point: 17.5200834274292
