n_obs: 10
data_preparation: 7.177654266357422
writing: 1.7058379650115967
reading: 2.44031023979187
data_fitting: 0.9231352806091309
flux_point: 9.39218258857727
