n_obs: 10
data_preparation: 5.952345132827759
writing: 1.8288278579711914
reading: 2.4893836975097656
data_fitting: 2.218667507171631
flux_point: 22.391717433929443
