n_obs: 10
data_preparation: 3.716825008392334
writing: 1.4287176132202148
reading: 1.5347554683685303
data_fitting: 0.69706130027771
flux_point: 6.607967853546143
