n_obs: 10
data_preparation: 3.6182422637939453
writing: 1.3318381309509277
reading: 1.5961031913757324
data_fitting: 0.8541660308837891
flux_point: 7.330463171005249
