n_obs: 10
data_preparation: 7.735105037689209
writing: 2.322293281555176
reading: 3.261948347091675
data_fitting: 2.2913050651550293
flux_point: 27.86177134513855
