n_obs: 10
data_preparation: 4.587538242340088
writing: 1.6252391338348389
reading: 1.8496685028076172
data_fitting: 3.1804590225219727
flux_point: 33.9504919052124
