n_obs: 10
data_preparation: 11.99344515800476
writing: 2.345939874649048
reading: 3.1679129600524902
data_fitting: 1.3686039447784424
flux_point: 13.379621267318726
