n_obs: 10
data_preparation: 3.96636700630188
writing: 1.4207220077514648
reading: 1.6622216701507568
data_fitting: 0.7195291519165039
flux_point: 6.616708993911743
