n_obs: 10
data_preparation: 7.924290657043457
writing: 1.821577548980713
reading: 2.6181440353393555
data_fitting: 0.9932379722595215
flux_point: 10.204616785049438
