n_obs: 10
data_preparation: 6.424530506134033
writing: 1.5811192989349365
reading: 2.288818120956421
data_fitting: 1.4858694076538086
flux_point: 22.265413522720337
