n_obs: 10
data_preparation: 3.6800568103790283
writing: 1.3808860778808594
reading: 1.5400264263153076
data_fitting: 0.6971724033355713
flux_point: 6.758837461471558
