n_obs: 10
data_preparation: 8.182883977890015
writing: 2.456864595413208
reading: 3.380277156829834
data_fitting: 2.41658878326416
flux_point: 29.47708225250244
