n_obs: 10
data_preparation: 6.378631830215454
writing: 1.5887730121612549
reading: 2.3023393154144287
data_fitting: 1.5313897132873535
flux_point: 17.715659856796265
