n_obs: 10
data_preparation: 9.400879859924316
writing: 2.4443819522857666
reading: 3.4870200157165527
data_fitting: 2.5617265701293945
flux_point: 29.04751706123352
