n_obs: 10
data_preparation: 3.790097951889038
writing: 1.4208450317382812
reading: 1.5882792472839355
data_fitting: 0.6949059963226318
flux_point: 6.936917781829834
