n_obs: 10
data_preparation: 3.7848033905029297
writing: 1.3989262580871582
reading: 1.551720380783081
data_fitting: 0.700411319732666
flux_point: 6.804636478424072
