n_obs: 10
data_preparation: 6.3936238288879395
writing: 1.6974987983703613
reading: 2.2808749675750732
data_fitting: 1.504744052886963
flux_point: 17.526820182800293
