n_obs: 10
data_preparation: 5.78424334526062
writing: 1.592970371246338
reading: 2.229447364807129
data_fitting: 1.534085988998413
flux_point: 16.431724786758423
