n_obs: 10
data_preparation: 4.336251735687256
writing: 1.4995012283325195
reading: 1.8711159229278564
data_fitting: 0.7739953994750977
flux_point: 7.104390859603882
