n_obs: 10
data_preparation: 3.6643595695495605
writing: 1.355759620666504
reading: 1.5156221389770508
data_fitting: 0.6905813217163086
flux_point: 6.69226336479187
