n_obs: 10
data_preparation: 6.362678050994873
writing: 1.6733474731445312
reading: 2.279832124710083
data_fitting: 1.511286973953247
flux_point: 17.734267473220825
