n_obs: 10
data_preparation: 3.624046564102173
writing: 2.5548861026763916
reading: 2.009133815765381
data_fitting: 0.8953254222869873
flux_point: 9.11606740951538
