n_obs: 10
data_preparation: 4.100137233734131
writing: 1.470841407775879
reading: 1.7017912864685059
data_fitting: 0.7067148685455322
flux_point: 6.709866285324097
