n_obs: 10
data_preparation: 3.5650269985198975
writing: 1.1794767379760742
reading: 1.5669219493865967
data_fitting: 0.8270113468170166
flux_point: 7.097973823547363
