n_obs: 10
data_preparation: 8.188325643539429
writing: 2.6553030014038086
reading: 3.599339008331299
data_fitting: 3.114001750946045
flux_point: 29.590981483459473
