n_obs: 10
data_preparation: 7.13315749168396
writing: 2.155216693878174
reading: 2.965881586074829
data_fitting: 1.8535645008087158
flux_point: 20.920265674591064
