n_obs: 10
data_preparation: 9.294581890106201
writing: 1.695474624633789
reading: 2.25439453125
data_fitting: 0.8446857929229736
flux_point: 7.9570558071136475
