n_obs: 10
data_preparation: 3.5547266006469727
writing: 1.2124078273773193
reading: 1.61128830909729
data_fitting: 0.8097255229949951
flux_point: 7.0172576904296875
