n_obs: 10
data_preparation: 3.5626585483551025
writing: 1.1956167221069336
reading: 1.66349196434021
data_fitting: 0.8106393814086914
flux_point: 7.086072683334351
