n_obs: 10
data_preparation: 7.854102373123169
writing: 2.1210038661956787
reading: 3.025606632232666
data_fitting: 2.392132520675659
flux_point: 26.812280416488647
