n_obs: 10
data_preparation: 8.970106840133667
writing: 2.177800416946411
reading: 2.5304534435272217
data_fitting: 2.594398021697998
flux_point: 80.72665286064148
