n_obs: 10
data_preparation: 3.5537033081054688
writing: 1.1815593242645264
reading: 1.5611801147460938
data_fitting: 0.8167500495910645
flux_point: 7.094686985015869
