n_obs: 10
data_preparation: 8.399579524993896
writing: 2.1067824363708496
reading: 3.1964993476867676
data_fitting: 2.157461166381836
flux_point: 25.612483739852905
