n_obs: 10
data_preparation: 3.597306728363037
writing: 1.378908395767212
reading: 1.5524623394012451
data_fitting: 0.8411848545074463
flux_point: 7.440784692764282
