n_obs: 10
data_preparation: 7.587423801422119
writing: 1.7792773246765137
reading: 2.4752209186553955
data_fitting: 0.952843427658081
flux_point: 9.725556135177612
