n_obs: 10
data_preparation: 4.017504453659058
writing: 1.4654567241668701
reading: 1.6842060089111328
data_fitting: 0.7161977291107178
flux_point: 6.610110759735107
