n_obs: 10
data_preparation: 3.4610421657562256
writing: 1.1870934963226318
reading: 1.5342960357666016
data_fitting: 0.8019905090332031
flux_point: 6.899812936782837
