n_obs: 10
data_preparation: 7.318744421005249
writing: 1.7021331787109375
reading: 2.39168381690979
data_fitting: 0.8670186996459961
flux_point: 8.68267035484314
