n_obs: 10
data_preparation: 3.6788759231567383
writing: 1.2228503227233887
reading: 1.7130987644195557
data_fitting: 0.8380496501922607
flux_point: 7.407186031341553
