n_obs: 10
data_preparation: 3.5145184993743896
writing: 1.17154860496521
reading: 1.5420525074005127
data_fitting: 0.802159309387207
flux_point: 6.994192123413086
