n_obs: 10
data_preparation: 6.391384601593018
writing: 1.7381527423858643
reading: 2.2214455604553223
data_fitting: 1.3802943229675293
flux_point: 17.32676410675049
