n_obs: 10
data_preparation: 9.082565546035767
writing: 2.247969150543213
reading: 3.144272804260254
data_fitting: 2.278045177459717
flux_point: 27.530421018600464
