n_obs: 10
data_preparation: 6.9977405071258545
writing: 2.053863048553467
reading: 2.720534324645996
data_fitting: 2.2016611099243164
flux_point: 25.70368218421936
