n_obs: 10
data_preparation: 6.654399156570435
writing: 1.7358112335205078
reading: 2.142852783203125
data_fitting: 1.5045955181121826
flux_point: 18.137998342514038
