n_obs: 10
data_preparation: 6.649620771408081
writing: 2.021860122680664
reading: 2.787966728210449
data_fitting: 15.13385272026062
flux_point: 161.85601329803467
