n_obs: 10
data_preparation: 5.797114610671997
writing: 1.782623291015625
reading: 2.4146811962127686
data_fitting: 1.9867734909057617
flux_point: 16.933934688568115
