n_obs: 10
data_preparation: 9.319513320922852
writing: 1.6705694198608398
reading: 2.260606050491333
data_fitting: 0.8513765335083008
flux_point: 7.97465705871582
