n_obs: 10
data_preparation: 10.125687837600708
writing: 2.754415273666382
reading: 3.9326510429382324
data_fitting: 2.563401222229004
flux_point: 30.613536596298218
