n_obs: 10
data_preparation: 3.4713947772979736
writing: 1.1768913269042969
reading: 1.5331664085388184
data_fitting: 0.8035504817962646
flux_point: 6.901259660720825
