n_obs: 10
data_preparation: 7.317730188369751
writing: 1.721479892730713
reading: 2.4113173484802246
data_fitting: 0.9122035503387451
flux_point: 9.269175291061401
