n_obs: 10
data_preparation: 6.124948024749756
writing: 1.6478915214538574
reading: 2.016620635986328
data_fitting: 1.614198923110962
flux_point: 32.11637830734253
