n_obs: 10
data_preparation: 6.522006273269653
writing: 1.731536865234375
reading: 2.3786399364471436
data_fitting: 1.6010918617248535
flux_point: 18.711962938308716
