n_obs: 10
data_preparation: 7.928523302078247
writing: 2.4874680042266846
reading: 3.388458251953125
data_fitting: 18.68294620513916
flux_point: 200.08592414855957
