n_obs: 10
data_preparation: 3.593641519546509
writing: 1.429657220840454
reading: 1.5579102039337158
data_fitting: 0.8318970203399658
flux_point: 6.79695987701416
