n_obs: 10
data_preparation: 3.582160711288452
writing: 1.450836420059204
reading: 1.5494966506958008
data_fitting: 0.8533523082733154
flux_point: 6.983996629714966
