n_obs: 10
data_preparation: 7.585438966751099
writing: 1.6711156368255615
reading: 2.103203058242798
data_fitting: 2.1166279315948486
flux_point: 67.11859178543091
