n_obs: 10
data_preparation: 3.564476728439331
writing: 1.1854057312011719
reading: 1.6073448657989502
data_fitting: 0.7976434230804443
flux_point: 6.976952314376831
