n_obs: 10
data_preparation: 4.503381967544556
writing: 1.542905569076538
reading: 1.855365514755249
data_fitting: 0.7013454437255859
flux_point: 6.705446243286133
