n_obs: 10
data_preparation: 3.458094596862793
writing: 2.222994089126587
reading: 2.0291411876678467
data_fitting: 0.8727967739105225
flux_point: 10.383381128311157
