n_obs: 10
data_preparation: 3.7224607467651367
writing: 1.441333532333374
reading: 1.5723800659179688
data_fitting: 0.7117149829864502
flux_point: 6.902451276779175
