n_obs: 10
data_preparation: 7.713921308517456
writing: 2.2718124389648438
reading: 3.0497591495513916
data_fitting: 2.2034785747528076
flux_point: 27.15525197982788
