n_obs: 10
data_preparation: 3.5120017528533936
writing: 2.2431764602661133
reading: 2.1026723384857178
data_fitting: 0.8911182880401611
flux_point: 10.466533899307251
