n_obs: 10
data_preparation: 3.8306972980499268
writing: 1.434433937072754
reading: 1.5637078285217285
data_fitting: 0.7065262794494629
flux_point: 6.7638349533081055
