n_obs: 10
data_preparation: 3.6141538619995117
writing: 1.2190907001495361
reading: 1.6528165340423584
data_fitting: 0.8209424018859863
flux_point: 7.152575254440308
