n_obs: 10
data_preparation: 3.9361395835876465
writing: 1.503826379776001
reading: 1.6449613571166992
data_fitting: 0.7400715351104736
flux_point: 7.002350330352783
