n_obs: 10
data_preparation: 3.6560325622558594
writing: 1.356727123260498
reading: 1.5165061950683594
data_fitting: 0.673964262008667
flux_point: 6.650554180145264
