n_obs: 10
data_preparation: 7.355342149734497
writing: 1.9976060390472412
reading: 2.2854409217834473
data_fitting: 1.7041709423065186
flux_point: 19.92031240463257
