n_obs: 10
data_preparation: 3.223738670349121
writing: 1.981031894683838
reading: 1.723677396774292
data_fitting: 0.7372400760650635
flux_point: 7.8928141593933105
