n_obs: 10
data_preparation: 11.321648359298706
writing: 2.7135043144226074
reading: 3.8718512058258057
data_fitting: 1.503220796585083
flux_point: 13.786203622817993
