n_obs: 10
data_preparation: 7.239442348480225
writing: 1.7016892433166504
reading: 2.337369918823242
data_fitting: 0.8436167240142822
flux_point: 7.642463684082031
