n_obs: 10
data_preparation: 8.4093599319458
writing: 2.0962891578674316
reading: 3.08308744430542
data_fitting: 2.24629282951355
flux_point: 27.35003685951233
