n_obs: 10
data_preparation: 6.2498884201049805
writing: 1.663691759109497
reading: 2.24861478805542
data_fitting: 1.4921433925628662
flux_point: 17.268057584762573
