n_obs: 10
data_preparation: 3.5386292934417725
writing: 1.1627082824707031
reading: 1.565279483795166
data_fitting: 0.8544011116027832
flux_point: 6.99697732925415
