n_obs: 10
data_preparation: 6.040017127990723
writing: 1.6359105110168457
reading: 1.9718170166015625
data_fitting: 1.269315242767334
flux_point: 15.701447486877441
