n_obs: 10
data_preparation: 4.357573509216309
writing: 1.5488982200622559
reading: 1.8040099143981934
data_fitting: 2.981595039367676
flux_point: 136.63523650169373
