n_obs: 10
data_preparation: 4.256422758102417
writing: 1.5357987880706787
reading: 1.8688514232635498
data_fitting: 2.958737850189209
flux_point: 30.92988157272339
