n_obs: 10
data_preparation: 7.196842908859253
writing: 1.961263656616211
reading: 2.339433193206787
data_fitting: 1.6566181182861328
flux_point: 20.543110847473145
