n_obs: 10
data_preparation: 4.464148998260498
writing: 1.5514352321624756
reading: 1.8727452754974365
data_fitting: 0.7001967430114746
flux_point: 6.729174852371216
