n_obs: 10
data_preparation: 4.9880125522613525
writing: 1.515080213546753
reading: 1.9992005825042725
data_fitting: 6.777068376541138
flux_point: 60.578996419906616
