n_obs: 10
data_preparation: 4.570302724838257
writing: 1.588590145111084
reading: 1.9035212993621826
data_fitting: 0.7101929187774658
flux_point: 6.832486867904663
