n_obs: 10
data_preparation: 7.521610260009766
writing: 1.7509737014770508
reading: 2.5858590602874756
data_fitting: 0.9388084411621094
flux_point: 8.539008617401123
