n_obs: 10
data_preparation: 3.666666030883789
writing: 1.3289015293121338
reading: 1.4942519664764404
data_fitting: 0.6731467247009277
flux_point: 6.480602979660034
