n_obs: 10
data_preparation: 3.646411895751953
writing: 1.4041416645050049
reading: 1.5657885074615479
data_fitting: 0.6946136951446533
flux_point: 6.178284645080566
