n_obs: 10
data_preparation: 6.01897120475769
writing: 1.8217010498046875
reading: 2.5005645751953125
data_fitting: 2.023984432220459
flux_point: 17.46742081642151
