n_obs: 10
data_preparation: 6.886436939239502
writing: 1.8618090152740479
reading: 2.192169189453125
data_fitting: 1.6092700958251953
flux_point: 19.056151151657104
