n_obs: 10
data_preparation: 3.583401679992676
writing: 1.3354136943817139
reading: 1.4881923198699951
data_fitting: 0.6600983142852783
flux_point: 6.449746131896973
