n_obs: 10
data_preparation: 3.837418794631958
writing: 1.4386756420135498
reading: 1.5780799388885498
data_fitting: 0.7059309482574463
flux_point: 6.401681423187256
