n_obs: 10
data_preparation: 6.114313364028931
writing: 1.5855176448822021
reading: 2.225825786590576
data_fitting: 1.5621006488800049
flux_point: 18.451523065567017
