n_obs: 10
data_preparation: 7.12216854095459
writing: 1.6219220161437988
reading: 1.9744627475738525
data_fitting: 2.85958194732666
flux_point: 40.938366413116455
