n_obs: 10
data_preparation: 3.453508138656616
writing: 1.1436774730682373
reading: 1.5553491115570068
data_fitting: 0.7806360721588135
flux_point: 6.835250616073608
