n_obs: 10
data_preparation: 7.395305871963501
writing: 1.8243052959442139
reading: 2.4419689178466797
data_fitting: 0.9371316432952881
flux_point: 8.516046047210693
