n_obs: 10
data_preparation: 4.023557186126709
writing: 1.4467670917510986
reading: 1.693368911743164
data_fitting: 0.7165968418121338
flux_point: 6.686553478240967
