n_obs: 10
data_preparation: 3.5524864196777344
writing: 2.26277494430542
reading: 2.0881950855255127
data_fitting: 0.8858845233917236
flux_point: 10.694252967834473
