n_obs: 10
data_preparation: 9.248923063278198
writing: 1.6893548965454102
reading: 2.2478301525115967
data_fitting: 0.8371398448944092
flux_point: 7.884067058563232
