n_obs: 10
data_preparation: 7.17564058303833
writing: 2.162205219268799
reading: 2.9692723751068115
data_fitting: 1.8837757110595703
flux_point: 21.101512670516968
