n_obs: 10
data_preparation: 6.370612382888794
writing: 1.6870050430297852
reading: 2.136033535003662
data_fitting: 1.4653406143188477
flux_point: 28.15399694442749
