n_obs: 10
data_preparation: 9.180437803268433
writing: 1.6783678531646729
reading: 2.2295894622802734
data_fitting: 0.8376383781433105
flux_point: 7.854159832000732
