n_obs: 10
data_preparation: 3.598405122756958
writing: 1.470993995666504
reading: 1.5678324699401855
data_fitting: 0.8358662128448486
flux_point: 7.393021821975708
