n_obs: 10
data_preparation: 3.7167351245880127
writing: 1.4090688228607178
reading: 1.518096923828125
data_fitting: 0.6868767738342285
flux_point: 6.518495559692383
