n_obs: 10
data_preparation: 3.6295487880706787
writing: 2.3666772842407227
reading: 2.173616886138916
data_fitting: 0.9155232906341553
flux_point: 10.901710987091064
