n_obs: 10
data_preparation: 7.429916620254517
writing: 1.8231656551361084
reading: 2.6730737686157227
data_fitting: 1.7627153396606445
flux_point: 20.037436723709106
