n_obs: 10
data_preparation: 3.5591866970062256
writing: 1.1539216041564941
reading: 1.5724732875823975
data_fitting: 0.7873337268829346
flux_point: 6.9343461990356445
