n_obs: 10
data_preparation: 6.396823883056641
writing: 1.7058191299438477
reading: 2.3185133934020996
data_fitting: 1.5395827293395996
flux_point: 17.968113899230957
