n_obs: 10
data_preparation: 5.920949697494507
writing: 1.60434889793396
reading: 1.9534683227539062
data_fitting: 1.228398084640503
flux_point: 15.349711179733276
