n_obs: 10
data_preparation: 7.2160046100616455
writing: 1.704089879989624
reading: 2.359720468521118
data_fitting: 0.8484930992126465
flux_point: 7.746046543121338
