n_obs: 10
data_preparation: 6.806917428970337
writing: 1.6358814239501953
reading: 2.407338857650757
data_fitting: 1.6826891899108887
flux_point: 18.410383939743042
