n_obs: 10
data_preparation: 6.003458738327026
writing: 1.6452960968017578
reading: 2.012582302093506
data_fitting: 1.4732131958007812
flux_point: 18.298183917999268
