n_obs: 10
data_preparation: 3.784123420715332
writing: 1.4585907459259033
reading: 1.5715534687042236
data_fitting: 0.7335648536682129
flux_point: 7.020393371582031
