n_obs: 10
data_preparation: 6.215771913528442
writing: 1.5603320598602295
reading: 2.193469762802124
data_fitting: 1.5266900062561035
flux_point: 17.50418472290039
