n_obs: 10
data_preparation: 8.604372262954712
writing: 2.2893149852752686
reading: 3.188631534576416
data_fitting: 2.198080062866211
flux_point: 26.401506900787354
