n_obs: 10
data_preparation: 4.546738862991333
writing: 1.5940184593200684
reading: 1.880723237991333
data_fitting: 0.716472864151001
flux_point: 6.7406580448150635
