n_obs: 10
data_preparation: 3.5983386039733887
writing: 1.3275251388549805
reading: 1.4709696769714355
data_fitting: 0.6619932651519775
flux_point: 6.421871900558472
