n_obs: 10
data_preparation: 4.977769374847412
writing: 1.9889063835144043
reading: 2.3996775150299072
data_fitting: 4.147807836532593
flux_point: 41.784584760665894
