n_obs: 10
data_preparation: 5.267879247665405
writing: 1.798072338104248
reading: 2.4453341960906982
data_fitting: 1.5347363948822021
flux_point: 16.575335264205933
