n_obs: 10
data_preparation: 8.58004879951477
writing: 2.139484167098999
reading: 2.6924939155578613
data_fitting: 1.8000257015228271
flux_point: 53.63732981681824
