n_obs: 10
data_preparation: 6.641854524612427
writing: 1.878113031387329
reading: 2.6115174293518066
data_fitting: 1.7178518772125244
flux_point: 19.25773000717163
