n_obs: 10
data_preparation: 6.256753444671631
writing: 1.6315107345581055
reading: 2.1028871536254883
data_fitting: 1.3360111713409424
flux_point: 27.461655378341675
