n_obs: 10
data_preparation: 6.019768238067627
writing: 1.7833762168884277
reading: 2.4867494106292725
data_fitting: 1.6263737678527832
flux_point: 17.695015907287598
