n_obs: 10
data_preparation: 3.7721939086914062
writing: 1.4220170974731445
reading: 1.54848051071167
data_fitting: 0.6920084953308105
flux_point: 6.921058654785156
