n_obs: 10
data_preparation: 3.601343870162964
writing: 1.2091951370239258
reading: 1.6317458152770996
data_fitting: 0.8169457912445068
flux_point: 7.148532152175903
