n_obs: 10
data_preparation: 3.433783531188965
writing: 2.234668493270874
reading: 2.031541347503662
data_fitting: 0.87713623046875
flux_point: 8.767911195755005
