n_obs: 10
data_preparation: 4.9751060009002686
writing: 1.765552282333374
reading: 2.1307625770568848
data_fitting: 3.375609874725342
flux_point: 35.71685552597046
