n_obs: 10
data_preparation: 3.399810552597046
writing: 2.201403856277466
reading: 2.0024826526641846
data_fitting: 0.8582994937896729
flux_point: 10.300657510757446
