n_obs: 10
data_preparation: 5.6278235912323
writing: 2.101259708404541
reading: 2.4537737369537354
data_fitting: 4.26456356048584
flux_point: 47.00380039215088
