n_obs: 10
data_preparation: 6.327404975891113
writing: 2.222201108932495
reading: 2.6081960201263428
data_fitting: 4.87252950668335
flux_point: 48.841400384902954
