n_obs: 10
data_preparation: 3.6307013034820557
writing: 1.372929573059082
reading: 1.52227783203125
data_fitting: 0.6815619468688965
flux_point: 6.65262246131897
