n_obs: 10
data_preparation: 3.5749411582946777
writing: 1.3718855381011963
reading: 1.533503532409668
data_fitting: 0.8292336463928223
flux_point: 7.285486936569214
