n_obs: 10
data_preparation: 4.802844047546387
writing: 1.664621353149414
reading: 1.9246511459350586
data_fitting: 2.922292709350586
flux_point: 31.099578380584717
