n_obs: 10
data_preparation: 3.6912131309509277
writing: 1.4210162162780762
reading: 1.5495593547821045
data_fitting: 0.6937370300292969
flux_point: 6.168911457061768
