n_obs: 10
data_preparation: 3.5499508380889893
writing: 1.3108460903167725
reading: 1.579221487045288
data_fitting: 0.8277854919433594
flux_point: 7.237605333328247
