n_obs: 10
data_preparation: 3.2926974296569824
writing: 2.117541551589966
reading: 1.8825781345367432
data_fitting: 0.7963497638702393
flux_point: 7.970940828323364
