n_obs: 10
data_preparation: 3.6474955081939697
writing: 1.4086506366729736
reading: 1.5516464710235596
data_fitting: 0.6917297840118408
flux_point: 6.558068037033081
