n_obs: 10
data_preparation: 3.665694236755371
writing: 1.4173259735107422
reading: 1.5462450981140137
data_fitting: 0.730384111404419
flux_point: 6.629910945892334
