n_obs: 10
data_preparation: 6.559309005737305
writing: 1.5008609294891357
reading: 1.9345197677612305
data_fitting: 1.9115166664123535
flux_point: 63.15754556655884
