n_obs: 10
data_preparation: 3.6027166843414307
writing: 1.3483858108520508
reading: 1.506086826324463
data_fitting: 0.6764426231384277
flux_point: 6.549693584442139
