n_obs: 10
data_preparation: 3.5757391452789307
writing: 1.2079639434814453
reading: 1.6317307949066162
data_fitting: 0.8262414932250977
flux_point: 7.07901930809021
