n_obs: 10
data_preparation: 7.300880432128906
writing: 1.7132925987243652
reading: 2.418156862258911
data_fitting: 0.9334859848022461
flux_point: 9.347828388214111
