n_obs: 10
data_preparation: 4.416958332061768
writing: 1.5065040588378906
reading: 1.882707118988037
data_fitting: 0.784095048904419
flux_point: 7.214035987854004
