n_obs: 10
data_preparation: 6.185391426086426
writing: 1.6626286506652832
reading: 2.2767488956451416
data_fitting: 1.5055930614471436
flux_point: 17.439139366149902
