n_obs: 10
data_preparation: 3.9318718910217285
writing: 1.4013655185699463
reading: 1.6505517959594727
data_fitting: 0.7044236660003662
flux_point: 6.511261463165283
