n_obs: 10
data_preparation: 3.9647812843322754
writing: 1.4290542602539062
reading: 1.6514837741851807
data_fitting: 0.7115194797515869
flux_point: 6.633893251419067
