n_obs: 10
data_preparation: 3.6767306327819824
writing: 1.3751327991485596
reading: 1.5234169960021973
data_fitting: 0.6963953971862793
flux_point: 6.632882356643677
