n_obs: 10
data_preparation: 3.7099928855895996
writing: 1.469722032546997
reading: 1.6102802753448486
data_fitting: 0.8469984531402588
flux_point: 7.477180480957031
