n_obs: 10
data_preparation: 3.5389153957366943
writing: 1.1910793781280518
reading: 1.6130566596984863
data_fitting: 0.8046460151672363
flux_point: 7.034698247909546
