n_obs: 10
data_preparation: 3.6663947105407715
writing: 1.403108835220337
reading: 1.552504062652588
data_fitting: 0.714738130569458
flux_point: 6.657713174819946
