n_obs: 10
data_preparation: 3.7116246223449707
writing: 1.4016330242156982
reading: 1.5329689979553223
data_fitting: 0.6807880401611328
flux_point: 6.654847860336304
