n_obs: 10
data_preparation: 3.378730058670044
writing: 2.0147838592529297
reading: 1.7373065948486328
data_fitting: 0.7625412940979004
flux_point: 8.017366409301758
