n_obs: 10
data_preparation: 6.89415168762207
writing: 1.681572437286377
reading: 2.4558279514312744
data_fitting: 1.6218914985656738
flux_point: 19.05686330795288
