n_obs: 10
data_preparation: 4.371402978897095
writing: 1.4971542358398438
reading: 1.8658406734466553
data_fitting: 0.7010605335235596
flux_point: 6.289284944534302
