n_obs: 10
data_preparation: 4.2270119190216064
writing: 1.4551761150360107
reading: 1.7680988311767578
data_fitting: 0.7241458892822266
flux_point: 6.676048040390015
