n_obs: 10
data_preparation: 3.62751841545105
writing: 1.3380818367004395
reading: 1.4748377799987793
data_fitting: 0.676110029220581
flux_point: 6.47775936126709
