n_obs: 10
data_preparation: 8.37097978591919
writing: 2.553431272506714
reading: 3.492056369781494
data_fitting: 2.4454102516174316
flux_point: 29.331207036972046
