n_obs: 10
data_preparation: 9.335773468017578
writing: 2.3510921001434326
reading: 3.217758893966675
data_fitting: 1.369384527206421
flux_point: 11.69986867904663
