n_obs: 10
data_preparation: 7.06293511390686
writing: 2.138340950012207
reading: 2.9348833560943604
data_fitting: 2.491837739944458
flux_point: 21.377796411514282
