n_obs: 10
data_preparation: 3.5194921493530273
writing: 1.178290843963623
reading: 1.567582607269287
data_fitting: 0.8250024318695068
flux_point: 7.093897581100464
