n_obs: 10
data_preparation: 3.4605350494384766
writing: 2.2302160263061523
reading: 2.0470283031463623
data_fitting: 0.8724234104156494
flux_point: 10.331472158432007
