n_obs: 10
data_preparation: 3.6262519359588623
writing: 1.3616747856140137
reading: 1.513169765472412
data_fitting: 0.6843776702880859
flux_point: 6.514486074447632
