n_obs: 10
data_preparation: 6.350228548049927
writing: 1.8468573093414307
reading: 2.5928914546966553
data_fitting: 1.7551965713500977
flux_point: 19.021608591079712
