n_obs: 10
data_preparation: 9.081448554992676
writing: 1.6613848209381104
reading: 2.2355711460113525
data_fitting: 0.9196267127990723
flux_point: 8.188710927963257
