n_obs: 10
data_preparation: 4.342012405395508
writing: 1.5107574462890625
reading: 1.8635780811309814
data_fitting: 0.7711629867553711
flux_point: 7.127546072006226
