n_obs: 10
data_preparation: 6.242648124694824
writing: 1.5737628936767578
reading: 2.182593822479248
data_fitting: 1.5009684562683105
flux_point: 17.321681022644043
