n_obs: 10
data_preparation: 3.613687753677368
writing: 1.3596651554107666
reading: 1.5064895153045654
data_fitting: 0.6798114776611328
flux_point: 5.966038465499878
