n_obs: 10
data_preparation: 3.526660203933716
writing: 1.2131030559539795
reading: 1.5690581798553467
data_fitting: 0.8132369518280029
flux_point: 7.0087502002716064
