n_obs: 10
data_preparation: 8.68347692489624
writing: 2.105464220046997
reading: 3.0173327922821045
data_fitting: 1.936525821685791
flux_point: 22.12292218208313
