n_obs: 10
data_preparation: 6.502013683319092
writing: 1.618215799331665
reading: 2.3492491245269775
data_fitting: 1.5120363235473633
flux_point: 17.52307629585266
