n_obs: 10
data_preparation: 5.032696962356567
writing: 1.3717403411865234
reading: 1.6389107704162598
data_fitting: 1.0272648334503174
flux_point: 13.061214685440063
