n_obs: 10
data_preparation: 4.0793678760528564
writing: 1.4819271564483643
reading: 1.7197985649108887
data_fitting: 0.7408196926116943
flux_point: 6.885563373565674
