n_obs: 10
data_preparation: 9.150193691253662
writing: 2.361449956893921
reading: 3.435701608657837
data_fitting: 2.268598794937134
flux_point: 26.74584984779358
