n_obs: 10
data_preparation: 3.6600730419158936
writing: 1.3631536960601807
reading: 1.5063326358795166
data_fitting: 0.6898758411407471
flux_point: 6.481812238693237
