n_obs: 10
data_preparation: 8.885464668273926
writing: 2.0523862838745117
reading: 2.89676833152771
data_fitting: 1.1138794422149658
flux_point: 10.088096618652344
