n_obs: 10
data_preparation: 3.592393636703491
writing: 1.2141718864440918
reading: 1.6555449962615967
data_fitting: 0.815955400466919
flux_point: 7.135388135910034
