n_obs: 10
data_preparation: 6.9949259757995605
writing: 1.847543716430664
reading: 2.306212902069092
data_fitting: 1.50246000289917
flux_point: 30.63616418838501
