n_obs: 10
data_preparation: 3.6334850788116455
writing: 1.3503410816192627
reading: 1.5047447681427002
data_fitting: 0.6732954978942871
flux_point: 6.5577476024627686
