n_obs: 10
data_preparation: 7.546939373016357
writing: 1.7275025844573975
reading: 2.363785743713379
data_fitting: 0.8741934299468994
flux_point: 8.819081544876099
