n_obs: 10
data_preparation: 3.4193148612976074
writing: 2.1892244815826416
reading: 1.9734759330749512
data_fitting: 0.8259265422821045
flux_point: 7.7575459480285645
