n_obs: 10
data_preparation: 3.7023494243621826
writing: 1.3744022846221924
reading: 1.5358929634094238
data_fitting: 0.6844336986541748
flux_point: 6.748914003372192
