n_obs: 10
data_preparation: 6.540695905685425
writing: 1.6144912242889404
reading: 2.365809202194214
data_fitting: 1.5080978870391846
flux_point: 17.355595588684082
