n_obs: 10
data_preparation: 3.6183853149414062
writing: 2.5647647380828857
reading: 2.0098602771759033
data_fitting: 0.9105062484741211
flux_point: 9.220621109008789
