n_obs: 10
data_preparation: 8.95877480506897
writing: 1.6515512466430664
reading: 2.262140989303589
data_fitting: 0.8869023323059082
flux_point: 8.511049509048462
