n_obs: 10
data_preparation: 3.6524643898010254
writing: 1.243410587310791
reading: 1.6573259830474854
data_fitting: 0.8270306587219238
flux_point: 7.168686866760254
