n_obs: 10
data_preparation: 3.6504125595092773
writing: 1.3897743225097656
reading: 1.5362374782562256
data_fitting: 0.6868162155151367
flux_point: 6.185030221939087
