n_obs: 10
data_preparation: 3.6429269313812256
writing: 1.3390116691589355
reading: 1.6204681396484375
data_fitting: 0.8420324325561523
flux_point: 7.427332639694214
