n_obs: 10
data_preparation: 3.594932794570923
writing: 1.3871471881866455
reading: 1.5448529720306396
data_fitting: 0.8468871116638184
flux_point: 7.459803104400635
