n_obs: 10
data_preparation: 10.735264539718628
writing: 1.9527487754821777
reading: 2.6381423473358154
data_fitting: 1.030945062637329
flux_point: 9.796915292739868
