n_obs: 10
data_preparation: 6.261139869689941
writing: 1.5717260837554932
reading: 2.182971715927124
data_fitting: 1.5435104370117188
flux_point: 17.812530279159546
