n_obs: 10
data_preparation: 3.5553030967712402
writing: 1.0920698642730713
reading: 1.5503828525543213
data_fitting: 0.8241100311279297
flux_point: 6.8370747566223145
