n_obs: 10
data_preparation: 3.623656749725342
writing: 1.4333527088165283
reading: 1.580911636352539
data_fitting: 0.8616645336151123
flux_point: 7.551542282104492
