n_obs: 10
data_preparation: 8.189271688461304
writing: 2.001575469970703
reading: 2.8860297203063965
data_fitting: 1.8974814414978027
flux_point: 21.61700987815857
