n_obs: 10
data_preparation: 3.576890468597412
writing: 1.309678554534912
reading: 1.5752882957458496
data_fitting: 0.8213822841644287
flux_point: 7.196051359176636
