n_obs: 10
data_preparation: 3.2806408405303955
writing: 2.116596221923828
reading: 1.7756695747375488
data_fitting: 0.796349287033081
flux_point: 8.138063669204712
