n_obs: 10
data_preparation: 3.607015371322632
writing: 1.4361941814422607
reading: 1.5624892711639404
data_fitting: 0.8453307151794434
flux_point: 7.444481134414673
