n_obs: 10
data_preparation: 8.377153396606445
writing: 2.6417222023010254
reading: 3.552044153213501
data_fitting: 2.4887571334838867
flux_point: 29.980849742889404
