n_obs: 10
data_preparation: 13.209988117218018
writing: 2.5824944972991943
reading: 3.5237011909484863
data_fitting: 1.4396874904632568
flux_point: 14.105649948120117
