n_obs: 10
data_preparation: 3.461731433868408
writing: 2.279730796813965
reading: 1.956202507019043
data_fitting: 0.8757951259613037
flux_point: 8.805773973464966
