n_obs: 10
data_preparation: 3.6390652656555176
writing: 1.3777620792388916
reading: 1.5321028232574463
data_fitting: 0.6915364265441895
flux_point: 6.533424139022827
