n_obs: 10
data_preparation: 6.401700735092163
writing: 1.6944589614868164
reading: 1.9687035083770752
data_fitting: 1.7614076137542725
flux_point: 22.868271112442017
