n_obs: 10
data_preparation: 3.6084771156311035
writing: 1.3285152912139893
reading: 1.4760189056396484
data_fitting: 0.6655769348144531
flux_point: 6.4159886837005615
