n_obs: 10
data_preparation: 3.6077077388763428
writing: 1.3509254455566406
reading: 1.507063865661621
data_fitting: 0.669187068939209
flux_point: 6.539418697357178
