n_obs: 10
data_preparation: 8.291073322296143
writing: 2.105471611022949
reading: 3.033456563949585
data_fitting: 2.102329730987549
flux_point: 24.72555685043335
