n_obs: 10
data_preparation: 3.66876482963562
writing: 1.373422622680664
reading: 1.5174903869628906
data_fitting: 0.688683032989502
flux_point: 6.626306772232056
