n_obs: 10
data_preparation: 8.766037464141846
writing: 2.0317599773406982
reading: 2.86901593208313
data_fitting: 1.1466548442840576
flux_point: 11.059723615646362
