n_obs: 10
data_preparation: 3.623870372772217
writing: 1.3258614540100098
reading: 1.507432222366333
data_fitting: 0.6870746612548828
flux_point: 6.571264028549194
