n_obs: 10
data_preparation: 4.884972810745239
writing: 1.2957813739776611
reading: 1.5445103645324707
data_fitting: 1.101423740386963
flux_point: 13.695148706436157
