n_obs: 10
data_preparation: 7.343773365020752
writing: 1.7821714878082275
reading: 2.367100954055786
data_fitting: 0.8515849113464355
flux_point: 7.704185724258423
