n_obs: 10
data_preparation: 3.410557985305786
writing: 2.1903178691864014
reading: 1.9974935054779053
data_fitting: 0.8211104869842529
flux_point: 8.34703016281128
