n_obs: 10
data_preparation: 3.399101972579956
writing: 1.0552082061767578
reading: 1.5108845233917236
data_fitting: 0.8158400058746338
flux_point: 6.679364919662476
