n_obs: 10
data_preparation: 11.454421520233154
writing: 2.2987701892852783
reading: 3.031280040740967
data_fitting: 1.2225184440612793
flux_point: 11.688486337661743
