n_obs: 10
data_preparation: 4.682974100112915
writing: 1.5497674942016602
reading: 1.8952558040618896
data_fitting: 0.6957616806030273
flux_point: 6.761062145233154
