n_obs: 10
data_preparation: 5.563816070556641
writing: 1.4970734119415283
reading: 1.8122470378875732
data_fitting: 1.17264986038208
flux_point: 14.632172584533691
