n_obs: 10
data_preparation: 8.80612063407898
writing: 2.070236921310425
reading: 2.5125224590301514
data_fitting: 0.96620774269104
flux_point: 37.93544125556946
