n_obs: 10
data_preparation: 8.39326810836792
writing: 2.5548887252807617
reading: 3.5014429092407227
data_fitting: 2.4362664222717285
flux_point: 29.297565937042236
