n_obs: 10
data_preparation: 3.6268045902252197
writing: 1.3479135036468506
reading: 1.4988813400268555
data_fitting: 0.686528205871582
flux_point: 6.569300413131714
