n_obs: 10
data_preparation: 5.153257846832275
writing: 1.8440051078796387
reading: 2.216923713684082
data_fitting: 3.596041440963745
flux_point: 37.72693347930908
