n_obs: 10
data_preparation: 4.330134630203247
writing: 1.5460906028747559
reading: 1.881521224975586
data_fitting: 2.959385871887207
flux_point: 30.690645694732666
