n_obs: 10
data_preparation: 3.905874729156494
writing: 1.4955525398254395
reading: 1.5973303318023682
data_fitting: 0.7200679779052734
flux_point: 7.07303261756897
