n_obs: 10
data_preparation: 3.549071788787842
writing: 1.210169792175293
reading: 1.6349411010742188
data_fitting: 0.8260667324066162
flux_point: 7.069596767425537
