n_obs: 10
data_preparation: 3.5926597118377686
writing: 1.2057991027832031
reading: 1.630401372909546
data_fitting: 0.8190188407897949
flux_point: 7.082648992538452
