n_obs: 10
data_preparation: 7.152660131454468
writing: 1.640746831893921
reading: 2.245556116104126
data_fitting: 0.9107823371887207
flux_point: 9.303277492523193
