n_obs: 10
data_preparation: 3.670055389404297
writing: 1.2564008235931396
reading: 1.6830854415893555
data_fitting: 0.8154916763305664
flux_point: 7.148863792419434
