n_obs: 10
data_preparation: 3.5886268615722656
writing: 1.309213399887085
reading: 1.5866422653198242
data_fitting: 0.8216159343719482
flux_point: 7.199286699295044
