n_obs: 10
data_preparation: 5.979496479034424
writing: 1.4825165271759033
reading: 1.6682369709014893
data_fitting: 1.2094669342041016
flux_point: 15.509002685546875
