n_obs: 10
data_preparation: 9.287766218185425
writing: 2.5815486907958984
reading: 3.4595282077789307
data_fitting: 2.3915698528289795
flux_point: 29.40850281715393
