n_obs: 10
data_preparation: 3.392157554626465
writing: 2.1086199283599854
reading: 1.8103399276733398
data_fitting: 0.8205478191375732
flux_point: 8.395018815994263
