n_obs: 10
data_preparation: 7.36665678024292
writing: 1.7224376201629639
reading: 2.509523868560791
data_fitting: 0.915625810623169
flux_point: 8.357010126113892
