n_obs: 10
data_preparation: 3.975623607635498
writing: 1.4325852394104004
reading: 1.6674845218658447
data_fitting: 0.7198307514190674
flux_point: 6.661894083023071
