n_obs: 10
data_preparation: 7.269163608551025
writing: 2.323349952697754
reading: 3.369185209274292
data_fitting: 2.9499857425689697
flux_point: 26.61225962638855
