n_obs: 10
data_preparation: 3.6144347190856934
writing: 1.3501453399658203
reading: 1.5068633556365967
data_fitting: 0.6740036010742188
flux_point: 6.580930709838867
