n_obs: 10
data_preparation: 6.748022556304932
writing: 1.7830491065979004
reading: 2.5009255409240723
data_fitting: 1.6783528327941895
flux_point: 19.821756601333618
