n_obs: 10
data_preparation: 6.51559591293335
writing: 1.7299354076385498
reading: 2.147721529006958
data_fitting: 1.4581797122955322
flux_point: 19.03340196609497
