n_obs: 10
data_preparation: 3.652439832687378
writing: 1.3596718311309814
reading: 1.5284228324890137
data_fitting: 0.6803388595581055
flux_point: 6.6116673946380615
