n_obs: 10
data_preparation: 3.7569162845611572
writing: 1.4127421379089355
reading: 1.5422768592834473
data_fitting: 0.6884479522705078
flux_point: 6.673157453536987
