n_obs: 10
data_preparation: 4.301876544952393
writing: 1.4731590747833252
reading: 1.8306677341461182
data_fitting: 0.775885820388794
flux_point: 7.1719911098480225
