n_obs: 10
data_preparation: 3.7713329792022705
writing: 1.4118108749389648
reading: 1.560196876525879
data_fitting: 0.7083790302276611
flux_point: 6.729811906814575
