n_obs: 10
data_preparation: 3.6255834102630615
writing: 1.3129777908325195
reading: 1.495025873184204
data_fitting: 0.6822631359100342
flux_point: 6.5402843952178955
