n_obs: 10
data_preparation: 3.734210252761841
writing: 1.4306704998016357
reading: 1.5692274570465088
data_fitting: 0.7155055999755859
flux_point: 6.967552900314331
