n_obs: 10
data_preparation: 9.213717222213745
writing: 1.6871256828308105
reading: 2.2440760135650635
data_fitting: 0.842693567276001
flux_point: 7.914271116256714
