n_obs: 10
data_preparation: 3.205671548843384
writing: 0.9615864753723145
reading: 1.3855178356170654
data_fitting: 0.7011151313781738
flux_point: 5.818943977355957
