n_obs: 10
data_preparation: 7.7671144008636475
writing: 2.4531075954437256
reading: 3.29170560836792
data_fitting: 2.900986671447754
flux_point: 32.093159437179565
