n_obs: 10
data_preparation: 9.28207778930664
writing: 1.6764535903930664
reading: 2.2460968494415283
data_fitting: 1.4836676120758057
flux_point: 17.134982109069824
