n_obs: 10
data_preparation: 6.123584985733032
writing: 1.885910987854004
reading: 2.509195566177368
data_fitting: 1.7096374034881592
flux_point: 18.461618185043335
