n_obs: 10
data_preparation: 4.464682102203369
writing: 1.5357437133789062
reading: 1.9203076362609863
data_fitting: 0.805924654006958
flux_point: 7.452949523925781
