n_obs: 10
data_preparation: 7.635779619216919
writing: 1.781623363494873
reading: 2.4769606590270996
data_fitting: 0.9339420795440674
flux_point: 8.63143539428711
