n_obs: 10
data_preparation: 6.120440721511841
writing: 1.7020559310913086
reading: 2.0563056468963623
data_fitting: 1.7240567207336426
flux_point: 33.2271044254303
