n_obs: 10
data_preparation: 5.595965623855591
writing: 2.130791425704956
reading: 2.4847981929779053
data_fitting: 4.130909442901611
flux_point: 43.04647874832153
