n_obs: 10
data_preparation: 7.767659664154053
writing: 1.967707633972168
reading: 2.7784829139709473
data_fitting: 1.836613416671753
flux_point: 21.124778032302856
