n_obs: 10
data_preparation: 6.009235382080078
writing: 1.7896246910095215
reading: 2.4679620265960693
data_fitting: 1.590569257736206
flux_point: 17.747759103775024
