n_obs: 10
data_preparation: 6.702617168426514
writing: 1.7784059047698975
reading: 2.486483097076416
data_fitting: 1.6016709804534912
flux_point: 18.19019389152527
