n_obs: 10
data_preparation: 3.3866662979125977
writing: 1.1362388134002686
reading: 1.508927345275879
data_fitting: 0.775214433670044
flux_point: 6.731460809707642
