n_obs: 10
data_preparation: 3.71041202545166
writing: 1.3758456707000732
reading: 1.5269842147827148
data_fitting: 0.6901247501373291
flux_point: 6.566550970077515
