n_obs: 10
data_preparation: 9.507819414138794
writing: 1.6978392601013184
reading: 2.3031959533691406
data_fitting: 1.5248007774353027
flux_point: 17.691041946411133
