n_obs: 10
data_preparation: 3.713955879211426
writing: 1.414724588394165
reading: 1.5263776779174805
data_fitting: 0.6850049495697021
flux_point: 6.116772890090942
