n_obs: 10
data_preparation: 6.504814386367798
writing: 1.600060224533081
reading: 2.3532607555389404
data_fitting: 1.5138075351715088
flux_point: 17.494385719299316
