n_obs: 10
data_preparation: 9.082296371459961
writing: 1.6531710624694824
reading: 2.2318360805511475
data_fitting: 1.4830713272094727
flux_point: 17.14994740486145
