n_obs: 10
data_preparation: 3.2365853786468506
writing: 1.9727015495300293
reading: 1.693469524383545
data_fitting: 0.7370939254760742
flux_point: 7.857685089111328
