n_obs: 10
data_preparation: 6.717928409576416
writing: 2.0624661445617676
reading: 2.7973592281341553
data_fitting: 2.318416118621826
flux_point: 19.672866582870483
