n_obs: 10
data_preparation: 3.569575071334839
writing: 2.3570899963378906
reading: 2.134284019470215
data_fitting: 0.8801655769348145
flux_point: 8.929684400558472
