n_obs: 10
data_preparation: 5.907808303833008
writing: 1.6454179286956787
reading: 2.091796875
data_fitting: 1.6208279132843018
flux_point: 32.499948501586914
