n_obs: 10
data_preparation: 3.6766903400421143
writing: 1.3819694519042969
reading: 1.5062808990478516
data_fitting: 0.6870536804199219
flux_point: 6.511970281600952
