n_obs: 10
data_preparation: 6.584091663360596
writing: 1.6783506870269775
reading: 2.201124906539917
data_fitting: 1.4930968284606934
flux_point: 28.62057590484619
