n_obs: 10
data_preparation: 5.564239501953125
writing: 1.5716333389282227
reading: 1.8215210437774658
data_fitting: 1.1738080978393555
flux_point: 24.041540384292603
