n_obs: 10
data_preparation: 7.263934135437012
writing: 1.720041036605835
reading: 2.375
data_fitting: 0.8582825660705566
flux_point: 8.575469255447388
