n_obs: 10
data_preparation: 3.598785400390625
writing: 1.2335410118103027
reading: 1.6407749652862549
data_fitting: 0.8090081214904785
flux_point: 7.083180665969849
