n_obs: 10
data_preparation: 8.206907510757446
writing: 1.8633384704589844
reading: 2.421801805496216
data_fitting: 2.3984274864196777
flux_point: 77.363436460495
