n_obs: 10
data_preparation: 3.389125347137451
writing: 2.1920132637023926
reading: 1.965543508529663
data_fitting: 0.8306221961975098
flux_point: 8.28208613395691
