n_obs: 10
data_preparation: 6.407508611679077
writing: 1.590094804763794
reading: 2.287407636642456
data_fitting: 1.5135715007781982
flux_point: 16.801992893218994
