n_obs: 10
data_preparation: 6.656205177307129
writing: 1.6373012065887451
reading: 2.348663091659546
data_fitting: 1.5955274105072021
flux_point: 17.529311656951904
