n_obs: 10
data_preparation: 5.929105043411255
writing: 1.806607961654663
reading: 2.4797465801239014
data_fitting: 1.6217148303985596
flux_point: 17.50924301147461
