n_obs: 10
data_preparation: 8.927950382232666
writing: 1.6237027645111084
reading: 2.1525981426239014
data_fitting: 0.8288977146148682
flux_point: 7.486083030700684
