n_obs: 10
data_preparation: 5.428861618041992
writing: 1.3846063613891602
reading: 1.7005505561828613
data_fitting: 1.2577016353607178
flux_point: 15.082677602767944
