n_obs: 10
data_preparation: 3.5089077949523926
writing: 1.360236406326294
reading: 1.5292909145355225
data_fitting: 0.8168377876281738
flux_point: 7.291635036468506
