n_obs: 10
data_preparation: 7.295772552490234
writing: 1.9604194164276123
reading: 2.30574893951416
data_fitting: 1.7539172172546387
flux_point: 20.31368398666382
