n_obs: 10
data_preparation: 3.5269742012023926
writing: 1.174041748046875
reading: 1.548635482788086
data_fitting: 0.7985348701477051
flux_point: 6.997872829437256
