n_obs: 10
data_preparation: 3.5512208938598633
writing: 2.444629669189453
reading: 1.5967330932617188
data_fitting: 0.8169703483581543
flux_point: 7.421203136444092
