n_obs: 10
data_preparation: 7.7423999309539795
writing: 2.4118590354919434
reading: 3.3792941570281982
data_fitting: 18.439343214035034
flux_point: 198.63118743896484
