n_obs: 10
data_preparation: 7.3556225299835205
writing: 1.7777509689331055
reading: 2.3788716793060303
data_fitting: 0.871178388595581
flux_point: 7.825381278991699
