n_obs: 10
data_preparation: 7.495500564575195
writing: 2.3596444129943848
reading: 3.2078850269317627
data_fitting: 2.0954298973083496
flux_point: 25.503602743148804
