n_obs: 10
data_preparation: 8.002095937728882
writing: 1.897418737411499
reading: 2.742427349090576
data_fitting: 1.911543607711792
flux_point: 21.9107563495636
