n_obs: 10
data_preparation: 4.667007207870483
writing: 1.6035642623901367
reading: 1.8407070636749268
data_fitting: 6.105714559555054
flux_point: 59.19502878189087
