n_obs: 10
data_preparation: 4.61967396736145
writing: 1.5937864780426025
reading: 1.8932125568389893
data_fitting: 0.7063319683074951
flux_point: 6.868268013000488
