n_obs: 10
data_preparation: 4.939088582992554
writing: 1.3625609874725342
reading: 1.61262845993042
data_fitting: 1.1875553131103516
flux_point: 14.191879987716675
