n_obs: 10
data_preparation: 3.5124027729034424
writing: 2.2729692459106445
reading: 2.061800718307495
data_fitting: 0.8773221969604492
flux_point: 10.771996021270752
