n_obs: 10
data_preparation: 6.153375625610352
writing: 1.7174561023712158
reading: 1.963740587234497
data_fitting: 1.2386682033538818
flux_point: 15.784433603286743
