n_obs: 10
data_preparation: 7.688486576080322
writing: 1.739915132522583
reading: 2.0744214057922363
data_fitting: 2.1077184677124023
flux_point: 64.82769083976746
