n_obs: 10
data_preparation: 5.017348766326904
writing: 1.7295336723327637
reading: 2.015307664871216
data_fitting: 3.333129405975342
flux_point: 34.28840208053589
