n_obs: 10
data_preparation: 3.457594394683838
writing: 1.1560161113739014
reading: 1.5268540382385254
data_fitting: 0.7979013919830322
flux_point: 6.9601287841796875
