n_obs: 10
data_preparation: 5.993934154510498
writing: 1.0748229026794434
reading: 0.818986177444458
data_fitting: 0.7287418842315674
flux_point: 6.358672142028809
