n_obs: 10
data_preparation: 9.094451427459717
writing: 2.213688850402832
reading: 3.2083046436309814
data_fitting: 1.2546427249908447
flux_point: 11.521686315536499
