n_obs: 10
data_preparation: 3.7550315856933594
writing: 1.2393670082092285
reading: 1.6797080039978027
data_fitting: 0.8173213005065918
flux_point: 7.07457709312439
