n_obs: 10
data_preparation: 3.4151597023010254
writing: 1.154186487197876
reading: 1.5362598896026611
data_fitting: 0.77640700340271
flux_point: 6.782249689102173
