n_obs: 10
data_preparation: 7.837743759155273
writing: 1.8035223484039307
reading: 2.0790534019470215
data_fitting: 0.7878890037536621
flux_point: 31.436707973480225
