n_obs: 10
data_preparation: 3.7464354038238525
writing: 1.3499035835266113
reading: 1.650808572769165
data_fitting: 0.8508164882659912
flux_point: 7.5599424839019775
