n_obs: 10
data_preparation: 3.631459951400757
writing: 1.3689908981323242
reading: 1.5340955257415771
data_fitting: 0.6812078952789307
flux_point: 6.730216979980469
