n_obs: 10
data_preparation: 4.501486301422119
writing: 1.524900197982788
reading: 1.835395097732544
data_fitting: 0.6926398277282715
flux_point: 6.602602243423462
