n_obs: 10
data_preparation: 7.450052261352539
writing: 1.7243664264678955
reading: 2.4472439289093018
data_fitting: 0.8758349418640137
flux_point: 8.799888849258423
