n_obs: 10
data_preparation: 6.690184831619263
writing: 1.9299228191375732
reading: 2.3528354167938232
data_fitting: 1.7872931957244873
flux_point: 22.133197784423828
