n_obs: 10
data_preparation: 9.141631364822388
writing: 1.6695969104766846
reading: 2.2754063606262207
data_fitting: 0.9352214336395264
flux_point: 8.570315599441528
