n_obs: 10
data_preparation: 5.154503583908081
writing: 1.8617897033691406
reading: 2.2022323608398438
data_fitting: 3.610907554626465
flux_point: 38.00610375404358
