n_obs: 10
data_preparation: 4.152522802352905
writing: 1.5553157329559326
reading: 1.7203114032745361
data_fitting: 0.7421600818634033
flux_point: 7.323561191558838
