n_obs: 10
data_preparation: 7.370409727096558
writing: 1.7412214279174805
reading: 2.457735300064087
data_fitting: 0.9302456378936768
flux_point: 8.443766117095947
