n_obs: 10
data_preparation: 6.595337867736816
writing: 1.633932113647461
reading: 2.366609811782837
data_fitting: 1.5356762409210205
flux_point: 22.982741117477417
