n_obs: 10
data_preparation: 4.578009605407715
writing: 1.5810773372650146
reading: 1.881622552871704
data_fitting: 0.7126471996307373
flux_point: 6.793045282363892
