n_obs: 10
data_preparation: 6.836187124252319
writing: 1.7965540885925293
reading: 2.4739787578582764
data_fitting: 1.6769359111785889
flux_point: 19.66326141357422
