n_obs: 10
data_preparation: 4.575863599777222
writing: 1.576329231262207
reading: 1.8856415748596191
data_fitting: 0.7022478580474854
flux_point: 6.797861099243164
