n_obs: 10
data_preparation: 9.30946135520935
writing: 1.7263033390045166
reading: 2.356830358505249
data_fitting: 0.9212687015533447
flux_point: 8.818582534790039
