n_obs: 10
data_preparation: 4.3938047885894775
writing: 1.527500867843628
reading: 1.884117841720581
data_fitting: 0.7924485206604004
flux_point: 7.294222831726074
