n_obs: 10
data_preparation: 7.27857232093811
writing: 1.6443750858306885
reading: 1.9701824188232422
data_fitting: 1.8938524723052979
flux_point: 61.40215086936951
