n_obs: 10
data_preparation: 3.4288883209228516
writing: 1.1505374908447266
reading: 1.5554051399230957
data_fitting: 0.7796554565429688
flux_point: 6.832501649856567
