n_obs: 10
data_preparation: 7.370820045471191
writing: 2.1802515983581543
reading: 3.026655912399292
data_fitting: 2.0051591396331787
flux_point: 21.615487098693848
