n_obs: 10
data_preparation: 3.507162094116211
writing: 1.1630635261535645
reading: 1.5566160678863525
data_fitting: 0.7791929244995117
flux_point: 6.950357675552368
