n_obs: 10
data_preparation: 3.529386281967163
writing: 1.1936635971069336
reading: 1.609865427017212
data_fitting: 0.8050246238708496
flux_point: 7.012155532836914
