n_obs: 10
data_preparation: 3.5905487537384033
writing: 1.2901880741119385
reading: 1.5746328830718994
data_fitting: 0.8183937072753906
flux_point: 7.222752571105957
