n_obs: 10
data_preparation: 3.631822109222412
writing: 1.4436192512512207
reading: 1.5498907566070557
data_fitting: 0.8289475440979004
flux_point: 6.857918977737427
