n_obs: 10
data_preparation: 9.864443302154541
writing: 2.1235129833221436
reading: 3.082819700241089
data_fitting: 1.1860883235931396
flux_point: 10.44247031211853
