n_obs: 10
data_preparation: 5.9017534255981445
writing: 1.5999341011047363
reading: 1.9392139911651611
data_fitting: 1.2216863632202148
flux_point: 15.377878665924072
