n_obs: 10
data_preparation: 6.48825740814209
writing: 1.9660496711730957
reading: 2.7484610080718994
data_fitting: 1.7928807735443115
flux_point: 19.19876003265381
