n_obs: 10
data_preparation: 5.883246898651123
writing: 1.9812133312225342
reading: 2.3402459621429443
data_fitting: 8.996321678161621
flux_point: 86.36871266365051
