n_obs: 10
data_preparation: 5.72160530090332
writing: 1.3807313442230225
reading: 2.028258800506592
data_fitting: 1.3485090732574463
flux_point: 15.467493295669556
