n_obs: 10
data_preparation: 10.939146518707275
writing: 1.986480951309204
reading: 2.7070209980010986
data_fitting: 1.0819122791290283
flux_point: 10.274908304214478
