n_obs: 10
data_preparation: 3.810046672821045
writing: 1.4435930252075195
reading: 1.5645358562469482
data_fitting: 0.7069268226623535
flux_point: 6.739532470703125
