n_obs: 10
data_preparation: 13.810256958007812
writing: 2.6559643745422363
reading: 3.6295347213745117
data_fitting: 2.446138381958008
flux_point: 30.372780799865723
