n_obs: 10
data_preparation: 3.4463930130004883
writing: 1.1582915782928467
reading: 1.5581283569335938
data_fitting: 0.8548305034637451
flux_point: 6.942276477813721
