n_obs: 10
data_preparation: 7.87309718132019
writing: 2.4818849563598633
reading: 3.5566718578338623
data_fitting: 18.380982637405396
flux_point: 197.0575885772705
