n_obs: 10
data_preparation: 3.6746318340301514
writing: 1.425666332244873
reading: 1.539729118347168
data_fitting: 0.7080049514770508
flux_point: 6.83092999458313
