n_obs: 10
data_preparation: 7.551044464111328
writing: 1.739959955215454
reading: 2.2194631099700928
data_fitting: 2.411529779434204
flux_point: 81.005624294281
