n_obs: 10
data_preparation: 5.6715919971466064
writing: 1.4956638813018799
reading: 1.7757704257965088
data_fitting: 1.5948524475097656
flux_point: 19.59033703804016
