n_obs: 10
data_preparation: 9.689042806625366
writing: 2.6509175300598145
reading: 3.688009262084961
data_fitting: 2.489384174346924
flux_point: 30.626601219177246
