n_obs: 10
data_preparation: 3.2023980617523193
writing: 1.9515793323516846
reading: 1.6838281154632568
data_fitting: 0.7391133308410645
flux_point: 7.857653379440308
