n_obs: 10
data_preparation: 3.8887741565704346
writing: 1.4066815376281738
reading: 1.6413562297821045
data_fitting: 0.7027084827423096
flux_point: 6.493197917938232
