n_obs: 10
data_preparation: 5.728577375411987
writing: 1.4036235809326172
reading: 1.8310799598693848
data_fitting: 1.2504334449768066
flux_point: 24.571976900100708
