n_obs: 10
data_preparation: 3.9612483978271484
writing: 1.4088735580444336
reading: 1.6734471321105957
data_fitting: 0.718076229095459
flux_point: 6.613672733306885
