n_obs: 10
data_preparation: 3.57914400100708
writing: 1.3357031345367432
reading: 1.4899287223815918
data_fitting: 0.6675369739532471
flux_point: 6.4117043018341064
