n_obs: 10
data_preparation: 8.924792528152466
writing: 2.999619722366333
reading: 3.905229330062866
data_fitting: 3.398771286010742
flux_point: 28.992117881774902
