n_obs: 10
data_preparation: 3.6929383277893066
writing: 1.3652443885803223
reading: 1.5283184051513672
data_fitting: 0.7039895057678223
flux_point: 6.672363042831421
