n_obs: 10
data_preparation: 6.993333578109741
writing: 2.106165885925293
reading: 2.8801581859588623
data_fitting: 1.844954490661621
flux_point: 20.57297992706299
