n_obs: 10
data_preparation: 4.582134246826172
writing: 1.5556004047393799
reading: 1.8737671375274658
data_fitting: 0.7114119529724121
flux_point: 6.791220426559448
