n_obs: 10
data_preparation: 4.285849571228027
writing: 1.4808790683746338
reading: 1.839172601699829
data_fitting: 0.7685599327087402
flux_point: 7.087755441665649
