n_obs: 10
data_preparation: 4.427262783050537
writing: 1.5291030406951904
reading: 1.8196661472320557
data_fitting: 0.693899393081665
flux_point: 6.6199562549591064
