n_obs: 10
data_preparation: 7.776443719863892
writing: 1.7705013751983643
reading: 2.53961181640625
data_fitting: 0.9039616584777832
flux_point: 9.193607091903687
