n_obs: 10
data_preparation: 3.85927152633667
writing: 1.4694886207580566
reading: 1.602879285812378
data_fitting: 0.7290310859680176
flux_point: 6.533688545227051
