n_obs: 10
data_preparation: 5.2800750732421875
writing: 1.3613646030426025
reading: 1.6552014350891113
data_fitting: 1.1765949726104736
flux_point: 14.438842058181763
