n_obs: 10
data_preparation: 3.231797695159912
writing: 1.9817066192626953
reading: 1.7027435302734375
data_fitting: 0.7477588653564453
flux_point: 7.949543476104736
