n_obs: 10
data_preparation: 6.782092332839966
writing: 1.6396372318267822
reading: 2.4068069458007812
data_fitting: 1.657214879989624
flux_point: 18.18833637237549
