n_obs: 10
data_preparation: 7.078291654586792
writing: 1.9292943477630615
reading: 2.4904603958129883
data_fitting: 1.597562313079834
flux_point: 32.049742460250854
