n_obs: 10
data_preparation: 4.427945375442505
writing: 1.5681512355804443
reading: 1.9114899635314941
data_fitting: 3.0647010803222656
flux_point: 32.22003698348999
