n_obs: 10
data_preparation: 5.986872673034668
writing: 1.2972402572631836
reading: 1.671013593673706
data_fitting: 1.6804728507995605
flux_point: 53.21730017662048
