n_obs: 10
data_preparation: 3.6206769943237305
writing: 1.3583214282989502
reading: 1.4865403175354004
data_fitting: 0.6774239540100098
flux_point: 6.441606521606445
