n_obs: 10
data_preparation: 3.695152521133423
writing: 1.378438949584961
reading: 1.4978244304656982
data_fitting: 0.6791110038757324
flux_point: 6.502430200576782
