n_obs: 10
data_preparation: 7.524165391921997
writing: 1.678938388824463
reading: 2.169132709503174
data_fitting: 2.1271536350250244
flux_point: 68.39825415611267
