n_obs: 10
data_preparation: 3.647804021835327
writing: 1.396733045578003
reading: 1.5253512859344482
data_fitting: 0.6747622489929199
flux_point: 6.566087961196899
