n_obs: 10
data_preparation: 6.036065340042114
writing: 1.5333201885223389
reading: 1.9527208805084229
data_fitting: 1.6867196559906006
flux_point: 21.72406792640686
