n_obs: 10
data_preparation: 4.3048095703125
writing: 1.4863841533660889
reading: 1.8478233814239502
data_fitting: 0.7776618003845215
flux_point: 7.1131508350372314
