n_obs: 10
data_preparation: 6.677103757858276
writing: 2.058631420135498
reading: 2.814404010772705
data_fitting: 2.293252468109131
flux_point: 19.866423845291138
