n_obs: 10
data_preparation: 3.5424399375915527
writing: 2.2884461879730225
reading: 1.9817938804626465
data_fitting: 0.9138383865356445
flux_point: 9.013598680496216
