n_obs: 10
data_preparation: 7.405438423156738
writing: 2.3197872638702393
reading: 3.1105551719665527
data_fitting: 2.2831568717956543
flux_point: 27.34269618988037
