n_obs: 10
data_preparation: 5.8617024421691895
writing: 1.7799830436706543
reading: 2.4487671852111816
data_fitting: 1.5427978038787842
flux_point: 17.394643306732178
