n_obs: 10
data_preparation: 3.640073299407959
writing: 1.2170026302337646
reading: 1.6870152950286865
data_fitting: 0.8172945976257324
flux_point: 7.146674394607544
