n_obs: 10
data_preparation: 7.3939454555511475
writing: 1.7298460006713867
reading: 2.432145595550537
data_fitting: 0.9482641220092773
flux_point: 9.442623853683472
