n_obs: 10
data_preparation: 3.632427215576172
writing: 1.4573044776916504
reading: 1.5803608894348145
data_fitting: 0.7152409553527832
flux_point: 6.88721776008606
