n_obs: 10
data_preparation: 6.500762701034546
writing: 1.5835778713226318
reading: 2.3213155269622803
data_fitting: 1.504793643951416
flux_point: 17.407092332839966
