n_obs: 10
data_preparation: 3.5026285648345947
writing: 1.1656196117401123
reading: 1.5687849521636963
data_fitting: 0.7827041149139404
flux_point: 6.877396106719971
