n_obs: 10
data_preparation: 3.5251567363739014
writing: 2.4754855632781982
reading: 1.9573278427124023
data_fitting: 0.8854286670684814
flux_point: 8.913646221160889
