n_obs: 10
data_preparation: 6.24972939491272
writing: 1.5903549194335938
reading: 1.9391179084777832
data_fitting: 1.7572619915008545
flux_point: 20.901450872421265
