n_obs: 10
data_preparation: 5.55896258354187
writing: 1.5185952186584473
reading: 1.885509967803955
data_fitting: 1.2319066524505615
flux_point: 25.99968719482422
