n_obs: 10
data_preparation: 6.555922746658325
writing: 1.6212143898010254
reading: 2.347888708114624
data_fitting: 1.566701889038086
flux_point: 17.319621324539185
