n_obs: 10
data_preparation: 8.021254539489746
writing: 2.5797576904296875
reading: 3.7093520164489746
data_fitting: 2.292480707168579
flux_point: 27.717191696166992
