n_obs: 10
data_preparation: 7.599693536758423
writing: 1.794374704360962
reading: 2.108527183532715
data_fitting: 2.094515562057495
flux_point: 65.91868233680725
