n_obs: 10
data_preparation: 6.385245084762573
writing: 1.6110355854034424
reading: 2.03902268409729
data_fitting: 1.4181857109069824
flux_point: 17.303356170654297
