n_obs: 10
data_preparation: 4.4861462116241455
writing: 1.5471103191375732
reading: 1.8773555755615234
data_fitting: 0.7023482322692871
flux_point: 6.758453607559204
