n_obs: 10
data_preparation: 3.6613073348999023
writing: 1.3327736854553223
reading: 1.5244739055633545
data_fitting: 0.6985669136047363
flux_point: 6.753326654434204
