n_obs: 10
data_preparation: 3.7013444900512695
writing: 1.4090824127197266
reading: 1.545328140258789
data_fitting: 0.7054686546325684
flux_point: 6.864157676696777
