n_obs: 10
data_preparation: 3.712287664413452
writing: 1.3519251346588135
reading: 1.5578334331512451
data_fitting: 0.7120194435119629
flux_point: 6.824706792831421
