n_obs: 10
data_preparation: 3.6673824787139893
writing: 1.40248441696167
reading: 1.5497031211853027
data_fitting: 0.6792192459106445
flux_point: 6.739333152770996
