n_obs: 10
data_preparation: 7.598183631896973
writing: 2.3600528240203857
reading: 3.249350070953369
data_fitting: 17.917417764663696
flux_point: 193.25387501716614
