n_obs: 10
data_preparation: 3.5774669647216797
writing: 1.2784833908081055
reading: 1.574009656906128
data_fitting: 0.8182868957519531
flux_point: 7.190524339675903
