n_obs: 10
data_preparation: 4.66660475730896
writing: 1.6125121116638184
reading: 1.9377388954162598
data_fitting: 0.7277138233184814
flux_point: 7.071444034576416
