n_obs: 10
data_preparation: 3.4596121311187744
writing: 1.1614642143249512
reading: 1.544574499130249
data_fitting: 0.7796273231506348
flux_point: 6.893717527389526
