n_obs: 10
data_preparation: 6.6010963916778564
writing: 1.6034660339355469
reading: 2.409761428833008
data_fitting: 1.5255250930786133
flux_point: 17.783863067626953
