n_obs: 10
data_preparation: 3.385525941848755
writing: 2.2019600868225098
reading: 1.992720365524292
data_fitting: 0.8529548645019531
flux_point: 10.275724172592163
