n_obs: 10
data_preparation: 7.595736026763916
writing: 1.8553104400634766
reading: 2.65685772895813
data_fitting: 1.8047621250152588
flux_point: 20.903874397277832
