n_obs: 10
data_preparation: 3.5272786617279053
writing: 1.1894433498382568
reading: 1.610501766204834
data_fitting: 0.8032078742980957
flux_point: 7.034423351287842
