n_obs: 10
data_preparation: 5.786000728607178
writing: 2.1893773078918457
reading: 2.577803134918213
data_fitting: 4.459223985671997
flux_point: 46.883299112319946
