n_obs: 10
data_preparation: 7.404507875442505
writing: 1.7631633281707764
reading: 2.089475631713867
data_fitting: 2.1038501262664795
flux_point: 67.31142497062683
