n_obs: 10
data_preparation: 5.838682651519775
writing: 1.5536119937896729
reading: 1.940885305404663
data_fitting: 1.4111859798431396
flux_point: 17.392717599868774
