n_obs: 10
data_preparation: 3.730687379837036
writing: 1.384317398071289
reading: 1.5270750522613525
data_fitting: 0.6825246810913086
flux_point: 6.611213684082031
