n_obs: 10
data_preparation: 3.580570936203003
writing: 1.3403987884521484
reading: 1.489171028137207
data_fitting: 0.6729998588562012
flux_point: 6.449527740478516
