n_obs: 10
data_preparation: 3.397122859954834
writing: 1.0975310802459717
reading: 1.509141206741333
data_fitting: 0.7358779907226562
flux_point: 6.435073614120483
