n_obs: 10
data_preparation: 3.7316315174102783
writing: 1.4236412048339844
reading: 1.5379862785339355
data_fitting: 0.7032792568206787
flux_point: 6.684118270874023
