n_obs: 10
data_preparation: 3.692988634109497
writing: 1.34415602684021
reading: 1.535661220550537
data_fitting: 0.6939737796783447
flux_point: 6.693341016769409
