n_obs: 10
data_preparation: 5.290355682373047
writing: 2.050041913986206
reading: 2.3272149562835693
data_fitting: 4.418028116226196
flux_point: 197.65809106826782
