n_obs: 10
data_preparation: 7.81364893913269
writing: 1.7754731178283691
reading: 2.508582592010498
data_fitting: 0.93605637550354
flux_point: 9.692662239074707
