n_obs: 10
data_preparation: 5.851516485214233
writing: 1.7882225513458252
reading: 2.4590649604797363
data_fitting: 1.5347189903259277
flux_point: 17.29113221168518
