n_obs: 10
data_preparation: 8.374653339385986
writing: 2.1767730712890625
reading: 3.1393070220947266
data_fitting: 2.1747052669525146
flux_point: 25.113094329833984
