n_obs: 10
data_preparation: 3.4803879261016846
writing: 1.1680047512054443
reading: 1.5413048267364502
data_fitting: 0.8155295848846436
flux_point: 7.072517395019531
