n_obs: 10
data_preparation: 6.830435752868652
writing: 1.9583017826080322
reading: 2.3770337104797363
data_fitting: 1.8261079788208008
flux_point: 34.99799108505249
