n_obs: 10
data_preparation: 3.674877882003784
writing: 1.3656625747680664
reading: 1.5121612548828125
data_fitting: 0.6810932159423828
flux_point: 6.560727596282959
