n_obs: 10
data_preparation: 4.879477500915527
writing: 1.8243224620819092
reading: 2.105330228805542
data_fitting: 3.7748453617095947
flux_point: 39.025869846343994
