n_obs: 10
data_preparation: 7.509627103805542
writing: 1.8553798198699951
reading: 2.6849710941314697
data_fitting: 1.8433964252471924
flux_point: 20.165113925933838
