n_obs: 10
data_preparation: 8.686933994293213
writing: 2.256188154220581
reading: 3.237372398376465
data_fitting: 2.097235679626465
flux_point: 25.05267572402954
