n_obs: 10
data_preparation: 6.997312068939209
writing: 1.933917760848999
reading: 2.4168450832366943
data_fitting: 1.6720454692840576
flux_point: 20.447393894195557
