n_obs: 10
data_preparation: 4.566329002380371
writing: 1.5690631866455078
reading: 1.8795804977416992
data_fitting: 0.7040677070617676
flux_point: 6.822934627532959
