n_obs: 10
data_preparation: 6.994847059249878
writing: 2.219197988510132
reading: 2.9871826171875
data_fitting: 2.5338494777679443
flux_point: 23.654671907424927
