n_obs: 10
data_preparation: 9.528970956802368
writing: 2.459815740585327
reading: 3.548588514328003
data_fitting: 2.383420467376709
flux_point: 29.336247205734253
