n_obs: 10
data_preparation: 7.37715220451355
writing: 1.9202747344970703
reading: 2.5552682876586914
data_fitting: 1.5546913146972656
flux_point: 33.28704619407654
