n_obs: 10
data_preparation: 4.487066984176636
writing: 1.5198442935943604
reading: 1.8906950950622559
data_fitting: 0.7886612415313721
flux_point: 7.2931506633758545
