n_obs: 10
data_preparation: 6.007254600524902
writing: 1.6294047832489014
reading: 1.9593615531921387
data_fitting: 1.206439733505249
flux_point: 15.457589864730835
