n_obs: 10
data_preparation: 3.7164714336395264
writing: 1.454385757446289
reading: 1.56374192237854
data_fitting: 0.712874174118042
flux_point: 6.909825086593628
