n_obs: 10
data_preparation: 6.002957344055176
writing: 2.0880300998687744
reading: 2.5417909622192383
data_fitting: 4.10210657119751
flux_point: 42.49902391433716
