n_obs: 10
data_preparation: 4.022712707519531
writing: 1.4413437843322754
reading: 1.6943035125732422
data_fitting: 0.7218790054321289
flux_point: 6.744274616241455
