n_obs: 10
data_preparation: 9.536933422088623
writing: 2.5650315284729004
reading: 3.577604055404663
data_fitting: 2.644205093383789
flux_point: 30.466785192489624
