n_obs: 10
data_preparation: 8.085160732269287
writing: 1.7956466674804688
reading: 2.3225290775299072
data_fitting: 2.2319626808166504
flux_point: 67.98528933525085
