n_obs: 10
data_preparation: 6.469029664993286
writing: 1.58608078956604
reading: 2.314312696456909
data_fitting: 1.5896697044372559
flux_point: 17.41359829902649
