n_obs: 10
data_preparation: 3.3485593795776367
writing: 1.152095079421997
reading: 1.4940564632415771
data_fitting: 0.7790193557739258
flux_point: 6.689713954925537
