n_obs: 10
data_preparation: 6.277714014053345
writing: 1.7029893398284912
reading: 2.082784414291382
data_fitting: 1.7723619937896729
flux_point: 21.64662194252014
