n_obs: 10
data_preparation: 4.775632858276367
writing: 1.5413780212402344
reading: 1.905407428741455
data_fitting: 0.6977794170379639
flux_point: 6.855238437652588
