n_obs: 10
data_preparation: 3.6844675540924072
writing: 1.3975777626037598
reading: 1.553511381149292
data_fitting: 0.697974443435669
flux_point: 6.686685562133789
