n_obs: 10
data_preparation: 6.468565225601196
writing: 1.9062702655792236
reading: 2.6036224365234375
data_fitting: 14.711704730987549
flux_point: 150.1984989643097
