n_obs: 10
data_preparation: 6.805798530578613
writing: 1.9452018737792969
reading: 2.431260108947754
data_fitting: 1.6004338264465332
flux_point: 19.850709438323975
