n_obs: 10
data_preparation: 9.245593786239624
writing: 1.6910150051116943
reading: 2.258530378341675
data_fitting: 0.8400566577911377
flux_point: 7.9503562450408936
