n_obs: 10
data_preparation: 3.5974018573760986
writing: 1.4421806335449219
reading: 1.5891191959381104
data_fitting: 0.8438236713409424
flux_point: 6.838029146194458
