n_obs: 10
data_preparation: 3.4919018745422363
writing: 2.268465042114258
reading: 2.05556583404541
data_fitting: 0.8786380290985107
flux_point: 8.693717956542969
