n_obs: 10
data_preparation: 6.70624852180481
writing: 2.0098183155059814
reading: 2.7902350425720215
data_fitting: 1.844212532043457
flux_point: 19.750638961791992
