n_obs: 10
data_preparation: 7.164438724517822
writing: 2.288400888442993
reading: 3.1284072399139404
data_fitting: 17.634400844573975
flux_point: 166.48507928848267
