n_obs: 10
data_preparation: 3.6403517723083496
writing: 1.350374698638916
reading: 1.4845058917999268
data_fitting: 0.6716480255126953
flux_point: 6.616990327835083
