n_obs: 10
data_preparation: 6.004946708679199
writing: 1.8230037689208984
reading: 2.5235557556152344
data_fitting: 1.599921464920044
flux_point: 17.48278784751892
