n_obs: 10
data_preparation: 9.09399127960205
writing: 1.6720585823059082
reading: 2.2175989151000977
data_fitting: 0.8354489803314209
flux_point: 7.820625305175781
