n_obs: 10
data_preparation: 3.6074516773223877
writing: 1.3638005256652832
reading: 1.5078189373016357
data_fitting: 0.6680018901824951
flux_point: 6.486962080001831
