n_obs: 10
data_preparation: 6.104426145553589
writing: 1.0910792350769043
reading: 0.830744743347168
data_fitting: 0.7509181499481201
flux_point: 6.538177013397217
