n_obs: 10
data_preparation: 7.531485319137573
writing: 1.7342219352722168
reading: 2.4223580360412598
data_fitting: 0.8695876598358154
flux_point: 8.660905599594116
