n_obs: 10
data_preparation: 3.7013397216796875
writing: 1.3785536289215088
reading: 1.506800889968872
data_fitting: 0.6850149631500244
flux_point: 6.5323755741119385
