n_obs: 10
data_preparation: 3.4850668907165527
writing: 1.1708762645721436
reading: 1.5725646018981934
data_fitting: 0.7855219841003418
flux_point: 6.905639410018921
