n_obs: 10
data_preparation: 5.941864252090454
writing: 1.6343293190002441
reading: 1.936739444732666
data_fitting: 2.0883326530456543
flux_point: 25.53654170036316
