n_obs: 10
data_preparation: 6.026283502578735
writing: 1.5728471279144287
reading: 2.1998343467712402
data_fitting: 1.40653395652771
flux_point: 17.152780771255493
