n_obs: 10
data_preparation: 4.576610565185547
writing: 1.6303112506866455
reading: 1.9018409252166748
data_fitting: 0.7073767185211182
flux_point: 6.826862573623657
