n_obs: 10
data_preparation: 3.6606743335723877
writing: 1.3726952075958252
reading: 1.4986698627471924
data_fitting: 0.6772384643554688
flux_point: 6.431863784790039
