n_obs: 10
data_preparation: 7.196355581283569
writing: 1.7004168033599854
reading: 2.321665048599243
data_fitting: 0.8449141979217529
flux_point: 8.477876424789429
