n_obs: 10
data_preparation: 3.6136996746063232
writing: 2.3844332695007324
reading: 1.5905120372772217
data_fitting: 0.8298380374908447
flux_point: 7.4456822872161865
