n_obs: 10
data_preparation: 3.6922473907470703
writing: 1.4174025058746338
reading: 1.5247812271118164
data_fitting: 0.6961174011230469
flux_point: 6.631804466247559
