n_obs: 10
data_preparation: 4.456057071685791
writing: 1.5184102058410645
reading: 1.8908131122589111
data_fitting: 0.7896804809570312
flux_point: 7.254008054733276
