n_obs: 10
data_preparation: 3.672471523284912
writing: 1.3558428287506104
reading: 1.4974725246429443
data_fitting: 0.6813077926635742
flux_point: 6.686450242996216
