n_obs: 10
data_preparation: 3.739320755004883
writing: 1.410005807876587
reading: 1.547783613204956
data_fitting: 0.7129862308502197
flux_point: 6.697864532470703
