n_obs: 10
data_preparation: 5.1503214836120605
writing: 1.3134264945983887
reading: 1.6786417961120605
data_fitting: 1.1659924983978271
flux_point: 14.48702621459961
