n_obs: 10
data_preparation: 6.731876611709595
writing: 1.7689108848571777
reading: 2.4668426513671875
data_fitting: 1.626802682876587
flux_point: 18.373221158981323
