n_obs: 10
data_preparation: 3.7481935024261475
writing: 1.4273934364318848
reading: 1.5508363246917725
data_fitting: 0.7143187522888184
flux_point: 6.87804651260376
