n_obs: 10
data_preparation: 7.6392502784729
writing: 1.840503454208374
reading: 2.6680495738983154
data_fitting: 1.744697093963623
flux_point: 26.3302583694458
