n_obs: 10
data_preparation: 3.5907537937164307
writing: 1.3860020637512207
reading: 1.5596098899841309
data_fitting: 0.8469641208648682
flux_point: 7.484885215759277
