n_obs: 10
data_preparation: 5.401606559753418
writing: 1.5942096710205078
reading: 2.2332139015197754
data_fitting: 1.5108306407928467
flux_point: 16.350910425186157
