n_obs: 10
data_preparation: 3.9202089309692383
writing: 1.4448108673095703
reading: 1.720533847808838
data_fitting: 0.890610933303833
flux_point: 7.827921152114868
