n_obs: 10
data_preparation: 3.6544127464294434
writing: 1.1996374130249023
reading: 1.5946688652038574
data_fitting: 0.8207433223724365
flux_point: 7.121941328048706
