n_obs: 10
data_preparation: 3.2112860679626465
writing: 1.9462337493896484
reading: 1.8226685523986816
data_fitting: 0.7451987266540527
flux_point: 7.761580467224121
