n_obs: 10
data_preparation: 5.761817455291748
writing: 1.7640457153320312
reading: 2.427309036254883
data_fitting: 1.5166447162628174
flux_point: 17.060166358947754
