n_obs: 10
data_preparation: 4.773052215576172
writing: 1.6735060214996338
reading: 1.9268765449523926
data_fitting: 3.3232014179229736
flux_point: 155.58216285705566
