n_obs: 10
data_preparation: 7.4922239780426025
writing: 1.7932929992675781
reading: 2.3917675018310547
data_fitting: 0.8632206916809082
flux_point: 8.618958473205566
