n_obs: 10
data_preparation: 3.73149037361145
writing: 1.429210901260376
reading: 1.5607192516326904
data_fitting: 0.7101759910583496
flux_point: 6.83113169670105
