n_obs: 10
data_preparation: 10.836220741271973
writing: 2.4517722129821777
reading: 3.54023814201355
data_fitting: 2.464292526245117
flux_point: 30.19690179824829
