n_obs: 10
data_preparation: 6.002944469451904
writing: 1.564610242843628
reading: 2.212252378463745
data_fitting: 1.504619836807251
flux_point: 16.847054958343506
