n_obs: 10
data_preparation: 3.5505053997039795
writing: 1.2219364643096924
reading: 1.6383345127105713
data_fitting: 0.8162178993225098
flux_point: 7.079247951507568
