n_obs: 10
data_preparation: 3.6496493816375732
writing: 1.1919348239898682
reading: 1.6078836917877197
data_fitting: 0.8165085315704346
flux_point: 7.178483247756958
