n_obs: 10
data_preparation: 3.4379725456237793
writing: 1.1462781429290771
reading: 1.5332603454589844
data_fitting: 0.8497693538665771
flux_point: 6.935250282287598
