n_obs: 10
data_preparation: 6.50196385383606
writing: 1.5962421894073486
reading: 2.3191301822662354
data_fitting: 1.505507469177246
flux_point: 17.440128326416016
