n_obs: 10
data_preparation: 12.15212607383728
writing: 2.3342385292053223
reading: 3.1621718406677246
data_fitting: 1.414191484451294
flux_point: 13.437035083770752
