n_obs: 10
data_preparation: 3.630796194076538
writing: 1.3626410961151123
reading: 1.5217113494873047
data_fitting: 0.6866021156311035
flux_point: 6.493952035903931
