n_obs: 10
data_preparation: 8.145609378814697
writing: 1.817695140838623
reading: 2.5213985443115234
data_fitting: 1.0195167064666748
flux_point: 10.2915780544281
