n_obs: 10
data_preparation: 6.402002811431885
writing: 1.5943944454193115
reading: 2.268615961074829
data_fitting: 1.5442919731140137
flux_point: 18.197396278381348
