n_obs: 10
data_preparation: 3.742448568344116
writing: 1.4004557132720947
reading: 1.5314390659332275
data_fitting: 0.6939170360565186
flux_point: 6.616236686706543
