n_obs: 10
data_preparation: 4.116337299346924
writing: 1.4159400463104248
reading: 1.7548158168792725
data_fitting: 0.7348778247833252
flux_point: 6.706897735595703
