n_obs: 10
data_preparation: 6.4121997356414795
writing: 1.6002240180969238
reading: 2.310786724090576
data_fitting: 1.4649715423583984
flux_point: 16.90398144721985
