n_obs: 10
data_preparation: 3.769775390625
writing: 1.442793607711792
reading: 1.5839958190917969
data_fitting: 0.7424993515014648
flux_point: 7.025399923324585
