n_obs: 10
data_preparation: 4.511270761489868
writing: 1.5832698345184326
reading: 1.8784723281860352
data_fitting: 0.7070574760437012
flux_point: 6.760658025741577
