n_obs: 10
data_preparation: 9.121768712997437
writing: 2.329838514328003
reading: 3.4195070266723633
data_fitting: 2.3389201164245605
flux_point: 28.3866868019104
