n_obs: 10
data_preparation: 3.693362236022949
writing: 1.403564214706421
reading: 1.5294530391693115
data_fitting: 0.6892330646514893
flux_point: 6.572121858596802
