n_obs: 10
data_preparation: 6.6110923290252686
writing: 1.6238174438476562
reading: 2.3449156284332275
data_fitting: 1.5931849479675293
flux_point: 18.328112602233887
