n_obs: 10
data_preparation: 3.604797601699829
writing: 1.340390920639038
reading: 1.503549337387085
data_fitting: 0.6709787845611572
flux_point: 6.598679780960083
