n_obs: 10
data_preparation: 6.758370876312256
writing: 2.037794828414917
reading: 2.676417589187622
data_fitting: 14.826440572738647
flux_point: 159.74292850494385
