n_obs: 10
data_preparation: 8.905834197998047
writing: 2.2056493759155273
reading: 2.4988057613372803
data_fitting: 0.9568085670471191
flux_point: 38.767335414886475
