n_obs: 10
data_preparation: 3.618086338043213
writing: 1.3806078433990479
reading: 1.5096821784973145
data_fitting: 0.6747522354125977
flux_point: 6.020663738250732
