n_obs: 10
data_preparation: 3.4174907207489014
writing: 2.2062315940856934
reading: 2.035276174545288
data_fitting: 0.8627398014068604
flux_point: 10.428972244262695
