n_obs: 10
data_preparation: 7.903561353683472
writing: 2.484069585800171
reading: 3.208513021469116
data_fitting: 2.802908182144165
flux_point: 27.19386339187622
