n_obs: 10
data_preparation: 3.517974615097046
writing: 1.1730625629425049
reading: 1.5301744937896729
data_fitting: 0.7932372093200684
flux_point: 6.941495180130005
