n_obs: 10
data_preparation: 3.6738502979278564
writing: 1.3840744495391846
reading: 1.5202500820159912
data_fitting: 0.6944277286529541
flux_point: 6.610642671585083
