n_obs: 10
data_preparation: 10.917616605758667
writing: 1.9652767181396484
reading: 2.659762144088745
data_fitting: 1.7692244052886963
flux_point: 20.253588676452637
