n_obs: 10
data_preparation: 5.930604457855225
writing: 1.6814439296722412
reading: 2.017786979675293
data_fitting: 1.513561725616455
flux_point: 18.12786102294922
