n_obs: 10
data_preparation: 6.558897018432617
writing: 1.7028915882110596
reading: 2.0872557163238525
data_fitting: 1.5017783641815186
flux_point: 18.43257212638855
