n_obs: 10
data_preparation: 7.8293657302856445
writing: 1.794816255569458
reading: 2.091102123260498
data_fitting: 3.6996653079986572
flux_point: 163.5485532283783
