n_obs: 10
data_preparation: 4.236231803894043
writing: 1.4503490924835205
reading: 1.795912265777588
data_fitting: 0.7551121711730957
flux_point: 6.9082231521606445
