n_obs: 10
data_preparation: 5.966414928436279
writing: 1.7632625102996826
reading: 2.4740068912506104
data_fitting: 1.644932746887207
flux_point: 17.889559268951416
