n_obs: 10
data_preparation: 6.9852378368377686
writing: 2.0786564350128174
reading: 2.855351686477661
data_fitting: 1.8220791816711426
flux_point: 20.23834776878357
