n_obs: 10
data_preparation: 6.5441200733184814
writing: 1.6204562187194824
reading: 2.3418281078338623
data_fitting: 1.4916574954986572
flux_point: 17.121432304382324
