n_obs: 10
data_preparation: 12.467877864837646
writing: 2.405740737915039
reading: 3.3899831771850586
data_fitting: 1.3865652084350586
flux_point: 13.734516382217407
