n_obs: 10
data_preparation: 3.5900473594665527
writing: 1.3347017765045166
reading: 1.4939897060394287
data_fitting: 0.674072265625
flux_point: 6.46400260925293
