n_obs: 10
data_preparation: 3.5844006538391113
writing: 1.2277681827545166
reading: 1.614109754562378
data_fitting: 0.8139386177062988
flux_point: 7.144448757171631
