n_obs: 10
data_preparation: 3.406499147415161
writing: 1.1259284019470215
reading: 1.5099213123321533
data_fitting: 0.8279969692230225
flux_point: 6.7607080936431885
