n_obs: 10
data_preparation: 4.938547849655151
writing: 1.3104252815246582
reading: 1.600238561630249
data_fitting: 1.0648984909057617
flux_point: 22.228581190109253
