n_obs: 10
data_preparation: 3.666457414627075
writing: 1.3597004413604736
reading: 1.5056662559509277
data_fitting: 0.6825230121612549
flux_point: 6.534658670425415
