n_obs: 10
data_preparation: 3.3714873790740967
writing: 1.9973180294036865
reading: 1.7202138900756836
data_fitting: 0.7582058906555176
flux_point: 8.186948299407959
