n_obs: 10
data_preparation: 3.7282145023345947
writing: 1.3972184658050537
reading: 1.5598580837249756
data_fitting: 0.6940302848815918
flux_point: 6.728370189666748
