n_obs: 10
data_preparation: 3.516321897506714
writing: 1.1809768676757812
reading: 1.5440442562103271
data_fitting: 0.8030357360839844
flux_point: 6.938627243041992
