n_obs: 10
data_preparation: 8.256429433822632
writing: 2.483210802078247
reading: 3.446723461151123
data_fitting: 2.5288150310516357
flux_point: 30.183642864227295
