n_obs: 10
data_preparation: 7.820853233337402
writing: 1.904822826385498
reading: 2.7883002758026123
data_fitting: 1.8059110641479492
flux_point: 21.003514289855957
