n_obs: 10
data_preparation: 3.636291980743408
writing: 1.3634696006774902
reading: 1.5109691619873047
data_fitting: 0.668001651763916
flux_point: 6.579575538635254
