n_obs: 10
data_preparation: 4.169488430023193
writing: 1.502270221710205
reading: 1.746889352798462
data_fitting: 0.7453184127807617
flux_point: 6.960292816162109
