n_obs: 10
data_preparation: 9.258929967880249
writing: 1.6779589653015137
reading: 2.2330193519592285
data_fitting: 1.4619479179382324
flux_point: 16.85700273513794
