n_obs: 10
data_preparation: 5.716523170471191
writing: 1.4126315116882324
reading: 1.6439886093139648
data_fitting: 1.6604876518249512
flux_point: 52.19183397293091
