n_obs: 10
data_preparation: 8.054240465164185
writing: 2.5338456630706787
reading: 3.5352773666381836
data_fitting: 19.812684059143066
flux_point: 216.2800784111023
