n_obs: 10
data_preparation: 5.78801417350769
writing: 1.8080644607543945
reading: 2.531006336212158
data_fitting: 13.066165208816528
flux_point: 141.1752245426178
