n_obs: 10
data_preparation: 5.398025751113892
writing: 1.7932748794555664
reading: 2.161153793334961
data_fitting: 7.185910701751709
flux_point: 69.35351300239563
