n_obs: 10
data_preparation: 3.692662000656128
writing: 1.3484861850738525
reading: 1.5190339088439941
data_fitting: 0.6899659633636475
flux_point: 6.653561353683472
