n_obs: 10
data_preparation: 5.574608087539673
writing: 1.5142579078674316
reading: 1.780278205871582
data_fitting: 1.2329235076904297
flux_point: 14.801728248596191
