n_obs: 10
data_preparation: 8.959405183792114
writing: 2.7258613109588623
reading: 3.7674856185913086
data_fitting: 3.2786450386047363
flux_point: 29.219252586364746
