n_obs: 10
data_preparation: 5.928868055343628
writing: 1.4497251510620117
reading: 2.0879123210906982
data_fitting: 1.5057222843170166
flux_point: 17.221206665039062
