n_obs: 10
data_preparation: 3.2071778774261475
writing: 1.9777514934539795
reading: 1.7038848400115967
data_fitting: 0.7384622097015381
flux_point: 7.874567985534668
