n_obs: 10
data_preparation: 3.5588560104370117
writing: 1.178900957107544
reading: 1.5673038959503174
data_fitting: 0.7989304065704346
flux_point: 6.971422910690308
