n_obs: 10
data_preparation: 7.091473817825317
writing: 1.8872010707855225
reading: 2.3225035667419434
data_fitting: 1.820601224899292
flux_point: 34.41774010658264
