n_obs: 10
data_preparation: 6.2809898853302
writing: 1.5926177501678467
reading: 2.22346568107605
data_fitting: 1.5283021926879883
flux_point: 17.591576099395752
