n_obs: 10
data_preparation: 3.5784037113189697
writing: 1.2229342460632324
reading: 1.6621983051300049
data_fitting: 0.840266227722168
flux_point: 7.201046943664551
