n_obs: 10
data_preparation: 3.627788543701172
writing: 1.4619545936584473
reading: 1.5751979351043701
data_fitting: 0.8560352325439453
flux_point: 7.569315433502197
