n_obs: 10
data_preparation: 9.362500667572021
writing: 2.304145336151123
reading: 3.39020037651062
data_fitting: 2.1891915798187256
flux_point: 26.82469654083252
