n_obs: 10
data_preparation: 3.5409576892852783
writing: 1.1846559047698975
reading: 1.6055290699005127
data_fitting: 0.8026065826416016
flux_point: 7.04621958732605
