n_obs: 10
data_preparation: 3.6813278198242188
writing: 1.357882022857666
reading: 1.535569190979004
data_fitting: 0.7022809982299805
flux_point: 6.766438007354736
