n_obs: 10
data_preparation: 6.338714122772217
writing: 1.5825462341308594
reading: 2.219350814819336
data_fitting: 1.5340547561645508
flux_point: 17.611624479293823
