n_obs: 10
data_preparation: 6.526274919509888
writing: 1.6499435901641846
reading: 2.3663268089294434
data_fitting: 1.5007398128509521
flux_point: 17.236411809921265
