n_obs: 10
data_preparation: 6.008537292480469
writing: 1.5588586330413818
reading: 1.8775241374969482
data_fitting: 1.2223918437957764
flux_point: 15.442976713180542
