n_obs: 10
data_preparation: 4.457427501678467
writing: 1.5417594909667969
reading: 1.909834861755371
data_fitting: 0.792306661605835
flux_point: 7.308409214019775
