n_obs: 10
data_preparation: 3.6367244720458984
writing: 1.3909525871276855
reading: 1.5615668296813965
data_fitting: 0.82704758644104
flux_point: 7.34577751159668
