n_obs: 10
data_preparation: 7.209974527359009
writing: 2.0945277214050293
reading: 2.87880277633667
data_fitting: 1.9216396808624268
flux_point: 20.907522678375244
