n_obs: 10
data_preparation: 3.698390007019043
writing: 1.3589720726013184
reading: 1.6312472820281982
data_fitting: 0.8426756858825684
flux_point: 7.379072666168213
