n_obs: 10
data_preparation: 3.612330198287964
writing: 1.3373713493347168
reading: 1.6022217273712158
data_fitting: 0.8248727321624756
flux_point: 7.310337543487549
