n_obs: 10
data_preparation: 3.6346702575683594
writing: 1.3324966430664062
reading: 1.49106764793396
data_fitting: 0.6798276901245117
flux_point: 6.490758419036865
