n_obs: 10
data_preparation: 6.53884482383728
writing: 1.6182246208190918
reading: 2.3613736629486084
data_fitting: 1.5193889141082764
flux_point: 17.531514644622803
