n_obs: 10
data_preparation: 6.480956554412842
writing: 1.645303726196289
reading: 2.3333189487457275
data_fitting: 1.4927775859832764
flux_point: 17.066880226135254
