n_obs: 10
data_preparation: 3.535844326019287
writing: 2.312559127807617
reading: 1.9493112564086914
data_fitting: 0.8922009468078613
flux_point: 8.948159217834473
