n_obs: 10
data_preparation: 3.6386680603027344
writing: 1.3660166263580322
reading: 1.5252635478973389
data_fitting: 0.6762843132019043
flux_point: 6.643346071243286
