n_obs: 10
data_preparation: 3.660766839981079
writing: 1.3860187530517578
reading: 1.5161793231964111
data_fitting: 0.6741504669189453
flux_point: 6.623653173446655
