n_obs: 10
data_preparation: 3.588124990463257
writing: 1.1828687191009521
reading: 1.5954444408416748
data_fitting: 0.7998800277709961
flux_point: 7.02198600769043
