n_obs: 10
data_preparation: 6.481623649597168
writing: 1.6165258884429932
reading: 2.3222596645355225
data_fitting: 1.4646317958831787
flux_point: 22.152405261993408
