n_obs: 10
data_preparation: 6.424251556396484
writing: 1.920133113861084
reading: 2.756619930267334
data_fitting: 2.3041412830352783
flux_point: 19.70259976387024
