n_obs: 10
data_preparation: 3.685636043548584
writing: 1.455127477645874
reading: 1.5763726234436035
data_fitting: 0.8493647575378418
flux_point: 6.918811321258545
