n_obs: 10
data_preparation: 3.6554596424102783
writing: 1.3923265933990479
reading: 1.5310978889465332
data_fitting: 0.6806221008300781
flux_point: 6.063220024108887
