n_obs: 10
data_preparation: 4.287919044494629
writing: 1.494293451309204
reading: 1.8432981967926025
data_fitting: 0.769810676574707
flux_point: 7.079163074493408
