n_obs: 10
data_preparation: 6.63750696182251
writing: 2.0120279788970947
reading: 2.7100863456726074
data_fitting: 14.939722537994385
flux_point: 154.14612245559692
