n_obs: 10
data_preparation: 9.181293725967407
writing: 1.6683120727539062
reading: 2.2667086124420166
data_fitting: 1.5030348300933838
flux_point: 17.308074235916138
