n_obs: 10
data_preparation: 3.784172296524048
writing: 1.4143140316009521
reading: 1.5476505756378174
data_fitting: 0.6896548271179199
flux_point: 6.7532970905303955
