n_obs: 10
data_preparation: 9.92889404296875
writing: 2.484726667404175
reading: 3.6099836826324463
data_fitting: 2.451158285140991
flux_point: 29.857925176620483
