n_obs: 10
data_preparation: 7.012285470962524
writing: 2.0545997619628906
reading: 2.8534297943115234
data_fitting: 1.895570993423462
flux_point: 20.661898851394653
