n_obs: 10
data_preparation: 4.461180210113525
writing: 1.5288643836975098
reading: 1.884904146194458
data_fitting: 0.7904458045959473
flux_point: 7.3954315185546875
