n_obs: 10
data_preparation: 3.6374664306640625
writing: 1.320876121520996
reading: 1.4857268333435059
data_fitting: 0.677574872970581
flux_point: 6.52436900138855
