n_obs: 10
data_preparation: 8.61955189704895
writing: 2.2022008895874023
reading: 3.199733018875122
data_fitting: 2.1246144771575928
flux_point: 25.28723168373108
