n_obs: 10
data_preparation: 3.6317548751831055
writing: 1.3537611961364746
reading: 1.5079493522644043
data_fitting: 0.6826965808868408
flux_point: 6.585858583450317
