n_obs: 10
data_preparation: 3.7769320011138916
writing: 1.4371750354766846
reading: 1.576932668685913
data_fitting: 0.7181384563446045
flux_point: 6.893583297729492
