n_obs: 10
data_preparation: 3.6197683811187744
writing: 1.3633105754852295
reading: 1.502084732055664
data_fitting: 0.6828291416168213
flux_point: 6.501795291900635
