n_obs: 10
data_preparation: 6.867299556732178
writing: 2.062906265258789
reading: 2.82802414894104
data_fitting: 1.7737164497375488
flux_point: 20.126028537750244
