n_obs: 10
data_preparation: 3.706472635269165
writing: 1.407365083694458
reading: 1.5653917789459229
data_fitting: 0.702894926071167
flux_point: 6.288484811782837
