n_obs: 10
data_preparation: 3.6022250652313232
writing: 1.376267433166504
reading: 1.502892255783081
data_fitting: 0.6698849201202393
flux_point: 5.968273162841797
