n_obs: 10
data_preparation: 3.599283456802368
writing: 1.2257964611053467
reading: 1.6438539028167725
data_fitting: 0.8316454887390137
flux_point: 7.168208360671997
