n_obs: 10
data_preparation: 6.473560333251953
writing: 1.6120095252990723
reading: 2.306300163269043
data_fitting: 1.5415661334991455
flux_point: 17.856152772903442
