n_obs: 10
data_preparation: 3.462412118911743
writing: 1.16615629196167
reading: 1.5686883926391602
data_fitting: 0.7860555648803711
flux_point: 6.924346446990967
