n_obs: 10
data_preparation: 5.392531633377075
writing: 1.851456880569458
reading: 2.2438743114471436
data_fitting: 3.6987102031707764
flux_point: 38.287904500961304
