n_obs: 10
data_preparation: 7.669660329818726
writing: 2.4276058673858643
reading: 3.3376922607421875
data_fitting: 2.0764822959899902
flux_point: 25.187633275985718
