n_obs: 10
data_preparation: 4.006948471069336
writing: 1.4402759075164795
reading: 1.680952787399292
data_fitting: 0.7217056751251221
flux_point: 6.70373010635376
