n_obs: 10
data_preparation: 7.3178839683532715
writing: 1.6983771324157715
reading: 2.4184982776641846
data_fitting: 0.8545377254486084
flux_point: 7.750837564468384
