n_obs: 10
data_preparation: 3.4109044075012207
writing: 1.161864995956421
reading: 1.4952185153961182
data_fitting: 0.7778089046478271
flux_point: 6.751844644546509
