n_obs: 10
data_preparation: 14.103323221206665
writing: 2.679354190826416
reading: 3.6418492794036865
data_fitting: 2.549165964126587
flux_point: 31.489535331726074
