n_obs: 10
data_preparation: 7.3324925899505615
writing: 2.1463332176208496
reading: 2.9653146266937256
data_fitting: 17.587685108184814
flux_point: 191.18884897232056
