n_obs: 10
data_preparation: 7.230392932891846
writing: 1.7439892292022705
reading: 2.3261680603027344
data_fitting: 0.8526260852813721
flux_point: 7.660728931427002
