n_obs: 10
data_preparation: 6.4953014850616455
writing: 1.5992374420166016
reading: 2.3382866382598877
data_fitting: 1.4994165897369385
flux_point: 22.56784701347351
