n_obs: 10
data_preparation: 5.546965837478638
writing: 1.4911010265350342
reading: 1.845494270324707
data_fitting: 1.2941851615905762
flux_point: 15.549416065216064
