n_obs: 10
data_preparation: 8.328774452209473
writing: 2.138096570968628
reading: 3.084413528442383
data_fitting: 2.077230215072632
flux_point: 24.938793897628784
