n_obs: 10
data_preparation: 3.446908950805664
writing: 1.1690714359283447
reading: 1.5523431301116943
data_fitting: 0.7835261821746826
flux_point: 6.872295618057251
