n_obs: 10
data_preparation: 3.5503642559051514
writing: 1.1917731761932373
reading: 1.5579173564910889
data_fitting: 0.8102138042449951
flux_point: 7.077316045761108
