n_obs: 10
data_preparation: 4.376015663146973
writing: 1.5878093242645264
reading: 1.8214600086212158
data_fitting: 3.152107000350952
flux_point: 145.36067819595337
