n_obs: 10
data_preparation: 6.49908709526062
writing: 1.5033838748931885
reading: 1.8399276733398438
data_fitting: 2.035921096801758
flux_point: 54.85713076591492
