n_obs: 10
data_preparation: 5.492990732192993
writing: 1.5191309452056885
reading: 1.8585476875305176
data_fitting: 1.191680669784546
flux_point: 15.417882919311523
