n_obs: 10
data_preparation: 9.11337924003601
writing: 1.6647861003875732
reading: 2.2167234420776367
data_fitting: 0.8350577354431152
flux_point: 7.843397378921509
