n_obs: 10
data_preparation: 3.538475751876831
writing: 1.1880590915679932
reading: 1.5963327884674072
data_fitting: 0.8158094882965088
flux_point: 7.138704061508179
