n_obs: 10
data_preparation: 5.7976086139678955
writing: 1.6519007682800293
reading: 2.0362701416015625
data_fitting: 1.4734971523284912
flux_point: 18.300326585769653
