n_obs: 10
data_preparation: 9.175716876983643
writing: 1.6823985576629639
reading: 2.2410333156585693
data_fitting: 0.8379557132720947
flux_point: 8.115509033203125
