n_obs: 10
data_preparation: 5.864201545715332
writing: 1.7814209461212158
reading: 2.449303388595581
data_fitting: 1.5438745021820068
flux_point: 17.32989001274109
