n_obs: 10
data_preparation: 6.7124083042144775
writing: 1.6414988040924072
reading: 2.362384557723999
data_fitting: 1.5063700675964355
flux_point: 17.123444318771362
