n_obs: 10
data_preparation: 7.29323148727417
writing: 1.798218011856079
reading: 2.4071316719055176
data_fitting: 0.9216947555541992
flux_point: 9.317480564117432
