n_obs: 10
data_preparation: 3.6716182231903076
writing: 1.3623061180114746
reading: 1.5352485179901123
data_fitting: 0.6859595775604248
flux_point: 6.69842004776001
