n_obs: 10
data_preparation: 3.6964099407196045
writing: 1.3831629753112793
reading: 1.5396008491516113
data_fitting: 0.6834805011749268
flux_point: 6.692025899887085
