n_obs: 10
data_preparation: 3.448801279067993
writing: 1.143850564956665
reading: 1.5445313453674316
data_fitting: 0.777252197265625
flux_point: 6.817113161087036
