n_obs: 10
data_preparation: 6.088591575622559
writing: 2.410844564437866
reading: 2.6940622329711914
data_fitting: 4.7328503131866455
flux_point: 220.83377838134766
