n_obs: 10
data_preparation: 3.649975061416626
writing: 1.3311734199523926
reading: 1.5847387313842773
data_fitting: 0.8353011608123779
flux_point: 7.34576940536499
