n_obs: 10
data_preparation: 6.531082391738892
writing: 1.6231648921966553
reading: 2.360217571258545
data_fitting: 1.608170986175537
flux_point: 17.57762312889099
