n_obs: 10
data_preparation: 6.341220140457153
writing: 1.5783064365386963
reading: 2.3005118370056152
data_fitting: 1.5002377033233643
flux_point: 17.307881355285645
