n_obs: 10
data_preparation: 8.810305118560791
writing: 2.251701593399048
reading: 3.2274956703186035
data_fitting: 2.177327871322632
flux_point: 25.533628702163696
