n_obs: 10
data_preparation: 4.311462640762329
writing: 1.4809165000915527
reading: 1.8515686988830566
data_fitting: 0.7754344940185547
flux_point: 7.099783897399902
