n_obs: 10
data_preparation: 6.78187370300293
writing: 1.789984941482544
reading: 2.5110018253326416
data_fitting: 1.7009718418121338
flux_point: 20.239091396331787
