n_obs: 10
data_preparation: 7.328718900680542
writing: 1.7005290985107422
reading: 2.3942723274230957
data_fitting: 0.870786190032959
flux_point: 8.713685274124146
