n_obs: 10
data_preparation: 6.6795313358306885
writing: 1.9902288913726807
reading: 2.7355523109436035
data_fitting: 2.344608783721924
flux_point: 20.173916816711426
