n_obs: 10
data_preparation: 3.5058956146240234
writing: 1.1986801624298096
reading: 1.5527980327606201
data_fitting: 0.8062899112701416
flux_point: 6.991652250289917
