n_obs: 10
data_preparation: 6.828146934509277
writing: 1.8380038738250732
reading: 2.359065055847168
data_fitting: 1.7518348693847656
flux_point: 34.720847606658936
