n_obs: 10
data_preparation: 7.075559377670288
writing: 1.6351408958435059
reading: 2.2156195640563965
data_fitting: 0.8901350498199463
flux_point: 9.10243821144104
