n_obs: 10
data_preparation: 7.251693964004517
writing: 1.9094107151031494
reading: 2.648959159851074
data_fitting: 2.057748794555664
flux_point: 25.291004180908203
