n_obs: 10
data_preparation: 3.3419415950775146
writing: 2.0116920471191406
reading: 1.7375712394714355
data_fitting: 0.7784814834594727
flux_point: 8.132664203643799
