n_obs: 10
data_preparation: 3.6393706798553467
writing: 1.3419947624206543
reading: 1.5556561946868896
data_fitting: 0.6834807395935059
flux_point: 6.436911344528198
