n_obs: 10
data_preparation: 6.698164224624634
writing: 1.6511428356170654
reading: 2.3844406604766846
data_fitting: 1.5964560508728027
flux_point: 18.53030014038086
