n_obs: 10
data_preparation: 9.365185737609863
writing: 2.442852020263672
reading: 3.5780129432678223
data_fitting: 2.405219316482544
flux_point: 28.795321702957153
