n_obs: 10
data_preparation: 7.094630479812622
writing: 1.8371715545654297
reading: 2.204073190689087
data_fitting: 1.5678279399871826
flux_point: 19.742380380630493
