n_obs: 10
data_preparation: 3.4473485946655273
writing: 2.218660593032837
reading: 2.0337016582489014
data_fitting: 0.8837463855743408
flux_point: 10.545456647872925
