n_obs: 10
data_preparation: 7.663459300994873
writing: 2.463916540145874
reading: 3.4863414764404297
data_fitting: 17.67340350151062
flux_point: 172.0630202293396
