n_obs: 10
data_preparation: 3.6644959449768066
writing: 1.3657467365264893
reading: 1.5129361152648926
data_fitting: 0.6912510395050049
flux_point: 6.53301739692688
