n_obs: 10
data_preparation: 3.7393596172332764
writing: 1.4942169189453125
reading: 1.6065113544464111
data_fitting: 0.8689196109771729
flux_point: 7.717052459716797
