n_obs: 10
data_preparation: 5.10074257850647
writing: 1.8161349296569824
reading: 2.505998134613037
data_fitting: 9.494453430175781
flux_point: 93.32455587387085
