n_obs: 10
data_preparation: 7.081403732299805
writing: 2.104081630706787
reading: 2.8869686126708984
data_fitting: 1.8361270427703857
flux_point: 20.690579891204834
