n_obs: 10
data_preparation: 7.565245151519775
writing: 2.3107097148895264
reading: 3.115243434906006
data_fitting: 3.031520128250122
flux_point: 27.987392902374268
