n_obs: 10
data_preparation: 3.704211950302124
writing: 1.3884117603302002
reading: 1.523141860961914
data_fitting: 0.6935915946960449
flux_point: 6.735171556472778
