n_obs: 10
data_preparation: 6.419013977050781
writing: 1.596916675567627
reading: 2.3033244609832764
data_fitting: 1.4664208889007568
flux_point: 16.854889154434204
