n_obs: 10
data_preparation: 6.339389085769653
writing: 1.6760046482086182
reading: 2.0883560180664062
data_fitting: 1.3645110130310059
flux_point: 28.127647876739502
