n_obs: 10
data_preparation: 6.318801403045654
writing: 1.5860629081726074
reading: 2.257053852081299
data_fitting: 1.4458749294281006
flux_point: 21.519363164901733
