n_obs: 10
data_preparation: 8.00335693359375
writing: 1.970869541168213
reading: 2.8426144123077393
data_fitting: 1.899965524673462
flux_point: 21.44421911239624
