n_obs: 10
data_preparation: 8.691373586654663
writing: 2.0636138916015625
reading: 2.4471805095672607
data_fitting: 0.9594628810882568
flux_point: 38.366111278533936
