n_obs: 10
data_preparation: 4.516414165496826
writing: 1.4947078227996826
reading: 1.8669319152832031
data_fitting: 0.7069931030273438
flux_point: 6.744633674621582
