n_obs: 10
data_preparation: 5.892534494400024
writing: 1.8009164333343506
reading: 2.4798190593719482
data_fitting: 2.0848653316497803
flux_point: 17.965408086776733
