n_obs: 10
data_preparation: 3.517033100128174
writing: 2.2574620246887207
reading: 1.944472074508667
data_fitting: 0.8842477798461914
flux_point: 8.948835849761963
