n_obs: 10
data_preparation: 9.277698516845703
writing: 1.675337314605713
reading: 2.2252609729766846
data_fitting: 1.4802350997924805
flux_point: 17.082920789718628
