n_obs: 10
data_preparation: 5.7925028800964355
writing: 1.537172555923462
reading: 1.914426326751709
data_fitting: 1.3444008827209473
flux_point: 25.466423749923706
