n_obs: 10
data_preparation: 6.888827323913574
writing: 1.8107848167419434
reading: 2.2945895195007324
data_fitting: 1.8279931545257568
flux_point: 22.686935901641846
