n_obs: 10
data_preparation: 9.043154001235962
writing: 1.6441023349761963
reading: 2.235017776489258
data_fitting: 0.8832406997680664
flux_point: 8.259270906448364
