n_obs: 10
data_preparation: 3.5392067432403564
writing: 1.1765663623809814
reading: 1.5960361957550049
data_fitting: 0.8064858913421631
flux_point: 7.062993764877319
