n_obs: 10
data_preparation: 3.5794169902801514
writing: 1.3366994857788086
reading: 1.6181583404541016
data_fitting: 0.830549955368042
flux_point: 7.278605699539185
