n_obs: 10
data_preparation: 3.577174425125122
writing: 1.2023472785949707
reading: 1.6235065460205078
data_fitting: 0.8208103179931641
flux_point: 7.109923839569092
