n_obs: 10
data_preparation: 6.171114206314087
writing: 1.5619049072265625
reading: 2.145526170730591
data_fitting: 1.473250150680542
flux_point: 17.00334620475769
