n_obs: 10
data_preparation: 7.147638559341431
writing: 1.9601099491119385
reading: 2.361955165863037
data_fitting: 2.3398382663726807
flux_point: 27.556524753570557
