n_obs: 10
data_preparation: 7.9170472621917725
writing: 2.4825026988983154
reading: 3.407344102859497
data_fitting: 2.811558723449707
flux_point: 26.116101026535034
