n_obs: 10
data_preparation: 3.4875328540802
writing: 1.1582832336425781
reading: 1.5627553462982178
data_fitting: 0.7832798957824707
flux_point: 6.9105634689331055
