n_obs: 10
data_preparation: 6.492027759552002
writing: 1.594547986984253
reading: 2.3273262977600098
data_fitting: 1.4864203929901123
flux_point: 17.247555255889893
