n_obs: 10
data_preparation: 5.714958667755127
writing: 1.4532601833343506
reading: 1.8299226760864258
data_fitting: 1.2809503078460693
flux_point: 24.723922967910767
