n_obs: 10
data_preparation: 5.7426393032073975
writing: 2.1842823028564453
reading: 2.651108980178833
data_fitting: 4.409438848495483
flux_point: 45.85567569732666
