n_obs: 10
data_preparation: 3.4339568614959717
writing: 1.1545276641845703
reading: 1.5476453304290771
data_fitting: 0.7849099636077881
flux_point: 6.886751890182495
