n_obs: 10
data_preparation: 3.6004440784454346
writing: 1.219005823135376
reading: 1.6222128868103027
data_fitting: 0.8114156723022461
flux_point: 7.119536638259888
