n_obs: 10
data_preparation: 7.797936916351318
writing: 1.8858983516693115
reading: 2.763425588607788
data_fitting: 1.7899765968322754
flux_point: 20.721787691116333
