n_obs: 10
data_preparation: 4.442669630050659
writing: 1.5426051616668701
reading: 1.8436648845672607
data_fitting: 0.6930949687957764
flux_point: 6.619595766067505
