n_obs: 10
data_preparation: 7.734832286834717
writing: 2.4486007690429688
reading: 3.276538372039795
data_fitting: 17.89972424507141
flux_point: 190.3359591960907
