n_obs: 10
data_preparation: 5.3291192054748535
writing: 1.606107234954834
reading: 2.2226641178131104
data_fitting: 1.4294254779815674
flux_point: 17.65067481994629
