n_obs: 10
data_preparation: 7.896692276000977
writing: 2.021573781967163
reading: 2.9426047801971436
data_fitting: 1.9463098049163818
flux_point: 23.661561965942383
