n_obs: 10
data_preparation: 3.59238600730896
writing: 1.3641555309295654
reading: 1.4837546348571777
data_fitting: 0.6791205406188965
flux_point: 6.440060138702393
