n_obs: 10
data_preparation: 5.6873626708984375
writing: 1.4668359756469727
reading: 1.9520347118377686
data_fitting: 1.2258341312408447
flux_point: 24.78028416633606
