n_obs: 10
data_preparation: 3.4499924182891846
writing: 1.1560473442077637
reading: 1.5109474658966064
data_fitting: 0.7826945781707764
flux_point: 6.832987070083618
