n_obs: 10
data_preparation: 5.853566884994507
writing: 1.8026392459869385
reading: 2.454721212387085
data_fitting: 2.049923896789551
flux_point: 17.44300103187561
