n_obs: 10
data_preparation: 3.564399242401123
writing: 1.2263460159301758
reading: 1.6304042339324951
data_fitting: 0.8173389434814453
flux_point: 7.036003112792969
