n_obs: 10
data_preparation: 6.274097919464111
writing: 1.891197919845581
reading: 2.589543104171753
data_fitting: 2.1529324054718018
flux_point: 18.934224128723145
