n_obs: 10
data_preparation: 9.388864040374756
writing: 1.6840453147888184
reading: 2.238734483718872
data_fitting: 1.4827542304992676
flux_point: 17.191032886505127
