n_obs: 10
data_preparation: 3.58450984954834
writing: 1.321160078048706
reading: 1.4686455726623535
data_fitting: 0.6646814346313477
flux_point: 6.38855767250061
