n_obs: 10
data_preparation: 7.870648622512817
writing: 1.9074006080627441
reading: 2.758746385574341
data_fitting: 1.893815517425537
flux_point: 20.844738006591797
