n_obs: 10
data_preparation: 4.3939759731292725
writing: 1.3989455699920654
reading: 1.694575548171997
data_fitting: 2.7412521839141846
flux_point: 28.651875257492065
