n_obs: 10
data_preparation: 6.607094764709473
writing: 1.6352622509002686
reading: 2.3813986778259277
data_fitting: 1.536741018295288
flux_point: 17.72639274597168
