n_obs: 10
data_preparation: 3.619997262954712
writing: 1.3527579307556152
reading: 1.5055851936340332
data_fitting: 0.6757071018218994
flux_point: 6.515088796615601
