n_obs: 10
data_preparation: 5.827459335327148
writing: 1.40382719039917
reading: 1.6301074028015137
data_fitting: 1.6400673389434814
flux_point: 52.8559193611145
