n_obs: 10
data_preparation: 3.454464912414551
writing: 1.1707749366760254
reading: 1.5315842628479004
data_fitting: 0.7975516319274902
flux_point: 6.902444124221802
