n_obs: 10
data_preparation: 6.820332288742065
writing: 1.8325450420379639
reading: 2.2873733043670654
data_fitting: 1.8230223655700684
flux_point: 22.38970971107483
