n_obs: 10
data_preparation: 9.231493473052979
writing: 2.899005889892578
reading: 3.8182523250579834
data_fitting: 2.6038808822631836
flux_point: 31.244052410125732
