n_obs: 10
data_preparation: 3.6148858070373535
writing: 1.3485667705535889
reading: 1.4824659824371338
data_fitting: 0.6713933944702148
flux_point: 6.420843839645386
