n_obs: 10
data_preparation: 3.5863330364227295
writing: 1.328737497329712
reading: 1.4729821681976318
data_fitting: 0.6696197986602783
flux_point: 6.454753398895264
