n_obs: 10
data_preparation: 3.5368266105651855
writing: 1.1966545581817627
reading: 1.6233971118927002
data_fitting: 0.8050253391265869
flux_point: 6.991617679595947
