n_obs: 10
data_preparation: 8.011033535003662
writing: 2.0848500728607178
reading: 2.968193292617798
data_fitting: 1.9586231708526611
flux_point: 23.789008855819702
