n_obs: 10
data_preparation: 5.350045204162598
writing: 1.5243914127349854
reading: 1.8024988174438477
data_fitting: 1.522193193435669
flux_point: 18.850867986679077
