n_obs: 10
data_preparation: 3.576871871948242
writing: 1.1882193088531494
reading: 1.6278159618377686
data_fitting: 0.8186764717102051
flux_point: 7.07839822769165
