n_obs: 10
data_preparation: 6.212326526641846
writing: 1.6003501415252686
reading: 2.0224921703338623
data_fitting: 1.3418636322021484
flux_point: 27.409419775009155
