n_obs: 10
data_preparation: 7.34456992149353
writing: 1.9435763359069824
reading: 2.638096332550049
data_fitting: 1.6394586563110352
flux_point: 21.35404062271118
