n_obs: 10
data_preparation: 9.123441219329834
writing: 2.2454795837402344
reading: 3.1077637672424316
data_fitting: 1.3550548553466797
flux_point: 11.155447959899902
