n_obs: 10
data_preparation: 5.41202712059021
writing: 1.6645727157592773
reading: 2.341397762298584
data_fitting: 11.768352746963501
flux_point: 114.52112603187561
