n_obs: 10
data_preparation: 7.9048097133636475
writing: 1.944366216659546
reading: 2.8099961280822754
data_fitting: 1.8378229141235352
flux_point: 21.059393644332886
