n_obs: 10
data_preparation: 6.868520736694336
writing: 1.661309003829956
reading: 2.4092397689819336
data_fitting: 1.715914011001587
flux_point: 18.6968514919281
