n_obs: 10
data_preparation: 6.664294719696045
writing: 1.782010555267334
reading: 2.4950969219207764
data_fitting: 1.669170618057251
flux_point: 18.22977352142334
