n_obs: 10
data_preparation: 8.130849599838257
writing: 2.543290853500366
reading: 3.4919400215148926
data_fitting: 2.9912827014923096
flux_point: 27.48888349533081
