n_obs: 10
data_preparation: 9.280754327774048
writing: 1.6780588626861572
reading: 2.2310259342193604
data_fitting: 1.4703080654144287
flux_point: 17.016022205352783
