n_obs: 10
data_preparation: 6.684319019317627
writing: 2.05220365524292
reading: 2.780543565750122
data_fitting: 2.360041618347168
flux_point: 20.28957462310791
