n_obs: 10
data_preparation: 6.5323967933654785
writing: 1.8207058906555176
reading: 2.5790863037109375
data_fitting: 1.7079739570617676
flux_point: 18.225391387939453
