n_obs: 10
data_preparation: 6.7904956340789795
writing: 2.038965940475464
reading: 2.82600474357605
data_fitting: 2.3295469284057617
flux_point: 19.780129432678223
