n_obs: 10
data_preparation: 6.056357145309448
writing: 1.6449637413024902
reading: 1.9599025249481201
data_fitting: 1.4365198612213135
flux_point: 17.40806293487549
