n_obs: 10
data_preparation: 4.48568058013916
writing: 1.5414154529571533
reading: 1.8472623825073242
data_fitting: 0.7040812969207764
flux_point: 6.708592891693115
