n_obs: 10
data_preparation: 3.486006498336792
writing: 1.158092975616455
reading: 1.553053379058838
data_fitting: 0.7765288352966309
flux_point: 6.954951524734497
