n_obs: 10
data_preparation: 9.155405759811401
writing: 1.6945469379425049
reading: 2.3116602897644043
data_fitting: 0.9078662395477295
flux_point: 8.602150917053223
