n_obs: 10
data_preparation: 5.333051919937134
writing: 1.683819055557251
reading: 2.056912899017334
data_fitting: 3.2763657569885254
flux_point: 35.55321669578552
