n_obs: 10
data_preparation: 3.6495449542999268
writing: 1.347522497177124
reading: 1.5162992477416992
data_fitting: 0.6771895885467529
flux_point: 6.6627960205078125
