n_obs: 10
data_preparation: 3.449889659881592
writing: 1.1413400173187256
reading: 1.5491209030151367
data_fitting: 0.777205228805542
flux_point: 6.810376405715942
