n_obs: 10
data_preparation: 3.9018406867980957
writing: 1.4145252704620361
reading: 1.6278936862945557
data_fitting: 0.7083847522735596
flux_point: 6.479246139526367
