n_obs: 10
data_preparation: 4.566647529602051
writing: 1.5554108619689941
reading: 1.8740336894989014
data_fitting: 0.7091653347015381
flux_point: 6.842563629150391
