n_obs: 10
data_preparation: 3.726935625076294
writing: 1.4419407844543457
reading: 1.5467333793640137
data_fitting: 0.6996243000030518
flux_point: 6.68393349647522
