n_obs: 10
data_preparation: 5.939781904220581
writing: 1.7987356185913086
reading: 2.4827561378479004
data_fitting: 1.5633323192596436
flux_point: 17.615535497665405
