n_obs: 10
data_preparation: 7.972991466522217
writing: 2.386190176010132
reading: 3.260157585144043
data_fitting: 3.120231866836548
flux_point: 29.532448291778564
