n_obs: 10
data_preparation: 6.371338367462158
writing: 1.7025213241577148
reading: 2.3163633346557617
data_fitting: 1.5174806118011475
flux_point: 17.69573402404785
