n_obs: 10
data_preparation: 8.868308305740356
writing: 2.240346908569336
reading: 3.2746212482452393
data_fitting: 2.2326419353485107
flux_point: 25.61375904083252
