n_obs: 10
data_preparation: 6.626757621765137
writing: 1.9241995811462402
reading: 2.3087944984436035
data_fitting: 1.6586415767669678
flux_point: 20.68714427947998
