n_obs: 10
data_preparation: 8.949460983276367
writing: 2.3199920654296875
reading: 3.4042575359344482
data_fitting: 2.192030668258667
flux_point: 26.78231191635132
