n_obs: 10
data_preparation: 7.266199350357056
writing: 1.7525477409362793
reading: 2.3369715213775635
data_fitting: 0.8606319427490234
flux_point: 7.7527172565460205
