n_obs: 10
data_preparation: 3.732084035873413
writing: 1.4204392433166504
reading: 1.542875051498413
data_fitting: 0.6842501163482666
flux_point: 6.689424514770508
