n_obs: 10
data_preparation: 3.5758914947509766
writing: 2.293243885040283
reading: 1.9447112083435059
data_fitting: 0.9035248756408691
flux_point: 8.988643646240234
