n_obs: 10
data_preparation: 4.642651557922363
writing: 1.5449512004852295
reading: 1.862882137298584
data_fitting: 6.161113262176514
flux_point: 59.328967809677124
