n_obs: 10
data_preparation: 3.612093448638916
writing: 1.403045892715454
reading: 1.563974380493164
data_fitting: 0.8383076190948486
flux_point: 7.411766290664673
