n_obs: 10
data_preparation: 3.5939104557037354
writing: 1.3297193050384521
reading: 1.5792248249053955
data_fitting: 0.8269181251525879
flux_point: 7.278292179107666
