n_obs: 10
data_preparation: 6.456214427947998
writing: 1.4503321647644043
reading: 1.8608050346374512
data_fitting: 1.8206353187561035
flux_point: 58.95218253135681
