n_obs: 10
data_preparation: 5.682743787765503
writing: 1.4172122478485107
reading: 1.9804224967956543
data_fitting: 1.4077730178833008
flux_point: 16.19094228744507
