n_obs: 10
data_preparation: 3.4503774642944336
writing: 2.2662577629089355
reading: 2.044160842895508
data_fitting: 0.8721845149993896
flux_point: 10.339496850967407
