n_obs: 10
data_preparation: 3.6816465854644775
writing: 1.3752939701080322
reading: 1.5257618427276611
data_fitting: 0.6888885498046875
flux_point: 6.694560527801514
