n_obs: 10
data_preparation: 3.847222328186035
writing: 1.4330108165740967
reading: 1.6189634799957275
data_fitting: 0.706151008605957
flux_point: 6.9011390209198
