n_obs: 10
data_preparation: 6.516641616821289
writing: 1.6079566478729248
reading: 2.3426156044006348
data_fitting: 1.5116167068481445
flux_point: 17.768309831619263
