n_obs: 10
data_preparation: 7.881960153579712
writing: 1.9950525760650635
reading: 2.8224310874938965
data_fitting: 1.8193097114562988
flux_point: 21.19672179222107
