n_obs: 10
data_preparation: 3.6803362369537354
writing: 1.3526639938354492
reading: 1.5010530948638916
data_fitting: 0.6906211376190186
flux_point: 6.5342676639556885
