n_obs: 10
data_preparation: 8.723721504211426
writing: 2.180323362350464
reading: 3.170207977294922
data_fitting: 2.320329427719116
flux_point: 28.26008129119873
