n_obs: 10
data_preparation: 6.87129807472229
writing: 1.992955207824707
reading: 2.7733473777770996
data_fitting: 1.881251573562622
flux_point: 20.055166959762573
