n_obs: 10
data_preparation: 3.4257302284240723
writing: 2.207750082015991
reading: 1.9740982055664062
data_fitting: 0.8568165302276611
flux_point: 8.467861413955688
