n_obs: 10
data_preparation: 10.999227285385132
writing: 2.646521806716919
reading: 3.8057761192321777
data_fitting: 1.5115292072296143
flux_point: 13.891786575317383
