n_obs: 10
data_preparation: 3.6612775325775146
writing: 1.4069812297821045
reading: 1.5374908447265625
data_fitting: 0.6980443000793457
flux_point: 6.597036123275757
