n_obs: 10
data_preparation: 6.769975662231445
writing: 1.7815380096435547
reading: 2.4860310554504395
data_fitting: 1.6026332378387451
flux_point: 18.1069552898407
