n_obs: 10
data_preparation: 5.539625883102417
writing: 1.8270916938781738
reading: 2.2009479999542236
data_fitting: 3.459270477294922
flux_point: 36.23177766799927
