n_obs: 10
data_preparation: 9.302841901779175
writing: 1.6873447895050049
reading: 2.2442829608917236
data_fitting: 1.4965684413909912
flux_point: 17.243688344955444
