n_obs: 10
data_preparation: 3.4328086376190186
writing: 1.1640472412109375
reading: 1.5753440856933594
data_fitting: 0.786341667175293
flux_point: 6.8936216831207275
