n_obs: 10
data_preparation: 5.858266592025757
writing: 1.512171745300293
reading: 1.894864797592163
data_fitting: 1.3505072593688965
flux_point: 25.699459075927734
