n_obs: 10
data_preparation: 3.680593729019165
writing: 1.3819830417633057
reading: 1.4913058280944824
data_fitting: 0.6747848987579346
flux_point: 6.4990973472595215
