n_obs: 10
data_preparation: 7.871430158615112
writing: 1.9066946506500244
reading: 2.516663074493408
data_fitting: 2.7036828994750977
flux_point: 81.13764905929565
