n_obs: 10
data_preparation: 7.422713994979858
writing: 1.813279151916504
reading: 2.477323055267334
data_fitting: 0.947016716003418
flux_point: 9.634269952774048
