n_obs: 10
data_preparation: 3.769477367401123
writing: 1.4324212074279785
reading: 1.5492687225341797
data_fitting: 0.7041201591491699
flux_point: 6.7011308670043945
