n_obs: 10
data_preparation: 3.514612913131714
writing: 1.176032543182373
reading: 1.6041855812072754
data_fitting: 0.8052818775177002
flux_point: 6.974360227584839
