n_obs: 10
data_preparation: 6.126924991607666
writing: 2.140887975692749
reading: 2.9630560874938965
data_fitting: 11.248699426651001
flux_point: 109.6406991481781
