n_obs: 10
data_preparation: 6.760965824127197
writing: 1.670689582824707
reading: 2.4250526428222656
data_fitting: 1.6265208721160889
flux_point: 18.30419659614563
