n_obs: 10
data_preparation: 3.860954523086548
writing: 1.4560391902923584
reading: 1.5805819034576416
data_fitting: 0.7122175693511963
flux_point: 6.9068920612335205
