n_obs: 10
data_preparation: 3.529108762741089
writing: 1.187598466873169
reading: 1.5719809532165527
data_fitting: 0.8599998950958252
flux_point: 7.047138690948486
