n_obs: 10
data_preparation: 12.844889163970947
writing: 2.560945749282837
reading: 3.5069797039031982
data_fitting: 2.1781837940216064
flux_point: 27.089859008789062
