n_obs: 10
data_preparation: 8.407370805740356
writing: 2.6101012229919434
reading: 3.5991663932800293
data_fitting: 20.479331731796265
flux_point: 221.39429473876953
