n_obs: 10
data_preparation: 6.692664623260498
writing: 1.6633622646331787
reading: 2.4351866245269775
data_fitting: 1.519263505935669
flux_point: 17.509478330612183
