n_obs: 10
data_preparation: 8.302702903747559
writing: 1.834115743637085
reading: 2.3170909881591797
data_fitting: 3.318513870239258
flux_point: 48.89334297180176
