n_obs: 10
data_preparation: 4.758709192276001
writing: 1.5345702171325684
reading: 1.899587631225586
data_fitting: 0.6987369060516357
flux_point: 6.812150239944458
