n_obs: 10
data_preparation: 6.89323616027832
writing: 1.8483245372772217
reading: 2.280735492706299
data_fitting: 2.2491326332092285
flux_point: 26.47007417678833
