n_obs: 10
data_preparation: 6.78248929977417
writing: 1.9909355640411377
reading: 2.7572391033172607
data_fitting: 14.859896421432495
flux_point: 157.69115591049194
