n_obs: 10
data_preparation: 7.213034152984619
writing: 2.2428109645843506
reading: 3.142624855041504
data_fitting: 16.23245644569397
flux_point: 174.49822616577148
