n_obs: 10
data_preparation: 4.450431823730469
writing: 1.5471746921539307
reading: 1.8481543064117432
data_fitting: 0.7004117965698242
flux_point: 6.738135099411011
