n_obs: 10
data_preparation: 3.6650800704956055
writing: 1.3651025295257568
reading: 1.5156810283660889
data_fitting: 0.6853322982788086
flux_point: 6.528700828552246
