n_obs: 10
data_preparation: 3.6466970443725586
writing: 1.35518217086792
reading: 1.6189484596252441
data_fitting: 0.8332929611206055
flux_point: 7.333065509796143
