n_obs: 10
data_preparation: 6.239831447601318
writing: 1.6858785152435303
reading: 2.089559555053711
data_fitting: 1.4570915699005127
flux_point: 28.645278930664062
