n_obs: 10
data_preparation: 5.881779909133911
writing: 1.450958490371704
reading: 2.111981153488159
data_fitting: 1.4271469116210938
flux_point: 16.09062433242798
