n_obs: 10
data_preparation: 3.7070298194885254
writing: 1.384913444519043
reading: 1.5432236194610596
data_fitting: 0.6873843669891357
flux_point: 6.66241717338562
