n_obs: 10
data_preparation: 7.2690629959106445
writing: 1.8845062255859375
reading: 2.403125762939453
data_fitting: 1.6128289699554443
flux_point: 20.716795444488525
