n_obs: 10
data_preparation: 3.650794744491577
writing: 1.3481595516204834
reading: 1.5162782669067383
data_fitting: 0.6765463352203369
flux_point: 6.563681125640869
