n_obs: 10
data_preparation: 3.404829740524292
writing: 1.144129753112793
reading: 1.5275051593780518
data_fitting: 0.7738676071166992
flux_point: 6.795119524002075
