n_obs: 10
data_preparation: 7.295908689498901
writing: 1.797091007232666
reading: 2.1225218772888184
data_fitting: 2.083440065383911
flux_point: 67.66185998916626
