n_obs: 10
data_preparation: 7.965965986251831
writing: 2.461686849594116
reading: 3.3600916862487793
data_fitting: 2.9374961853027344
flux_point: 27.10805606842041
