n_obs: 10
data_preparation: 3.466625928878784
writing: 2.272700071334839
reading: 2.0913166999816895
data_fitting: 0.873584508895874
flux_point: 10.34557318687439
