n_obs: 10
data_preparation: 5.5819172859191895
writing: 1.4327623844146729
reading: 1.7814064025878906
data_fitting: 1.192183256149292
flux_point: 24.86342716217041
