n_obs: 10
data_preparation: 3.6130692958831787
writing: 1.2955725193023682
reading: 1.5528154373168945
data_fitting: 0.8213052749633789
flux_point: 7.201894760131836
