n_obs: 10
data_preparation: 3.5711112022399902
writing: 1.3100883960723877
reading: 1.464712142944336
data_fitting: 0.6649160385131836
flux_point: 6.422714948654175
