n_obs: 10
data_preparation: 3.8481457233428955
writing: 1.4719786643981934
reading: 1.5920007228851318
data_fitting: 0.7127377986907959
flux_point: 6.4777913093566895
