n_obs: 10
data_preparation: 3.6871514320373535
writing: 1.3527731895446777
reading: 1.5295884609222412
data_fitting: 0.6919615268707275
flux_point: 6.695193767547607
