n_obs: 10
data_preparation: 7.454537630081177
writing: 2.330542802810669
reading: 3.1782732009887695
data_fitting: 17.56315517425537
flux_point: 188.64732146263123
