n_obs: 10
data_preparation: 3.48928165435791
writing: 2.0485405921936035
reading: 1.7564139366149902
data_fitting: 0.7728919982910156
flux_point: 8.3204984664917
