n_obs: 10
data_preparation: 6.558062314987183
writing: 1.5619258880615234
reading: 2.3442065715789795
data_fitting: 1.6007812023162842
flux_point: 17.694135427474976
