n_obs: 10
data_preparation: 3.455106258392334
writing: 1.1367757320404053
reading: 1.5276477336883545
data_fitting: 0.8484711647033691
flux_point: 6.890908718109131
