n_obs: 10
data_preparation: 3.6131699085235596
writing: 1.373185396194458
reading: 1.4922122955322266
data_fitting: 0.6830742359161377
flux_point: 6.426802396774292
