n_obs: 10
data_preparation: 3.477468729019165
writing: 1.168921947479248
reading: 1.5722532272338867
data_fitting: 0.8094356060028076
flux_point: 7.043402433395386
