n_obs: 10
data_preparation: 7.54050612449646
writing: 1.8388898372650146
reading: 2.156768560409546
data_fitting: 2.1651759147644043
flux_point: 67.67427372932434
