n_obs: 10
data_preparation: 7.44844388961792
writing: 2.2187352180480957
reading: 3.0555622577667236
data_fitting: 1.9453063011169434
flux_point: 20.676729917526245
