n_obs: 10
data_preparation: 6.627228736877441
writing: 1.6362216472625732
reading: 2.364762306213379
data_fitting: 1.5770978927612305
flux_point: 17.343547582626343
