n_obs: 10
data_preparation: 3.7523677349090576
writing: 1.3746943473815918
reading: 1.6527807712554932
data_fitting: 0.8649048805236816
flux_point: 7.589561462402344
