n_obs: 10
data_preparation: 9.14289379119873
writing: 1.646259069442749
reading: 2.2083728313446045
data_fitting: 0.8815886974334717
flux_point: 8.076345682144165
