n_obs: 10
data_preparation: 3.706125259399414
writing: 1.3254823684692383
reading: 1.5892605781555176
data_fitting: 0.8230681419372559
flux_point: 7.375856161117554
