n_obs: 10
data_preparation: 7.377927303314209
writing: 1.6918938159942627
reading: 2.377685070037842
data_fitting: 0.9256446361541748
flux_point: 9.476420640945435
