n_obs: 10
data_preparation: 6.237853527069092
writing: 1.7156102657318115
reading: 2.0730738639831543
data_fitting: 1.4627392292022705
flux_point: 17.99338173866272
