n_obs: 10
data_preparation: 6.397641181945801
writing: 1.6070456504821777
reading: 2.3244314193725586
data_fitting: 1.5040884017944336
flux_point: 17.6860294342041
