n_obs: 10
data_preparation: 6.47021746635437
writing: 1.8102705478668213
reading: 2.135359048843384
data_fitting: 1.521897315979004
flux_point: 19.34746289253235
