n_obs: 10
data_preparation: 6.678585529327393
writing: 1.7667114734649658
reading: 2.1540093421936035
data_fitting: 1.7831900119781494
flux_point: 21.67725157737732
