n_obs: 10
data_preparation: 6.213228702545166
writing: 1.8431859016418457
reading: 2.5603930950164795
data_fitting: 1.717939853668213
flux_point: 18.310913562774658
