n_obs: 10
data_preparation: 9.62816333770752
writing: 1.7448358535766602
reading: 2.364673376083374
data_fitting: 1.560518503189087
flux_point: 18.202774047851562
