n_obs: 10
data_preparation: 3.4350428581237793
writing: 1.1607444286346436
reading: 1.551257610321045
data_fitting: 0.7710065841674805
flux_point: 6.8024938106536865
