n_obs: 10
data_preparation: 5.1150805950164795
writing: 1.8392841815948486
reading: 2.274839401245117
data_fitting: 3.834652900695801
flux_point: 39.899420499801636
