n_obs: 10
data_preparation: 3.631014108657837
writing: 1.3668022155761719
reading: 1.5123262405395508
data_fitting: 0.6767640113830566
flux_point: 6.52859902381897
