n_obs: 10
data_preparation: 3.3291263580322266
writing: 1.0876622200012207
reading: 1.4893860816955566
data_fitting: 0.729954719543457
flux_point: 6.375808000564575
