n_obs: 10
data_preparation: 3.5700149536132812
writing: 1.4271671772003174
reading: 1.5497846603393555
data_fitting: 0.7073500156402588
flux_point: 6.8175201416015625
