n_obs: 10
data_preparation: 6.378281354904175
writing: 1.595292091369629
reading: 2.2579174041748047
data_fitting: 1.4847073554992676
flux_point: 17.092860460281372
