n_obs: 10
data_preparation: 5.869522571563721
writing: 1.760084867477417
reading: 2.4323556423187256
data_fitting: 2.0441038608551025
flux_point: 17.668489694595337
