n_obs: 10
data_preparation: 9.174282550811768
writing: 1.6962666511535645
reading: 2.299686908721924
data_fitting: 0.9011411666870117
flux_point: 8.651210069656372
