n_obs: 10
data_preparation: 4.636788845062256
writing: 1.6086061000823975
reading: 1.9149911403656006
data_fitting: 0.7113742828369141
flux_point: 6.93761134147644
