n_obs: 10
data_preparation: 6.248757600784302
writing: 1.7124836444854736
reading: 2.1104159355163574
data_fitting: 1.443326473236084
flux_point: 17.734022617340088
