n_obs: 10
data_preparation: 9.672477722167969
writing: 2.353297710418701
reading: 3.4060168266296387
data_fitting: 1.4309303760528564
flux_point: 12.238884449005127
