n_obs: 10
data_preparation: 3.609389066696167
writing: 1.3881335258483887
reading: 1.5532362461090088
data_fitting: 0.8438174724578857
flux_point: 7.455840826034546
