n_obs: 10
data_preparation: 4.388068437576294
writing: 1.4953696727752686
reading: 1.874671220779419
data_fitting: 0.7877721786499023
flux_point: 7.2194578647613525
