n_obs: 10
data_preparation: 5.957319736480713
writing: 1.780184268951416
reading: 2.5338451862335205
data_fitting: 1.7363271713256836
flux_point: 18.156235456466675
