n_obs: 10
data_preparation: 8.669054508209229
writing: 2.193509340286255
reading: 3.161637544631958
data_fitting: 2.299062967300415
flux_point: 28.27838110923767
