n_obs: 10
data_preparation: 6.364144325256348
writing: 1.5892467498779297
reading: 2.2875702381134033
data_fitting: 1.4602046012878418
flux_point: 21.701812028884888
