n_obs: 10
data_preparation: 3.619556427001953
writing: 1.3443467617034912
reading: 1.5201060771942139
data_fitting: 0.6795220375061035
flux_point: 6.642826080322266
