n_obs: 10
data_preparation: 8.42926287651062
writing: 2.6569607257843018
reading: 3.6310505867004395
data_fitting: 2.441084861755371
flux_point: 29.863511323928833
