n_obs: 10
data_preparation: 3.216395139694214
writing: 1.9692754745483398
reading: 1.8275010585784912
data_fitting: 0.7412419319152832
flux_point: 9.262301445007324
