n_obs: 10
data_preparation: 7.783433198928833
writing: 2.001436233520508
reading: 2.2908213138580322
data_fitting: 2.3891618251800537
flux_point: 75.0897650718689
