n_obs: 10
data_preparation: 6.699030637741089
writing: 1.6482608318328857
reading: 2.372735023498535
data_fitting: 1.5578701496124268
flux_point: 18.231106996536255
