n_obs: 10
data_preparation: 3.70704984664917
writing: 1.4171922206878662
reading: 1.5613093376159668
data_fitting: 0.6998608112335205
flux_point: 6.298931121826172
