n_obs: 10
data_preparation: 3.5889170169830322
writing: 1.3206982612609863
reading: 1.5980288982391357
data_fitting: 0.8326387405395508
flux_point: 7.2817018032073975
