n_obs: 10
data_preparation: 5.69935941696167
writing: 2.227004289627075
reading: 2.588932991027832
data_fitting: 4.4238550662994385
flux_point: 45.03411889076233
