n_obs: 10
data_preparation: 4.704033374786377
writing: 1.5124435424804688
reading: 1.8695473670959473
data_fitting: 0.6996309757232666
flux_point: 6.767835378646851
