n_obs: 10
data_preparation: 4.267763614654541
writing: 1.5346438884735107
reading: 1.8422431945800781
data_fitting: 2.8978543281555176
flux_point: 30.2084903717041
