n_obs: 10
data_preparation: 7.382734298706055
writing: 1.6752886772155762
reading: 2.2959275245666504
data_fitting: 0.9066448211669922
flux_point: 9.365917682647705
