n_obs: 10
data_preparation: 6.836567401885986
writing: 1.6280479431152344
reading: 2.3856475353240967
data_fitting: 1.6636402606964111
flux_point: 17.930709838867188
