n_obs: 10
data_preparation: 6.353859186172485
writing: 1.6503751277923584
reading: 2.1431405544281006
data_fitting: 1.431858777999878
flux_point: 29.37336802482605
