n_obs: 10
data_preparation: 5.753445625305176
writing: 1.751986026763916
reading: 2.3965046405792236
data_fitting: 1.9726619720458984
flux_point: 16.66652011871338
