n_obs: 10
data_preparation: 3.6516356468200684
writing: 1.356109380722046
reading: 1.5262644290924072
data_fitting: 0.6825644969940186
flux_point: 6.602769613265991
