n_obs: 10
data_preparation: 3.6199817657470703
writing: 1.2035088539123535
reading: 1.6593518257141113
data_fitting: 0.8303289413452148
flux_point: 7.265129804611206
