n_obs: 10
data_preparation: 3.977343797683716
writing: 1.406134843826294
reading: 1.677182912826538
data_fitting: 0.7241199016571045
flux_point: 6.6530468463897705
