n_obs: 10
data_preparation: 4.543036222457886
writing: 1.6814277172088623
reading: 1.9313042163848877
data_fitting: 3.175509452819824
flux_point: 32.63734984397888
