n_obs: 10
data_preparation: 5.657394647598267
writing: 1.515124797821045
reading: 1.862729549407959
data_fitting: 1.2964317798614502
flux_point: 16.11015248298645
