n_obs: 10
data_preparation: 6.715456247329712
writing: 1.6351537704467773
reading: 2.3563947677612305
data_fitting: 1.5776488780975342
flux_point: 18.24893832206726
