n_obs: 10
data_preparation: 3.4875152111053467
writing: 2.2500743865966797
reading: 2.105088233947754
data_fitting: 0.8719296455383301
flux_point: 8.7467360496521
