n_obs: 10
data_preparation: 5.7439539432525635
writing: 1.772491693496704
reading: 2.4133803844451904
data_fitting: 1.9556713104248047
flux_point: 16.764243125915527
