n_obs: 10
data_preparation: 9.369580030441284
writing: 2.4401097297668457
reading: 3.5147244930267334
data_fitting: 2.4150352478027344
flux_point: 29.4538094997406
