n_obs: 10
data_preparation: 3.603365182876587
writing: 1.1935584545135498
reading: 1.624514102935791
data_fitting: 0.8260290622711182
flux_point: 7.183956623077393
