n_obs: 10
data_preparation: 9.940644264221191
writing: 2.51175856590271
reading: 3.6726112365722656
data_fitting: 2.608499050140381
flux_point: 30.11036491394043
