n_obs: 10
data_preparation: 6.896377086639404
writing: 2.0785133838653564
reading: 2.8275680541992188
data_fitting: 15.465665102005005
flux_point: 165.77428579330444
