n_obs: 10
data_preparation: 3.8027560710906982
writing: 1.3892550468444824
reading: 1.5746362209320068
data_fitting: 2.7878401279449463
flux_point: 131.63886547088623
