n_obs: 10
data_preparation: 3.5931155681610107
writing: 1.2233939170837402
reading: 1.6514334678649902
data_fitting: 0.8285210132598877
flux_point: 7.179791688919067
