n_obs: 10
data_preparation: 6.674089670181274
writing: 1.6368906497955322
reading: 2.410210609436035
data_fitting: 1.5563230514526367
flux_point: 18.058783292770386
