n_obs: 10
data_preparation: 3.660343885421753
writing: 1.3575925827026367
reading: 1.5081167221069336
data_fitting: 0.6747603416442871
flux_point: 6.458403587341309
