n_obs: 10
data_preparation: 6.564992666244507
writing: 1.7394356727600098
reading: 2.2562599182128906
data_fitting: 1.3386869430541992
flux_point: 16.350504636764526
