n_obs: 10
data_preparation: 3.6880929470062256
writing: 1.3705945014953613
reading: 1.5008344650268555
data_fitting: 0.6870043277740479
flux_point: 6.539823293685913
