n_obs: 10
data_preparation: 3.5751614570617676
writing: 1.3505933284759521
reading: 1.5012590885162354
data_fitting: 0.6651828289031982
flux_point: 6.454012632369995
