n_obs: 10
data_preparation: 8.99889850616455
writing: 2.1001760959625244
reading: 3.0531249046325684
data_fitting: 1.1803886890411377
flux_point: 10.330827713012695
