n_obs: 10
data_preparation: 3.684276819229126
writing: 1.3681857585906982
reading: 1.5223593711853027
data_fitting: 0.6822373867034912
flux_point: 6.624490737915039
