n_obs: 10
data_preparation: 5.9891510009765625
writing: 1.807384729385376
reading: 2.4727365970611572
data_fitting: 1.5408053398132324
flux_point: 17.284965753555298
