n_obs: 10
data_preparation: 6.905813455581665
writing: 1.9283158779144287
reading: 2.3656930923461914
data_fitting: 1.8544931411743164
flux_point: 22.54167604446411
