n_obs: 10
data_preparation: 3.576239824295044
writing: 1.3250322341918945
reading: 1.475489854812622
data_fitting: 0.6636157035827637
flux_point: 6.384321689605713
