n_obs: 10
data_preparation: 7.929089784622192
writing: 1.9353160858154297
reading: 2.811150312423706
data_fitting: 1.8295834064483643
flux_point: 20.76786184310913
