n_obs: 10
data_preparation: 3.63004994392395
writing: 1.3506953716278076
reading: 1.4832968711853027
data_fitting: 0.679145097732544
flux_point: 6.44884467124939
