n_obs: 10
data_preparation: 6.815121173858643
writing: 1.5686583518981934
reading: 1.831758975982666
data_fitting: 0.695178747177124
flux_point: 27.942825317382812
