n_obs: 10
data_preparation: 7.415724992752075
writing: 1.7378804683685303
reading: 2.5421674251556396
data_fitting: 0.9695684909820557
flux_point: 8.665152072906494
