n_obs: 10
data_preparation: 4.727558374404907
writing: 1.549811840057373
reading: 1.8831982612609863
data_fitting: 6.115518808364868
flux_point: 58.8437237739563
