n_obs: 10
data_preparation: 4.546373605728149
writing: 1.492340326309204
reading: 1.864563226699829
data_fitting: 0.693387508392334
flux_point: 6.673619747161865
