n_obs: 10
data_preparation: 4.245005130767822
writing: 1.566030740737915
reading: 1.7864329814910889
data_fitting: 2.961535930633545
flux_point: 30.82948327064514
