n_obs: 10
data_preparation: 3.8121466636657715
writing: 1.2781779766082764
reading: 1.690929651260376
data_fitting: 0.8449654579162598
flux_point: 7.260127067565918
