n_obs: 10
data_preparation: 3.731346368789673
writing: 1.427119493484497
reading: 1.5494310855865479
data_fitting: 0.7047202587127686
flux_point: 6.129467487335205
