n_obs: 10
data_preparation: 3.6149861812591553
writing: 1.3560402393341064
reading: 1.5122454166412354
data_fitting: 0.6733601093292236
flux_point: 6.551010370254517
