n_obs: 10
data_preparation: 7.047051429748535
writing: 1.9678616523742676
reading: 2.301737070083618
data_fitting: 1.8254988193511963
flux_point: 22.52334451675415
