n_obs: 10
data_preparation: 8.028602361679077
writing: 1.9005916118621826
reading: 2.4549388885498047
data_fitting: 2.5873849391937256
flux_point: 82.53966808319092
