n_obs: 10
data_preparation: 4.657503366470337
writing: 1.4928159713745117
reading: 1.8742907047271729
data_fitting: 0.7039532661437988
flux_point: 6.75015115737915
