n_obs: 10
data_preparation: 6.574050664901733
writing: 1.6045362949371338
reading: 2.3176512718200684
data_fitting: 1.5455899238586426
flux_point: 18.036736488342285
