n_obs: 10
data_preparation: 6.707003593444824
writing: 1.7594332695007324
reading: 2.308366060256958
data_fitting: 1.4698131084442139
flux_point: 29.857414960861206
