n_obs: 10
data_preparation: 3.4423255920410156
writing: 1.161407232284546
reading: 1.555330514907837
data_fitting: 0.8568673133850098
flux_point: 6.904415607452393
