n_obs: 10
data_preparation: 6.332873106002808
writing: 1.5916650295257568
reading: 2.273632049560547
data_fitting: 1.4447991847991943
flux_point: 21.418782472610474
