n_obs: 10
data_preparation: 8.99266505241394
writing: 2.085184335708618
reading: 2.938552141189575
data_fitting: 1.2959294319152832
flux_point: 11.253387689590454
