n_obs: 10
data_preparation: 3.3870909214019775
writing: 2.2186672687530518
reading: 2.002943992614746
data_fitting: 0.8496866226196289
flux_point: 10.252703428268433
