n_obs: 10
data_preparation: 4.121319055557251
writing: 1.4922213554382324
reading: 1.7468819618225098
data_fitting: 0.7675957679748535
flux_point: 6.820387363433838
