n_obs: 10
data_preparation: 3.705763339996338
writing: 1.4066667556762695
reading: 1.5303277969360352
data_fitting: 0.6855158805847168
flux_point: 6.552195310592651
