n_obs: 10
data_preparation: 3.6015191078186035
writing: 1.3175415992736816
reading: 1.5793755054473877
data_fitting: 0.8146607875823975
flux_point: 7.126500129699707
