n_obs: 10
data_preparation: 6.563505411148071
writing: 1.5202229022979736
reading: 1.7710590362548828
data_fitting: 1.7982673645019531
flux_point: 55.26609420776367
