n_obs: 10
data_preparation: 4.641165256500244
writing: 1.5025558471679688
reading: 1.865664005279541
data_fitting: 0.6988041400909424
flux_point: 6.79183030128479
