n_obs: 10
data_preparation: 5.039083957672119
writing: 1.7678990364074707
reading: 2.1394660472869873
data_fitting: 3.5109686851501465
flux_point: 36.35923767089844
