n_obs: 10
data_preparation: 3.222977638244629
writing: 1.9656987190246582
reading: 1.7027809619903564
data_fitting: 0.7477173805236816
flux_point: 7.997273206710815
