n_obs: 10
data_preparation: 8.345333576202393
writing: 1.986156940460205
reading: 2.8769781589508057
data_fitting: 1.328148603439331
flux_point: 10.549625396728516
