n_obs: 10
data_preparation: 4.735095500946045
writing: 1.6467065811157227
reading: 1.9334869384765625
data_fitting: 0.7183592319488525
flux_point: 6.948644399642944
