n_obs: 10
data_preparation: 3.323073625564575
writing: 2.1436588764190674
reading: 1.9361944198608398
data_fitting: 0.8174123764038086
flux_point: 8.177812337875366
