n_obs: 10
data_preparation: 7.693931579589844
writing: 2.011845111846924
reading: 2.7334256172180176
data_fitting: 1.8633534908294678
flux_point: 21.324201583862305
