n_obs: 10
data_preparation: 6.551054954528809
writing: 1.5982723236083984
reading: 2.324918270111084
data_fitting: 1.6142840385437012
flux_point: 17.6677565574646
