n_obs: 10
data_preparation: 5.986706972122192
writing: 1.9548940658569336
reading: 2.4091684818267822
data_fitting: 4.71849799156189
flux_point: 48.706867694854736
