n_obs: 10
data_preparation: 4.021981716156006
writing: 1.4262890815734863
reading: 1.6834335327148438
data_fitting: 0.7147841453552246
flux_point: 6.583744764328003
