n_obs: 10
data_preparation: 6.433672189712524
writing: 1.6078572273254395
reading: 2.222078561782837
data_fitting: 1.5167925357818604
flux_point: 17.639906644821167
