n_obs: 10
data_preparation: 3.643360137939453
writing: 1.3991823196411133
reading: 1.536280632019043
data_fitting: 0.6923811435699463
flux_point: 6.4728124141693115
