n_obs: 10
data_preparation: 4.524993896484375
writing: 1.5558066368103027
reading: 1.8798766136169434
data_fitting: 0.7123677730560303
flux_point: 6.785743474960327
