n_obs: 10
data_preparation: 10.568382978439331
writing: 1.9420051574707031
reading: 2.641859769821167
data_fitting: 1.0492136478424072
flux_point: 9.844894409179688
