n_obs: 10
data_preparation: 3.7155754566192627
writing: 2.422668218612671
reading: 2.1179399490356445
data_fitting: 0.9448838233947754
flux_point: 9.54805612564087
