n_obs: 10
data_preparation: 4.29742956161499
writing: 1.4841551780700684
reading: 1.8395285606384277
data_fitting: 0.7713053226470947
flux_point: 7.0552144050598145
