n_obs: 10
data_preparation: 8.419041395187378
writing: 2.5358431339263916
reading: 3.5356180667877197
data_fitting: 2.4915382862091064
flux_point: 29.69601798057556
