n_obs: 10
data_preparation: 6.525202989578247
writing: 1.6319196224212646
reading: 2.3146708011627197
data_fitting: 1.5050139427185059
flux_point: 17.392875909805298
