n_obs: 10
data_preparation: 4.022112846374512
writing: 1.4435043334960938
reading: 1.68721604347229
data_fitting: 0.7175610065460205
flux_point: 6.567043781280518
