n_obs: 10
data_preparation: 4.430735349655151
writing: 1.5022566318511963
reading: 1.857785701751709
data_fitting: 0.7770111560821533
flux_point: 7.144016742706299
