n_obs: 10
data_preparation: 9.111703395843506
writing: 2.478590726852417
reading: 3.4335923194885254
data_fitting: 2.4963364601135254
flux_point: 29.69345760345459
