n_obs: 10
data_preparation: 3.4493417739868164
writing: 1.1425609588623047
reading: 1.512603759765625
data_fitting: 0.7918083667755127
flux_point: 6.882318735122681
