n_obs: 10
data_preparation: 4.86646842956543
writing: 1.5536768436431885
reading: 1.8997840881347656
data_fitting: 0.7062079906463623
flux_point: 6.8037519454956055
