n_obs: 10
data_preparation: 3.5186562538146973
writing: 2.26655912399292
reading: 2.0797340869903564
data_fitting: 0.8825395107269287
flux_point: 8.878278493881226
