n_obs: 10
data_preparation: 8.901178359985352
writing: 2.2745418548583984
reading: 3.3299062252044678
data_fitting: 2.402827024459839
flux_point: 27.889458894729614
