n_obs: 10
data_preparation: 6.5303239822387695
writing: 1.644897222518921
reading: 2.3166089057922363
data_fitting: 1.445359230041504
flux_point: 16.498005390167236
