n_obs: 10
data_preparation: 3.6972663402557373
writing: 1.4176216125488281
reading: 1.535043716430664
data_fitting: 0.7005071640014648
flux_point: 6.672263145446777
