n_obs: 10
data_preparation: 6.776142120361328
writing: 2.0487260818481445
reading: 2.7858362197875977
data_fitting: 1.7816753387451172
flux_point: 19.88622212409973
