n_obs: 10
data_preparation: 6.677536249160767
writing: 1.9220216274261475
reading: 2.349717378616333
data_fitting: 1.778291940689087
flux_point: 22.006997108459473
