n_obs: 10
data_preparation: 3.4159860610961914
writing: 2.261502265930176
reading: 2.031372308731079
data_fitting: 0.8678650856018066
flux_point: 10.450342178344727
