n_obs: 10
data_preparation: 3.70837140083313
writing: 1.3978495597839355
reading: 1.5271828174591064
data_fitting: 0.6871812343597412
flux_point: 6.546748399734497
