n_obs: 10
data_preparation: 6.5911126136779785
writing: 1.6268503665924072
reading: 2.3781280517578125
data_fitting: 1.510030746459961
flux_point: 22.73130512237549
