n_obs: 10
data_preparation: 5.406219244003296
writing: 2.111248731613159
reading: 2.3703110218048096
data_fitting: 4.310391187667847
flux_point: 198.42357397079468
