n_obs: 10
data_preparation: 4.565722465515137
writing: 1.562373161315918
reading: 1.8844692707061768
data_fitting: 0.7070620059967041
flux_point: 6.769341945648193
