n_obs: 10
data_preparation: 3.4315919876098633
writing: 2.0275886058807373
reading: 1.745182752609253
data_fitting: 0.7632052898406982
flux_point: 8.215813875198364
