n_obs: 10
data_preparation: 6.475800514221191
writing: 1.9335036277770996
reading: 2.703514575958252
data_fitting: 1.646575689315796
flux_point: 19.31222414970398
