n_obs: 10
data_preparation: 3.5833725929260254
writing: 1.2205073833465576
reading: 1.6152076721191406
data_fitting: 0.8030045032501221
flux_point: 7.097667455673218
