n_obs: 10
data_preparation: 5.951311349868774
writing: 1.7722127437591553
reading: 2.4762351512908936
data_fitting: 1.6341373920440674
flux_point: 17.68004059791565
