n_obs: 10
data_preparation: 9.113165855407715
writing: 1.6599464416503906
reading: 2.2232606410980225
data_fitting: 0.8362960815429688
flux_point: 7.906230926513672
