n_obs: 10
data_preparation: 8.921718120574951
writing: 2.0205395221710205
reading: 2.8251945972442627
data_fitting: 1.103485345840454
flux_point: 11.240724086761475
