n_obs: 10
data_preparation: 3.5209102630615234
writing: 1.1719868183135986
reading: 1.5507559776306152
data_fitting: 0.8605279922485352
flux_point: 6.977442502975464
