n_obs: 10
data_preparation: 6.8054211139678955
writing: 1.6456947326660156
reading: 2.4382667541503906
data_fitting: 1.5494813919067383
flux_point: 18.126341581344604
