n_obs: 10
data_preparation: 5.342501401901245
writing: 1.3796637058258057
reading: 1.6862213611602783
data_fitting: 1.1963891983032227
flux_point: 14.637359380722046
