n_obs: 10
data_preparation: 3.544400215148926
writing: 1.3911824226379395
reading: 1.527282476425171
data_fitting: 0.819826602935791
flux_point: 6.619279146194458
