n_obs: 10
data_preparation: 6.397172212600708
writing: 1.5331854820251465
reading: 2.275763988494873
data_fitting: 1.4808735847473145
flux_point: 17.43476915359497
