n_obs: 10
data_preparation: 3.75114107131958
writing: 1.2547411918640137
reading: 1.6627416610717773
data_fitting: 0.8275890350341797
flux_point: 7.242414951324463
