n_obs: 10
data_preparation: 3.611760377883911
writing: 1.3696098327636719
reading: 1.52193021774292
data_fitting: 0.6903724670410156
flux_point: 6.074793815612793
