n_obs: 10
data_preparation: 4.399113655090332
writing: 1.5190813541412354
reading: 1.8981549739837646
data_fitting: 0.7755775451660156
flux_point: 7.23680853843689
