n_obs: 10
data_preparation: 3.627819776535034
writing: 2.3234567642211914
reading: 2.1595354080200195
data_fitting: 0.8769569396972656
flux_point: 8.898658752441406
