n_obs: 10
data_preparation: 8.473540782928467
writing: 2.254638433456421
reading: 3.1790924072265625
data_fitting: 2.0608396530151367
flux_point: 26.003108263015747
