n_obs: 10
data_preparation: 3.623086929321289
writing: 1.3362929821014404
reading: 1.4761841297149658
data_fitting: 0.6720921993255615
flux_point: 6.499165058135986
