n_obs: 10
data_preparation: 7.9242470264434814
writing: 2.1739065647125244
reading: 3.2680983543395996
data_fitting: 1.998121976852417
flux_point: 23.472505807876587
