n_obs: 10
data_preparation: 4.682254076004028
writing: 1.6961350440979004
reading: 2.0872039794921875
data_fitting: 3.2062387466430664
flux_point: 33.17536997795105
