n_obs: 10
data_preparation: 7.267783880233765
writing: 1.8562695980072021
reading: 2.602238178253174
data_fitting: 1.7375712394714355
flux_point: 18.996867895126343
