n_obs: 10
data_preparation: 5.644390344619751
writing: 2.169296979904175
reading: 2.6788580417633057
data_fitting: 4.255961894989014
flux_point: 44.5655632019043
