n_obs: 10
data_preparation: 11.08566951751709
writing: 2.2258522510528564
reading: 3.0068581104278564
data_fitting: 1.2224583625793457
flux_point: 11.902596235275269
