n_obs: 10
data_preparation: 8.202443361282349
writing: 1.902693510055542
reading: 2.454882860183716
data_fitting: 2.749359607696533
flux_point: 86.9411973953247
