n_obs: 10
data_preparation: 6.790540456771851
writing: 1.8913300037384033
reading: 2.322664260864258
data_fitting: 1.5789802074432373
flux_point: 19.772544384002686
