n_obs: 10
data_preparation: 3.694615364074707
writing: 1.2518222332000732
reading: 1.7115893363952637
data_fitting: 0.8439042568206787
flux_point: 7.299818754196167
