n_obs: 10
data_preparation: 3.631502866744995
writing: 1.3832736015319824
reading: 1.5136034488677979
data_fitting: 0.690997838973999
flux_point: 6.518812894821167
