n_obs: 10
data_preparation: 3.5994858741760254
writing: 1.2158007621765137
reading: 1.5929293632507324
data_fitting: 0.8085124492645264
flux_point: 6.989552974700928
