n_obs: 10
data_preparation: 6.616515636444092
writing: 2.2380499839782715
reading: 3.079468250274658
data_fitting: 12.03630805015564
flux_point: 119.02544617652893
