n_obs: 10
data_preparation: 6.018445253372192
writing: 1.8072192668914795
reading: 2.521754503250122
data_fitting: 1.6499290466308594
flux_point: 17.80798649787903
