n_obs: 10
data_preparation: 7.40629506111145
writing: 1.744499683380127
reading: 2.465869903564453
data_fitting: 0.9396610260009766
flux_point: 8.539498805999756
