n_obs: 10
data_preparation: 3.453119993209839
writing: 1.164647102355957
reading: 1.5549445152282715
data_fitting: 0.7903268337249756
flux_point: 6.872425079345703
