n_obs: 10
data_preparation: 8.41715955734253
writing: 2.0036044120788574
reading: 2.3484737873077393
data_fitting: 2.625412702560425
flux_point: 77.46868062019348
