n_obs: 10
data_preparation: 11.887491941452026
writing: 2.343432664871216
reading: 3.1875455379486084
data_fitting: 1.2749395370483398
flux_point: 12.235316753387451
