n_obs: 10
data_preparation: 7.552452325820923
writing: 1.6823351383209229
reading: 2.072288751602173
data_fitting: 3.0547423362731934
flux_point: 43.75523090362549
