n_obs: 10
data_preparation: 6.040672302246094
writing: 1.6736767292022705
reading: 2.039736747741699
data_fitting: 1.2706348896026611
flux_point: 15.632152318954468
