n_obs: 10
data_preparation: 3.4357845783233643
writing: 2.19752836227417
reading: 2.002025604248047
data_fitting: 0.8667700290679932
flux_point: 8.522880554199219
