n_obs: 10
data_preparation: 9.210760116577148
writing: 1.6870028972625732
reading: 2.3038065433502197
data_fitting: 1.5159976482391357
flux_point: 17.61562466621399
