n_obs: 10
data_preparation: 6.654762506484985
writing: 1.766948938369751
reading: 2.4551186561584473
data_fitting: 1.646944522857666
flux_point: 19.594483375549316
