n_obs: 10
data_preparation: 7.398824214935303
writing: 1.7753183841705322
reading: 2.098196506500244
data_fitting: 2.0794386863708496
flux_point: 66.98269844055176
