n_obs: 10
data_preparation: 4.294799089431763
writing: 1.5234947204589844
reading: 1.724565029144287
data_fitting: 2.9892406463623047
flux_point: 31.74557328224182
