n_obs: 10
data_preparation: 6.839757442474365
writing: 2.01033353805542
reading: 2.3993759155273438
data_fitting: 1.639491081237793
flux_point: 20.410283088684082
