n_obs: 10
data_preparation: 3.474453926086426
writing: 1.1849899291992188
reading: 1.5660498142242432
data_fitting: 0.8045339584350586
flux_point: 6.924592018127441
