n_obs: 10
data_preparation: 4.383558750152588
writing: 1.5133938789367676
reading: 1.872326374053955
data_fitting: 0.7929425239562988
flux_point: 7.269161939620972
