n_obs: 10
data_preparation: 3.863154649734497
writing: 1.504363775253296
reading: 1.6787195205688477
data_fitting: 0.886150598526001
flux_point: 7.890450716018677
