n_obs: 10
data_preparation: 3.527629852294922
writing: 1.1841928958892822
reading: 1.5989770889282227
data_fitting: 0.8135538101196289
flux_point: 7.048949241638184
