n_obs: 10
data_preparation: 3.5725386142730713
writing: 1.1959545612335205
reading: 1.603715181350708
data_fitting: 0.8532049655914307
flux_point: 7.0415239334106445
