n_obs: 10
data_preparation: 3.468998670578003
writing: 2.2606587409973145
reading: 2.055072784423828
data_fitting: 0.8699889183044434
flux_point: 8.656407594680786
