n_obs: 10
data_preparation: 7.198006629943848
writing: 1.690305233001709
reading: 2.012479543685913
data_fitting: 1.9853780269622803
flux_point: 61.212543964385986
