n_obs: 10
data_preparation: 6.711663722991943
writing: 2.0585079193115234
reading: 2.8870465755462646
data_fitting: 1.8237812519073486
flux_point: 20.564209461212158
