n_obs: 10
data_preparation: 5.225871562957764
writing: 1.862576961517334
reading: 2.237637996673584
data_fitting: 3.571049451828003
flux_point: 37.01154613494873
