n_obs: 10
data_preparation: 3.7096619606018066
writing: 1.3901257514953613
reading: 1.5358200073242188
data_fitting: 0.6877293586730957
flux_point: 6.7135326862335205
