n_obs: 10
data_preparation: 3.594449043273926
writing: 1.3472862243652344
reading: 1.5003089904785156
data_fitting: 0.6795179843902588
flux_point: 6.009211540222168
