n_obs: 10
data_preparation: 4.796520709991455
writing: 1.7065036296844482
reading: 1.9979517459869385
data_fitting: 3.450033664703369
flux_point: 34.70241355895996
