n_obs: 10
data_preparation: 3.6103200912475586
writing: 1.3412833213806152
reading: 1.4990932941436768
data_fitting: 0.6896789073944092
flux_point: 6.628767728805542
