n_obs: 10
data_preparation: 6.543329477310181
writing: 1.6184861660003662
reading: 2.3539137840270996
data_fitting: 1.5511839389801025
flux_point: 18.048467874526978
