n_obs: 10
data_preparation: 6.34576940536499
writing: 1.5671947002410889
reading: 1.8249692916870117
data_fitting: 1.830754280090332
flux_point: 58.04824709892273
