n_obs: 10
data_preparation: 8.668643236160278
writing: 2.037242889404297
reading: 2.3891403675079346
data_fitting: 2.652531147003174
flux_point: 82.9623556137085
