n_obs: 10
data_preparation: 7.875542879104614
writing: 2.468508005142212
reading: 3.3829007148742676
data_fitting: 2.221597671508789
flux_point: 27.45605492591858
