n_obs: 10
data_preparation: 6.273659706115723
writing: 1.621140956878662
reading: 2.1596243381500244
data_fitting: 1.4133126735687256
flux_point: 27.769179821014404
