n_obs: 10
data_preparation: 6.5428338050842285
writing: 1.7147865295410156
reading: 2.125570058822632
data_fitting: 1.4372835159301758
flux_point: 30.604347944259644
