n_obs: 10
data_preparation: 6.59512186050415
writing: 1.8897135257720947
reading: 2.191981077194214
data_fitting: 1.3955316543579102
flux_point: 17.671864986419678
