n_obs: 10
data_preparation: 4.481848239898682
writing: 1.5656280517578125
reading: 1.8593838214874268
data_fitting: 0.7075495719909668
flux_point: 6.735092639923096
