n_obs: 10
data_preparation: 4.126812934875488
writing: 1.4499661922454834
reading: 1.703665018081665
data_fitting: 0.72469162940979
flux_point: 6.713950157165527
