n_obs: 10
data_preparation: 3.6709654331207275
writing: 1.3526530265808105
reading: 1.5145845413208008
data_fitting: 0.6841204166412354
flux_point: 6.611171722412109
