n_obs: 10
data_preparation: 11.11286473274231
writing: 1.989434003829956
reading: 2.698058605194092
data_fitting: 1.811385154724121
flux_point: 20.910751581192017
