n_obs: 10
data_preparation: 3.454922676086426
writing: 1.3074827194213867
reading: 1.427473545074463
data_fitting: 0.6665313243865967
flux_point: 5.94694185256958
