n_obs: 10
data_preparation: 6.160121202468872
writing: 1.5910301208496094
reading: 2.2416744232177734
data_fitting: 1.5616083145141602
flux_point: 18.458892822265625
