n_obs: 10
data_preparation: 5.992695093154907
writing: 1.8181450366973877
reading: 2.5210177898406982
data_fitting: 1.65004563331604
flux_point: 17.931620359420776
