n_obs: 10
data_preparation: 4.451383829116821
writing: 1.5391778945922852
reading: 1.8364436626434326
data_fitting: 0.6891682147979736
flux_point: 6.633099555969238
