n_obs: 10
data_preparation: 7.628147602081299
writing: 1.7705700397491455
reading: 2.0398077964782715
data_fitting: 2.06667160987854
flux_point: 64.19355964660645
