n_obs: 10
data_preparation: 6.910466909408569
writing: 2.3111178874969482
reading: 2.887650728225708
data_fitting: 2.753208875656128
flux_point: 26.375612258911133
