n_obs: 10
data_preparation: 9.761427879333496
writing: 2.296178102493286
reading: 3.0916075706481934
data_fitting: 1.4162156581878662
flux_point: 12.501062154769897
