n_obs: 10
data_preparation: 6.903589725494385
writing: 1.8256518840789795
reading: 2.4589126110076904
data_fitting: 1.7152783870697021
flux_point: 18.58690094947815
