n_obs: 10
data_preparation: 9.297816276550293
writing: 1.6965975761413574
reading: 2.2574284076690674
data_fitting: 0.8371832370758057
flux_point: 7.9565064907073975
