n_obs: 10
data_preparation: 3.7006075382232666
writing: 1.4174325466156006
reading: 1.5156292915344238
data_fitting: 0.6824357509613037
flux_point: 6.551602602005005
