n_obs: 10
data_preparation: 6.534340858459473
writing: 1.1139891147613525
reading: 0.8103878498077393
data_fitting: 0.6115641593933105
flux_point: 5.305553913116455
