n_obs: 10
data_preparation: 5.041346788406372
writing: 1.7898526191711426
reading: 2.1756486892700195
data_fitting: 3.426119804382324
flux_point: 36.04398226737976
