n_obs: 10
data_preparation: 6.157577276229858
writing: 1.6601557731628418
reading: 2.2183942794799805
data_fitting: 1.4748117923736572
flux_point: 16.973712921142578
