n_obs: 10
data_preparation: 3.5719947814941406
writing: 1.21433424949646
reading: 1.6320247650146484
data_fitting: 0.8237869739532471
flux_point: 7.127825498580933
