n_obs: 10
data_preparation: 3.7360329627990723
writing: 1.3797399997711182
reading: 1.5105772018432617
data_fitting: 0.7041826248168945
flux_point: 6.650735139846802
