n_obs: 10
data_preparation: 9.030474662780762
writing: 2.300910472869873
reading: 3.414212226867676
data_fitting: 2.177870750427246
flux_point: 26.476484537124634
