n_obs: 10
data_preparation: 6.829880237579346
writing: 1.6707537174224854
reading: 2.4134750366210938
data_fitting: 1.5346035957336426
flux_point: 17.964861631393433
