n_obs: 10
data_preparation: 7.5162975788116455
writing: 1.8290929794311523
reading: 2.15116810798645
data_fitting: 2.1232802867889404
flux_point: 67.85194945335388
