n_obs: 10
data_preparation: 6.2521631717681885
writing: 1.5827062129974365
reading: 2.193199872970581
data_fitting: 1.5098071098327637
flux_point: 17.322290897369385
