n_obs: 10
data_preparation: 5.014927864074707
writing: 1.797395944595337
reading: 2.1932520866394043
data_fitting: 3.6355221271514893
flux_point: 38.04094123840332
