n_obs: 10
data_preparation: 3.707746744155884
writing: 1.429171085357666
reading: 1.5330777168273926
data_fitting: 0.692471981048584
flux_point: 6.579083681106567
