n_obs: 10
data_preparation: 3.6333062648773193
writing: 1.2282133102416992
reading: 1.635291576385498
data_fitting: 0.8234784603118896
flux_point: 7.175207614898682
