n_obs: 10
data_preparation: 3.401548385620117
writing: 2.1943857669830322
reading: 1.9916069507598877
data_fitting: 0.8657443523406982
flux_point: 10.270190954208374
