n_obs: 10
data_preparation: 7.416652679443359
writing: 1.7244737148284912
reading: 2.494771957397461
data_fitting: 0.9277870655059814
flux_point: 9.580614566802979
