n_obs: 10
data_preparation: 9.306258916854858
writing: 1.68746018409729
reading: 2.2986514568328857
data_fitting: 1.5464317798614502
flux_point: 17.915466785430908
