n_obs: 10
data_preparation: 3.695390462875366
writing: 1.3516755104064941
reading: 1.537468433380127
data_fitting: 0.6952428817749023
flux_point: 6.769787788391113
