n_obs: 10
data_preparation: 7.3021080493927
writing: 2.149995803833008
reading: 2.996065378189087
data_fitting: 2.350151777267456
flux_point: 27.73016095161438
