n_obs: 10
data_preparation: 5.761242628097534
writing: 1.5840702056884766
reading: 1.889678716659546
data_fitting: 1.261134386062622
flux_point: 15.50990104675293
