n_obs: 10
data_preparation: 8.15847373008728
writing: 1.9434254169464111
reading: 2.2214152812957764
data_fitting: 0.8707001209259033
flux_point: 35.073246479034424
