n_obs: 10
data_preparation: 3.7374677658081055
writing: 1.4292185306549072
reading: 1.5693328380584717
data_fitting: 0.6814403533935547
flux_point: 6.804824352264404
