n_obs: 10
data_preparation: 8.690185070037842
writing: 2.061630964279175
reading: 2.854210376739502
data_fitting: 1.1024343967437744
flux_point: 9.848445177078247
