n_obs: 10
data_preparation: 6.4217188358306885
writing: 1.620699405670166
reading: 2.343592405319214
data_fitting: 1.4986436367034912
flux_point: 17.064422607421875
