n_obs: 10
data_preparation: 3.50449538230896
writing: 1.1853926181793213
reading: 1.54819655418396
data_fitting: 0.8034510612487793
flux_point: 6.935617208480835
