n_obs: 10
data_preparation: 5.897522211074829
writing: 1.8064954280853271
reading: 2.4856905937194824
data_fitting: 1.5409092903137207
flux_point: 17.409950494766235
