n_obs: 10
data_preparation: 4.546141624450684
writing: 1.5842194557189941
reading: 1.955317497253418
data_fitting: 0.7945425510406494
flux_point: 7.462854385375977
