n_obs: 10
data_preparation: 4.313427209854126
writing: 1.5109889507293701
reading: 1.8287193775177002
data_fitting: 3.1227035522460938
flux_point: 139.76129055023193
