n_obs: 10
data_preparation: 6.785454988479614
writing: 1.6560144424438477
reading: 2.412515163421631
data_fitting: 1.5749900341033936
flux_point: 18.486965894699097
