n_obs: 10
data_preparation: 8.50451397895813
writing: 2.1714718341827393
reading: 3.2109882831573486
data_fitting: 2.339900016784668
flux_point: 28.103886604309082
