n_obs: 10
data_preparation: 8.582119226455688
writing: 2.1816861629486084
reading: 3.110766887664795
data_fitting: 2.405381441116333
flux_point: 27.794854640960693
