n_obs: 10
data_preparation: 9.324073791503906
writing: 1.6843652725219727
reading: 2.292635917663574
data_fitting: 1.498018503189087
flux_point: 17.39318537712097
