n_obs: 10
data_preparation: 9.118906021118164
writing: 1.6670000553131104
reading: 2.215245008468628
data_fitting: 0.8365468978881836
flux_point: 7.856517314910889
