n_obs: 10
data_preparation: 4.633051156997681
writing: 1.5451133251190186
reading: 1.8901464939117432
data_fitting: 2.961623430252075
flux_point: 30.936485052108765
