n_obs: 10
data_preparation: 3.606492757797241
writing: 1.3320136070251465
reading: 1.4873380661010742
data_fitting: 0.6687836647033691
flux_point: 6.454502582550049
