n_obs: 10
data_preparation: 3.4811747074127197
writing: 1.1733474731445312
reading: 1.5667548179626465
data_fitting: 0.7837564945220947
flux_point: 6.884995222091675
