n_obs: 10
data_preparation: 5.8751795291900635
writing: 1.764045000076294
reading: 2.4538400173187256
data_fitting: 1.6213483810424805
flux_point: 17.54264211654663
