n_obs: 10
data_preparation: 3.5442185401916504
writing: 2.343449831008911
reading: 1.5831527709960938
data_fitting: 0.8207778930664062
flux_point: 7.4340455532073975
