n_obs: 10
data_preparation: 5.248079776763916
writing: 1.3127655982971191
reading: 1.6953997611999512
data_fitting: 1.1050629615783691
flux_point: 23.0641770362854
