n_obs: 10
data_preparation: 3.588911771774292
writing: 2.2873568534851074
reading: 1.9546513557434082
data_fitting: 0.8992245197296143
flux_point: 8.991157531738281
