n_obs: 10
data_preparation: 8.644919157028198
writing: 2.7550911903381348
reading: 3.7589471340179443
data_fitting: 2.4623827934265137
flux_point: 30.945141077041626
