n_obs: 10
data_preparation: 8.02615475654602
writing: 1.8777425289154053
reading: 2.5987355709075928
data_fitting: 1.0084049701690674
flux_point: 10.069701671600342
