n_obs: 10
data_preparation: 6.518038988113403
writing: 1.6162588596343994
reading: 2.348017930984497
data_fitting: 1.5047354698181152
flux_point: 17.430845975875854
