n_obs: 10
data_preparation: 3.5522847175598145
writing: 1.2022712230682373
reading: 1.6051592826843262
data_fitting: 0.8109445571899414
flux_point: 7.0131964683532715
