n_obs: 10
data_preparation: 9.007948398590088
writing: 1.6698715686798096
reading: 2.266799211502075
data_fitting: 0.8912382125854492
flux_point: 8.484760999679565
