n_obs: 10
data_preparation: 7.276759386062622
writing: 1.7152414321899414
reading: 2.414353609085083
data_fitting: 0.919032096862793
flux_point: 9.390414714813232
