n_obs: 10
data_preparation: 3.5955138206481934
writing: 2.2997355461120605
reading: 2.1249618530273438
data_fitting: 0.880753755569458
flux_point: 8.855859756469727
