n_obs: 10
data_preparation: 7.709015607833862
writing: 1.902803897857666
reading: 2.7404325008392334
data_fitting: 1.7960350513458252
flux_point: 26.594400644302368
