n_obs: 10
data_preparation: 8.023381471633911
writing: 2.0716662406921387
reading: 2.894606113433838
data_fitting: 1.8954339027404785
flux_point: 21.662902116775513
