n_obs: 10
data_preparation: 10.911475658416748
writing: 2.0099313259124756
reading: 2.6979494094848633
data_fitting: 1.0537405014038086
flux_point: 9.959943771362305
