n_obs: 10
data_preparation: 6.486709356307983
writing: 1.9237079620361328
reading: 2.628080368041992
data_fitting: 16.41370391845703
flux_point: 176.2381820678711
