n_obs: 10
data_preparation: 3.738233804702759
writing: 1.4297418594360352
reading: 1.5497024059295654
data_fitting: 0.7199611663818359
flux_point: 6.66724705696106
