n_obs: 10
data_preparation: 6.428915023803711
writing: 1.626765489578247
reading: 2.3342936038970947
data_fitting: 1.4981648921966553
flux_point: 16.99099087715149
