n_obs: 10
data_preparation: 6.9470109939575195
writing: 1.8151726722717285
reading: 2.1235551834106445
data_fitting: 1.971071481704712
flux_point: 23.714375257492065
