n_obs: 10
data_preparation: 6.680664777755737
writing: 1.6716711521148682
reading: 2.4010727405548096
data_fitting: 1.532304286956787
flux_point: 17.855814933776855
