n_obs: 10
data_preparation: 3.562288284301758
writing: 1.2103972434997559
reading: 1.634549856185913
data_fitting: 0.826378345489502
flux_point: 7.155697584152222
