n_obs: 10
data_preparation: 3.742703914642334
writing: 1.3774363994598389
reading: 1.5428307056427002
data_fitting: 0.6896517276763916
flux_point: 6.730036735534668
