n_obs: 10
data_preparation: 6.73546028137207
writing: 1.775470495223999
reading: 2.5012996196746826
data_fitting: 1.6774001121520996
flux_point: 18.420278787612915
