n_obs: 10
data_preparation: 6.868995666503906
writing: 1.8216173648834229
reading: 2.5758025646209717
data_fitting: 1.6497135162353516
flux_point: 18.65632390975952
