n_obs: 10
data_preparation: 3.7707507610321045
writing: 1.4393696784973145
reading: 1.5741183757781982
data_fitting: 0.736203670501709
flux_point: 6.985566854476929
