n_obs: 10
data_preparation: 6.015334606170654
writing: 1.6378533840179443
reading: 1.950819969177246
data_fitting: 1.6825811862945557
flux_point: 19.247352361679077
