n_obs: 10
data_preparation: 3.6038658618927
writing: 1.3230066299438477
reading: 1.591029167175293
data_fitting: 0.8251442909240723
flux_point: 7.248254776000977
