n_obs: 10
data_preparation: 5.8744847774505615
writing: 1.5685131549835205
reading: 1.9609849452972412
data_fitting: 1.2204029560089111
flux_point: 15.50177550315857
