n_obs: 10
data_preparation: 3.329983949661255
writing: 2.022968053817749
reading: 1.7352650165557861
data_fitting: 0.7599754333496094
flux_point: 8.051268339157104
