n_obs: 10
data_preparation: 3.6136956214904785
writing: 2.306074857711792
reading: 1.9667434692382812
data_fitting: 0.9069690704345703
flux_point: 9.109086275100708
