n_obs: 10
data_preparation: 3.574038028717041
writing: 1.3083343505859375
reading: 1.5791161060333252
data_fitting: 0.8212540149688721
flux_point: 7.171297073364258
