n_obs: 10
data_preparation: 3.6981399059295654
writing: 1.374232530593872
reading: 1.558833360671997
data_fitting: 0.7034692764282227
flux_point: 6.64308500289917
