n_obs: 10
data_preparation: 8.953915119171143
writing: 1.6590523719787598
reading: 2.2345590591430664
data_fitting: 0.887030839920044
flux_point: 8.391384363174438
