n_obs: 10
data_preparation: 3.545470952987671
writing: 2.2744083404541016
reading: 1.9538331031799316
data_fitting: 0.8902983665466309
flux_point: 8.961087942123413
