n_obs: 10
data_preparation: 4.307900667190552
writing: 1.4893782138824463
reading: 1.8487732410430908
data_fitting: 0.698838472366333
flux_point: 6.234574317932129
