n_obs: 10
data_preparation: 7.3672895431518555
writing: 1.7249805927276611
reading: 2.4389853477478027
data_fitting: 0.919318437576294
flux_point: 9.35811471939087
