n_obs: 10
data_preparation: 3.293712854385376
writing: 1.0047273635864258
reading: 1.4862174987792969
data_fitting: 0.7693862915039062
flux_point: 5.90405011177063
