n_obs: 10
data_preparation: 7.367713689804077
writing: 2.3175177574157715
reading: 3.155287981033325
data_fitting: 2.6269567012786865
flux_point: 24.164679288864136
