n_obs: 10
data_preparation: 8.46990156173706
writing: 2.001615285873413
reading: 2.375223159790039
data_fitting: 0.9270050525665283
flux_point: 36.87916970252991
