n_obs: 10
data_preparation: 5.723297119140625
writing: 2.2188987731933594
reading: 2.5462114810943604
data_fitting: 4.386168718338013
flux_point: 44.50293588638306
