n_obs: 10
data_preparation: 4.702437400817871
writing: 1.641174077987671
reading: 1.918524980545044
data_fitting: 0.713616132736206
flux_point: 6.8408379554748535
