n_obs: 10
data_preparation: 6.341526031494141
writing: 1.897183895111084
reading: 2.630345344543457
data_fitting: 2.184427499771118
flux_point: 18.95472550392151
