n_obs: 10
data_preparation: 4.324950456619263
writing: 1.5008978843688965
reading: 1.8716371059417725
data_fitting: 0.783027172088623
flux_point: 7.16406512260437
