n_obs: 10
data_preparation: 7.541743755340576
writing: 2.1057236194610596
reading: 2.5592544078826904
data_fitting: 1.8941173553466797
flux_point: 23.686702966690063
