n_obs: 10
data_preparation: 3.700413227081299
writing: 1.3955051898956299
reading: 1.5360326766967773
data_fitting: 0.6904988288879395
flux_point: 6.636988878250122
