n_obs: 10
data_preparation: 6.858341217041016
writing: 1.883749008178711
reading: 2.351086378097534
data_fitting: 1.7518322467803955
flux_point: 35.53162455558777
