n_obs: 10
data_preparation: 3.951765298843384
writing: 1.4447517395019531
reading: 1.6839048862457275
data_fitting: 0.7219564914703369
flux_point: 6.7293500900268555
