n_obs: 10
data_preparation: 3.589165210723877
writing: 1.2131969928741455
reading: 1.641340970993042
data_fitting: 0.8150284290313721
flux_point: 7.091899156570435
