n_obs: 10
data_preparation: 7.587224245071411
writing: 1.9590163230895996
reading: 2.8174707889556885
data_fitting: 1.974428415298462
flux_point: 23.791759490966797
