n_obs: 10
data_preparation: 3.6812000274658203
writing: 1.4014856815338135
reading: 1.5267624855041504
data_fitting: 0.6924583911895752
flux_point: 6.619291305541992
