n_obs: 10
data_preparation: 3.3934504985809326
writing: 1.055368185043335
reading: 1.5010342597961426
data_fitting: 0.8123836517333984
flux_point: 6.6662397384643555
