n_obs: 10
data_preparation: 3.6977248191833496
writing: 1.358030080795288
reading: 1.5327703952789307
data_fitting: 0.705756425857544
flux_point: 6.810017108917236
