n_obs: 10
data_preparation: 4.4922285079956055
writing: 1.544877529144287
reading: 1.8610553741455078
data_fitting: 0.6976256370544434
flux_point: 6.71405029296875
