n_obs: 10
data_preparation: 6.065866708755493
writing: 1.4486963748931885
reading: 2.1675026416778564
data_fitting: 1.549494981765747
flux_point: 16.852747440338135
