n_obs: 10
data_preparation: 3.622546434402466
writing: 1.4274406433105469
reading: 1.5554933547973633
data_fitting: 0.7169556617736816
flux_point: 6.846124649047852
