n_obs: 10
data_preparation: 9.5842866897583
writing: 1.7404298782348633
reading: 2.3614487648010254
data_fitting: 0.9338805675506592
flux_point: 8.895693063735962
