n_obs: 10
data_preparation: 3.7690114974975586
writing: 1.3985958099365234
reading: 1.5934557914733887
data_fitting: 0.7128870487213135
flux_point: 7.001380920410156
