n_obs: 10
data_preparation: 3.8560051918029785
writing: 1.4989745616912842
reading: 1.6231482028961182
data_fitting: 0.734844446182251
flux_point: 7.139241695404053
