n_obs: 10
data_preparation: 5.905495643615723
writing: 2.2141759395599365
reading: 2.6653833389282227
data_fitting: 4.230130434036255
flux_point: 44.311678647994995
