n_obs: 10
data_preparation: 7.457482576370239
writing: 1.8549678325653076
reading: 2.4650449752807617
data_fitting: 0.9398813247680664
flux_point: 8.51625919342041
