n_obs: 10
data_preparation: 3.6225199699401855
writing: 1.349670648574829
reading: 1.5173051357269287
data_fitting: 0.6751210689544678
flux_point: 6.605741739273071
