n_obs: 10
data_preparation: 4.5767717361450195
writing: 1.5531680583953857
reading: 1.8790888786315918
data_fitting: 0.7168030738830566
flux_point: 6.773791790008545
