n_obs: 10
data_preparation: 3.2855124473571777
writing: 1.101137638092041
reading: 1.4259564876556396
data_fitting: 0.7311367988586426
flux_point: 6.280422687530518
