n_obs: 10
data_preparation: 7.275794982910156
writing: 1.821385145187378
reading: 2.6463325023651123
data_fitting: 1.6865122318267822
flux_point: 25.96481442451477
