n_obs: 10
data_preparation: 7.5106494426727295
writing: 2.3371520042419434
reading: 3.1696650981903076
data_fitting: 2.6435465812683105
flux_point: 24.532076597213745
