n_obs: 10
data_preparation: 3.571993350982666
writing: 1.308953046798706
reading: 1.5774223804473877
data_fitting: 0.8160099983215332
flux_point: 7.144788980484009
