n_obs: 10
data_preparation: 3.689563751220703
writing: 1.3709652423858643
reading: 1.6294898986816406
data_fitting: 0.8416931629180908
flux_point: 7.337142467498779
