n_obs: 10
data_preparation: 5.115926265716553
writing: 1.841676950454712
reading: 2.184671640396118
data_fitting: 3.6020140647888184
flux_point: 37.12648606300354
