n_obs: 10
data_preparation: 3.7527053356170654
writing: 1.4499435424804688
reading: 1.5713574886322021
data_fitting: 0.7076659202575684
flux_point: 6.842494487762451
