n_obs: 10
data_preparation: 6.8841986656188965
writing: 2.1136298179626465
reading: 2.8955516815185547
data_fitting: 16.15337562561035
flux_point: 173.68351554870605
