n_obs: 10
data_preparation: 3.487217664718628
writing: 1.1681692600250244
reading: 1.5339062213897705
data_fitting: 0.7927026748657227
flux_point: 6.929085731506348
