n_obs: 10
data_preparation: 3.6483099460601807
writing: 1.3005962371826172
reading: 1.6021432876586914
data_fitting: 0.8398189544677734
flux_point: 7.386457443237305
