n_obs: 10
data_preparation: 5.118358373641968
writing: 1.8660027980804443
reading: 2.1406102180480957
data_fitting: 3.567094087600708
flux_point: 37.22197413444519
