n_obs: 10
data_preparation: 6.555622339248657
writing: 1.619535207748413
reading: 2.308234930038452
data_fitting: 1.5883729457855225
flux_point: 18.486714601516724
