n_obs: 10
data_preparation: 6.6725897789001465
writing: 1.9036314487457275
reading: 2.3134188652038574
data_fitting: 1.6100053787231445
flux_point: 19.9323308467865
