n_obs: 10
data_preparation: 7.519518852233887
writing: 1.8020987510681152
reading: 2.1449363231658936
data_fitting: 2.1199002265930176
flux_point: 67.55300807952881
