n_obs: 10
data_preparation: 7.73903226852417
writing: 2.4101474285125732
reading: 3.3617279529571533
data_fitting: 3.11425518989563
flux_point: 28.98989963531494
