n_obs: 10
data_preparation: 7.554639101028442
writing: 1.8140335083007812
reading: 2.292191505432129
data_fitting: 2.107667922973633
flux_point: 67.53879117965698
