n_obs: 10
data_preparation: 3.475399971008301
writing: 1.1519441604614258
reading: 1.553025722503662
data_fitting: 0.8360624313354492
flux_point: 6.880742073059082
