n_obs: 10
data_preparation: 3.6962497234344482
writing: 1.383453607559204
reading: 1.5306947231292725
data_fitting: 0.6730241775512695
flux_point: 6.551364898681641
