n_obs: 10
data_preparation: 7.995983362197876
writing: 1.9033870697021484
reading: 2.7376456260681152
data_fitting: 1.8931562900543213
flux_point: 20.55753779411316
