n_obs: 10
data_preparation: 3.7841432094573975
writing: 1.4692862033843994
reading: 1.5754342079162598
data_fitting: 0.724053144454956
flux_point: 6.979694843292236
