n_obs: 10
data_preparation: 4.6172051429748535
writing: 1.5002663135528564
reading: 1.8506739139556885
data_fitting: 0.6985766887664795
flux_point: 6.750000238418579
