n_obs: 10
data_preparation: 5.401774168014526
writing: 2.177096128463745
reading: 2.4264495372772217
data_fitting: 4.023269414901733
flux_point: 42.159759759902954
