n_obs: 10
data_preparation: 5.117693662643433
writing: 1.7517855167388916
reading: 2.0893146991729736
data_fitting: 0.7965037822723389
flux_point: 7.638286590576172
