n_obs: 10
data_preparation: 7.033463954925537
writing: 2.1363847255706787
reading: 2.9349472522735596
data_fitting: 2.169107437133789
flux_point: 26.26809525489807
