n_obs: 10
data_preparation: 3.645740270614624
writing: 1.3769989013671875
reading: 1.5379314422607422
data_fitting: 0.6939165592193604
flux_point: 6.677372932434082
