n_obs: 10
data_preparation: 4.478437662124634
writing: 1.538954734802246
reading: 1.8555748462677002
data_fitting: 0.6808185577392578
flux_point: 6.589752197265625
