n_obs: 10
data_preparation: 7.447550535202026
writing: 1.7135443687438965
reading: 2.444911003112793
data_fitting: 0.8714041709899902
flux_point: 7.876337289810181
