n_obs: 10
data_preparation: 3.534670829772949
writing: 2.284179210662842
reading: 2.078394889831543
data_fitting: 0.8835165500640869
flux_point: 8.735766649246216
