n_obs: 10
data_preparation: 6.427285432815552
writing: 1.5965566635131836
reading: 2.30614972114563
data_fitting: 1.471381425857544
flux_point: 16.91983675956726
