n_obs: 10
data_preparation: 8.75549602508545
writing: 2.2752685546875
reading: 3.233863592147827
data_fitting: 2.212459087371826
flux_point: 26.55032515525818
