n_obs: 10
data_preparation: 3.5167696475982666
writing: 1.3606655597686768
reading: 1.51322340965271
data_fitting: 0.832556962966919
flux_point: 7.246430397033691
