n_obs: 10
data_preparation: 8.36083698272705
writing: 2.1657357215881348
reading: 2.8800220489501953
data_fitting: 1.998511552810669
flux_point: 21.833715438842773
