n_obs: 10
data_preparation: 8.61811375617981
writing: 2.0371837615966797
reading: 2.8472657203674316
data_fitting: 1.1204557418823242
flux_point: 11.074697494506836
