n_obs: 10
data_preparation: 7.43578314781189
writing: 2.073981761932373
reading: 2.8822081089019775
data_fitting: 1.9237492084503174
flux_point: 20.74136185646057
