n_obs: 10
data_preparation: 3.6878788471221924
writing: 1.3896429538726807
reading: 1.5200121402740479
data_fitting: 0.6962928771972656
flux_point: 6.701066732406616
