n_obs: 10
data_preparation: 4.637512683868408
writing: 1.6403067111968994
reading: 1.9766736030578613
data_fitting: 0.7081136703491211
flux_point: 6.848609924316406
