n_obs: 10
data_preparation: 5.847613096237183
writing: 1.746941328048706
reading: 2.407449722290039
data_fitting: 1.505713939666748
flux_point: 16.909018754959106
