n_obs: 10
data_preparation: 8.338643074035645
writing: 2.253446102142334
reading: 3.119248151779175
data_fitting: 2.3855631351470947
flux_point: 29.230809450149536
