n_obs: 10
data_preparation: 6.143831968307495
writing: 1.7414579391479492
reading: 2.125579595565796
data_fitting: 1.6094300746917725
flux_point: 20.31397533416748
