n_obs: 10
data_preparation: 4.50287652015686
writing: 1.5674324035644531
reading: 1.899855375289917
data_fitting: 0.7169375419616699
flux_point: 6.950091600418091
