n_obs: 10
data_preparation: 11.557482957839966
writing: 2.1453566551208496
reading: 2.9170873165130615
data_fitting: 1.2737133502960205
flux_point: 13.122368812561035
