n_obs: 10
data_preparation: 3.2477364540100098
writing: 2.0404202938079834
reading: 1.7387056350708008
data_fitting: 0.8016550540924072
flux_point: 8.126243829727173
