n_obs: 10
data_preparation: 6.0348663330078125
writing: 2.108150005340576
reading: 2.5402469635009766
data_fitting: 8.516587018966675
flux_point: 80.75625205039978
