n_obs: 10
data_preparation: 9.198862791061401
writing: 1.6748065948486328
reading: 2.230454921722412
data_fitting: 0.8332784175872803
flux_point: 7.903343439102173
