n_obs: 10
data_preparation: 3.7070980072021484
writing: 1.3966805934906006
reading: 1.5588164329528809
data_fitting: 0.6970570087432861
flux_point: 6.184337377548218
