n_obs: 10
data_preparation: 5.886170864105225
writing: 1.779378890991211
reading: 2.4810123443603516
data_fitting: 1.647796630859375
flux_point: 17.698747158050537
