n_obs: 10
data_preparation: 3.675579309463501
writing: 1.3626365661621094
reading: 1.4848437309265137
data_fitting: 0.6735410690307617
flux_point: 6.403639316558838
