n_obs: 10
data_preparation: 6.491872310638428
writing: 1.6191356182098389
reading: 2.342677116394043
data_fitting: 1.49688720703125
flux_point: 17.178858995437622
