n_obs: 10
data_preparation: 3.5510642528533936
writing: 1.2033565044403076
reading: 1.61189603805542
data_fitting: 0.8078644275665283
flux_point: 7.013935089111328
