n_obs: 10
data_preparation: 5.316266775131226
writing: 1.8626708984375
reading: 2.1885266304016113
data_fitting: 0.827308177947998
flux_point: 7.9551122188568115
