n_obs: 10
data_preparation: 3.619265556335449
writing: 1.3581194877624512
reading: 1.5163600444793701
data_fitting: 0.6768217086791992
flux_point: 6.614749193191528
