n_obs: 10
data_preparation: 4.360676288604736
writing: 1.515716552734375
reading: 1.8697192668914795
data_fitting: 0.7832961082458496
flux_point: 7.131120443344116
