n_obs: 10
data_preparation: 5.059394359588623
writing: 1.814763069152832
reading: 2.342015504837036
data_fitting: 3.5464611053466797
flux_point: 36.8352370262146
