n_obs: 10
data_preparation: 3.5754928588867188
writing: 2.5133934020996094
reading: 1.9795126914978027
data_fitting: 0.9109101295471191
flux_point: 9.10929536819458
