n_obs: 10
data_preparation: 4.345282554626465
writing: 1.503016710281372
reading: 1.8565170764923096
data_fitting: 0.7781250476837158
flux_point: 7.145144462585449
