n_obs: 10
data_preparation: 4.871954441070557
writing: 1.177760124206543
reading: 1.705033779144287
data_fitting: 1.1311023235321045
flux_point: 13.087992668151855
