n_obs: 10
data_preparation: 6.432355642318726
writing: 1.6105356216430664
reading: 2.322327136993408
data_fitting: 1.5666944980621338
flux_point: 17.859891414642334
