n_obs: 10
data_preparation: 6.996312856674194
writing: 1.6927034854888916
reading: 2.4843292236328125
data_fitting: 1.6152629852294922
flux_point: 18.570019721984863
