n_obs: 10
data_preparation: 3.7572085857391357
writing: 1.4092686176300049
reading: 1.5405540466308594
data_fitting: 0.6840255260467529
flux_point: 6.232599258422852
