n_obs: 10
data_preparation: 3.6485793590545654
writing: 1.361285924911499
reading: 1.6197144985198975
data_fitting: 0.842287540435791
flux_point: 7.307713031768799
