n_obs: 10
data_preparation: 3.633430004119873
writing: 1.3464972972869873
reading: 1.5028140544891357
data_fitting: 0.675283670425415
flux_point: 6.541007995605469
