n_obs: 10
data_preparation: 6.200817346572876
writing: 1.8457517623901367
reading: 2.5433483123779297
data_fitting: 1.6790976524353027
flux_point: 18.531426668167114
