n_obs: 10
data_preparation: 3.696476459503174
writing: 1.3778493404388428
reading: 1.5424323081970215
data_fitting: 0.6884727478027344
flux_point: 6.58629298210144
