n_obs: 10
data_preparation: 9.146618366241455
writing: 1.6708135604858398
reading: 2.2759287357330322
data_fitting: 0.9304721355438232
flux_point: 8.292388677597046
