n_obs: 10
data_preparation: 3.5790512561798096
writing: 1.2143831253051758
reading: 1.608794927597046
data_fitting: 0.7954685688018799
flux_point: 7.058520078659058
