n_obs: 10
data_preparation: 7.978467702865601
writing: 1.7554161548614502
reading: 2.1846463680267334
data_fitting: 3.1663658618927
flux_point: 45.664531230926514
