n_obs: 10
data_preparation: 4.54041051864624
writing: 1.578883171081543
reading: 1.8800902366638184
data_fitting: 0.6903095245361328
flux_point: 6.65628981590271
