n_obs: 10
data_preparation: 5.890856981277466
writing: 1.8121447563171387
reading: 2.496845006942749
data_fitting: 2.0577964782714844
flux_point: 17.766372442245483
