n_obs: 10
data_preparation: 7.483855724334717
writing: 2.2084739208221436
reading: 3.195298194885254
data_fitting: 2.340062141418457
flux_point: 27.765272617340088
