n_obs: 10
data_preparation: 6.76460862159729
writing: 1.7877962589263916
reading: 2.326066017150879
data_fitting: 1.5244743824005127
flux_point: 31.06054997444153
