n_obs: 10
data_preparation: 5.080552816390991
writing: 1.857863426208496
reading: 2.114255428314209
data_fitting: 3.537275791168213
flux_point: 36.907620668411255
