n_obs: 10
data_preparation: 4.625074148178101
writing: 1.6909120082855225
reading: 2.0266504287719727
data_fitting: 0.7550048828125
flux_point: 7.273420333862305
