n_obs: 10
data_preparation: 3.413438320159912
writing: 1.1654853820800781
reading: 1.529827356338501
data_fitting: 0.7787902355194092
flux_point: 6.805001735687256
