n_obs: 10
data_preparation: 10.772754907608032
writing: 1.9503147602081299
reading: 2.641669988632202
data_fitting: 1.0796170234680176
flux_point: 9.752066850662231
