n_obs: 10
data_preparation: 3.5460205078125
writing: 2.2578630447387695
reading: 2.0694527626037598
data_fitting: 0.8849749565124512
flux_point: 8.704047441482544
