n_obs: 10
data_preparation: 8.362752437591553
writing: 2.178812265396118
reading: 3.017596960067749
data_fitting: 1.9724712371826172
flux_point: 22.123518705368042
