n_obs: 10
data_preparation: 12.841556310653687
writing: 2.5528438091278076
reading: 3.4265120029449463
data_fitting: 1.412398099899292
flux_point: 13.482155323028564
