n_obs: 10
data_preparation: 5.0608179569244385
writing: 1.8556406497955322
reading: 2.1208183765411377
data_fitting: 3.554973840713501
flux_point: 37.126609802246094
