n_obs: 10
data_preparation: 3.6504268646240234
writing: 1.388784646987915
reading: 1.513230562210083
data_fitting: 0.6886155605316162
flux_point: 6.501779556274414
