n_obs: 10
data_preparation: 3.722954034805298
writing: 1.4441852569580078
reading: 1.5630414485931396
data_fitting: 0.7160308361053467
flux_point: 6.857616424560547
