n_obs: 10
data_preparation: 4.009918689727783
writing: 1.437272310256958
reading: 1.669872522354126
data_fitting: 0.7322835922241211
flux_point: 6.716971397399902
