n_obs: 10
data_preparation: 6.111384391784668
writing: 1.6039032936096191
reading: 1.9845812320709229
data_fitting: 1.2397925853729248
flux_point: 15.587139129638672
