n_obs: 10
data_preparation: 5.796011447906494
writing: 1.780451774597168
reading: 2.438676595687866
data_fitting: 2.047656297683716
flux_point: 17.734313488006592
