n_obs: 10
data_preparation: 6.257017612457275
writing: 1.785449743270874
reading: 2.2231593132019043
data_fitting: 1.772010087966919
flux_point: 21.442980527877808
