n_obs: 10
data_preparation: 3.579486608505249
writing: 1.421462059020996
reading: 1.542233943939209
data_fitting: 0.8298385143280029
flux_point: 6.791109323501587
