n_obs: 10
data_preparation: 5.37847638130188
writing: 2.049609661102295
reading: 2.3768069744110107
data_fitting: 4.221434831619263
flux_point: 44.20447015762329
