n_obs: 10
data_preparation: 7.425574064254761
writing: 1.7659661769866943
reading: 2.098564863204956
data_fitting: 2.0942647457122803
flux_point: 66.93043303489685
