n_obs: 10
data_preparation: 4.276642799377441
writing: 1.4745383262634277
reading: 1.8380756378173828
data_fitting: 0.7653763294219971
flux_point: 7.0389955043792725
