n_obs: 10
data_preparation: 6.463551759719849
writing: 1.5849535465240479
reading: 2.3258450031280518
data_fitting: 1.507155418395996
flux_point: 17.41500473022461
