n_obs: 10
data_preparation: 9.69737982749939
writing: 1.7402520179748535
reading: 2.3596787452697754
data_fitting: 1.5863711833953857
flux_point: 18.506733417510986
