n_obs: 10
data_preparation: 3.5935683250427246
writing: 1.3431270122528076
reading: 1.5005826950073242
data_fitting: 0.6724393367767334
flux_point: 6.528801441192627
