n_obs: 10
data_preparation: 3.6389319896698
writing: 1.337669849395752
reading: 1.4995028972625732
data_fitting: 0.6791398525238037
flux_point: 6.546687602996826
