n_obs: 10
data_preparation: 4.717741966247559
writing: 1.857461929321289
reading: 2.107926845550537
data_fitting: 4.063338279724121
flux_point: 184.544536113739
