n_obs: 10
data_preparation: 8.511741638183594
writing: 2.018420934677124
reading: 2.3656065464019775
data_fitting: 2.690006732940674
flux_point: 79.10213899612427
