n_obs: 10
data_preparation: 6.860852003097534
writing: 1.8069477081298828
reading: 2.5126824378967285
data_fitting: 1.6206204891204834
flux_point: 18.608189582824707
