n_obs: 10
data_preparation: 3.5355172157287598
writing: 1.1757466793060303
reading: 1.6156001091003418
data_fitting: 0.8155102729797363
flux_point: 7.181829214096069
