n_obs: 10
data_preparation: 6.577803611755371
writing: 1.6267881393432617
reading: 2.3676276206970215
data_fitting: 1.5279133319854736
flux_point: 17.609652519226074
