n_obs: 10
data_preparation: 3.6741583347320557
writing: 2.3753559589385986
reading: 2.090394973754883
data_fitting: 0.9135887622833252
flux_point: 9.287498235702515
