n_obs: 10
data_preparation: 6.3022284507751465
writing: 1.7361295223236084
reading: 2.1011641025543213
data_fitting: 1.4702706336975098
flux_point: 17.77584958076477
