n_obs: 10
data_preparation: 4.4237470626831055
writing: 1.5178680419921875
reading: 1.882218837738037
data_fitting: 0.7773406505584717
flux_point: 7.185245513916016
