n_obs: 10
data_preparation: 3.5331735610961914
writing: 1.4093453884124756
reading: 1.5268139839172363
data_fitting: 0.6940882205963135
flux_point: 6.676045656204224
