n_obs: 10
data_preparation: 8.854140996932983
writing: 2.1180694103240967
reading: 2.5293312072753906
data_fitting: 4.38895058631897
flux_point: 202.05037689208984
