n_obs: 10
data_preparation: 3.836707592010498
writing: 1.4877891540527344
reading: 1.5974326133728027
data_fitting: 0.7295701503753662
flux_point: 7.048975706100464
