n_obs: 10
data_preparation: 6.458167552947998
writing: 1.5852975845336914
reading: 2.327881097793579
data_fitting: 1.4918572902679443
flux_point: 17.310855627059937
