n_obs: 10
data_preparation: 3.8040833473205566
writing: 1.4615731239318848
reading: 1.5841467380523682
data_fitting: 0.7293686866760254
flux_point: 6.889170408248901
