n_obs: 10
data_preparation: 3.668379306793213
writing: 1.3932926654815674
reading: 1.5301096439361572
data_fitting: 0.6984772682189941
flux_point: 6.093101263046265
