n_obs: 10
data_preparation: 3.704683542251587
writing: 1.3389129638671875
reading: 1.5296051502227783
data_fitting: 0.6895930767059326
flux_point: 6.74552583694458
