n_obs: 10
data_preparation: 3.6174752712249756
writing: 1.3342397212982178
reading: 1.485149621963501
data_fitting: 0.6723291873931885
flux_point: 6.5180957317352295
