n_obs: 10
data_preparation: 6.688136339187622
writing: 1.643315076828003
reading: 2.3348023891448975
data_fitting: 1.5359513759613037
flux_point: 17.709909439086914
