n_obs: 10
data_preparation: 8.04446029663086
writing: 2.228266716003418
reading: 3.231743574142456
data_fitting: 3.2499046325683594
flux_point: 35.090110301971436
