n_obs: 10
data_preparation: 3.554060220718384
writing: 1.1819658279418945
reading: 1.5833358764648438
data_fitting: 0.8055534362792969
flux_point: 7.015413761138916
