n_obs: 10
data_preparation: 3.5967366695404053
writing: 2.2948474884033203
reading: 1.9617698192596436
data_fitting: 0.8940870761871338
flux_point: 9.031689643859863
