n_obs: 10
data_preparation: 7.748492002487183
writing: 1.8460097312927246
reading: 2.134514808654785
data_fitting: 2.1145458221435547
flux_point: 67.54585456848145
