n_obs: 10
data_preparation: 3.823054075241089
writing: 1.4247794151306152
reading: 1.5950939655303955
data_fitting: 0.6954455375671387
flux_point: 6.9285054206848145
