n_obs: 10
data_preparation: 5.525304317474365
writing: 2.1626298427581787
reading: 2.5222537517547607
data_fitting: 4.3050377368927
flux_point: 44.98028016090393
