n_obs: 10
data_preparation: 4.674720525741577
writing: 1.5552585124969482
reading: 1.8895936012268066
data_fitting: 6.250723361968994
flux_point: 60.334909200668335
