n_obs: 10
data_preparation: 3.983860731124878
writing: 1.4266324043273926
reading: 1.6681694984436035
data_fitting: 0.7113699913024902
flux_point: 6.567734241485596
