n_obs: 10
data_preparation: 3.6205687522888184
writing: 1.4438815116882324
reading: 1.557213306427002
data_fitting: 0.836104154586792
flux_point: 7.381627559661865
