n_obs: 10
data_preparation: 3.4584860801696777
writing: 1.1576638221740723
reading: 1.5252313613891602
data_fitting: 0.8119745254516602
flux_point: 6.999005556106567
