n_obs: 10
data_preparation: 7.901080846786499
writing: 1.9257216453552246
reading: 2.595362663269043
data_fitting: 1.0234766006469727
flux_point: 9.86786937713623
