n_obs: 10
data_preparation: 3.6351265907287598
writing: 1.3721117973327637
reading: 1.5685701370239258
data_fitting: 0.6937906742095947
flux_point: 6.633533716201782
