n_obs: 10
data_preparation: 3.7044925689697266
writing: 1.3925657272338867
reading: 1.5464134216308594
data_fitting: 0.6914293766021729
flux_point: 6.604940891265869
