n_obs: 10
data_preparation: 6.119040489196777
writing: 1.9619810581207275
reading: 2.745650291442871
data_fitting: 1.8207924365997314
flux_point: 18.276172399520874
