n_obs: 10
data_preparation: 3.6551692485809326
writing: 1.3883605003356934
reading: 1.5376298427581787
data_fitting: 0.6907980442047119
flux_point: 6.60031270980835
