n_obs: 10
data_preparation: 6.508267641067505
writing: 2.0032143592834473
reading: 2.7192351818084717
data_fitting: 2.2347445487976074
flux_point: 18.770615577697754
