n_obs: 10
data_preparation: 3.535717487335205
writing: 1.3700623512268066
reading: 1.5368373394012451
data_fitting: 0.8366601467132568
flux_point: 7.313199520111084
