n_obs: 10
data_preparation: 5.353956699371338
writing: 2.046172857284546
reading: 2.466989278793335
data_fitting: 3.991635322570801
flux_point: 40.72692251205444
