n_obs: 10
data_preparation: 9.109523057937622
writing: 2.0979690551757812
reading: 2.968719244003296
data_fitting: 1.1638383865356445
flux_point: 11.453606605529785
