n_obs: 10
data_preparation: 6.744348049163818
writing: 1.8518736362457275
reading: 2.3330559730529785
data_fitting: 1.8349039554595947
flux_point: 34.97515559196472
