n_obs: 10
data_preparation: 3.950852394104004
writing: 1.4300901889801025
reading: 1.658278465270996
data_fitting: 0.7212307453155518
flux_point: 6.617482662200928
