n_obs: 10
data_preparation: 7.08026647567749
writing: 1.732269048690796
reading: 1.96079421043396
data_fitting: 1.9533741474151611
flux_point: 64.63329935073853
