n_obs: 10
data_preparation: 5.180642127990723
writing: 1.5736591815948486
reading: 2.1582741737365723
data_fitting: 1.8166391849517822
flux_point: 15.485589027404785
