n_obs: 10
data_preparation: 3.5215444564819336
writing: 1.1775438785552979
reading: 1.6038081645965576
data_fitting: 0.7923271656036377
flux_point: 6.991764307022095
