n_obs: 10
data_preparation: 7.0986244678497314
writing: 1.5738756656646729
reading: 2.0170319080352783
data_fitting: 2.033033609390259
flux_point: 65.81889295578003
