n_obs: 10
data_preparation: 9.282579898834229
writing: 1.7179834842681885
reading: 2.2816591262817383
data_fitting: 0.8394486904144287
flux_point: 7.948346853256226
