n_obs: 10
data_preparation: 7.761676073074341
writing: 2.32542085647583
reading: 3.1933646202087402
data_fitting: 2.9810969829559326
flux_point: 27.49655055999756
