n_obs: 10
data_preparation: 8.939150094985962
writing: 2.578619956970215
reading: 3.497502088546753
data_fitting: 2.380631923675537
flux_point: 29.333354949951172
