n_obs: 10
data_preparation: 6.3329102993011475
writing: 1.5778160095214844
reading: 2.2267282009124756
data_fitting: 1.5089106559753418
flux_point: 17.571918725967407
