n_obs: 10
data_preparation: 4.664246320724487
writing: 1.4993150234222412
reading: 1.863396167755127
data_fitting: 0.6912500858306885
flux_point: 6.721377372741699
