n_obs: 10
data_preparation: 6.2930684089660645
writing: 2.149343252182007
reading: 2.5902557373046875
data_fitting: 4.8033130168914795
flux_point: 49.58944368362427
