n_obs: 10
data_preparation: 3.548969268798828
writing: 1.1844286918640137
reading: 1.5960907936096191
data_fitting: 0.7954106330871582
flux_point: 7.004925489425659
