n_obs: 10
data_preparation: 5.842117071151733
writing: 1.8147823810577393
reading: 2.4363741874694824
data_fitting: 2.0356292724609375
flux_point: 17.594703912734985
