n_obs: 10
data_preparation: 7.594653367996216
writing: 1.8770499229431152
reading: 2.6530086994171143
data_fitting: 1.830979347229004
flux_point: 21.227282524108887
