n_obs: 10
data_preparation: 6.514971494674683
writing: 2.138944625854492
reading: 2.979302167892456
data_fitting: 11.285439729690552
flux_point: 109.84349822998047
