n_obs: 10
data_preparation: 6.47893500328064
writing: 1.6060771942138672
reading: 2.3299665451049805
data_fitting: 1.5443305969238281
flux_point: 17.853856086730957
