n_obs: 10
data_preparation: 4.4016828536987305
writing: 1.5112168788909912
reading: 1.8769397735595703
data_fitting: 0.7753453254699707
flux_point: 7.243296384811401
