n_obs: 10
data_preparation: 3.6061251163482666
writing: 1.3704767227172852
reading: 1.5162346363067627
data_fitting: 0.6759228706359863
flux_point: 6.529173851013184
