n_obs: 10
data_preparation: 8.130568027496338
writing: 1.7149324417114258
reading: 2.194643974304199
data_fitting: 2.140538454055786
flux_point: 69.63025546073914
