n_obs: 10
data_preparation: 6.313925266265869
writing: 1.6613924503326416
reading: 2.1126925945281982
data_fitting: 1.4537653923034668
flux_point: 28.091598510742188
