n_obs: 10
data_preparation: 3.3922858238220215
writing: 2.158640146255493
reading: 1.989518404006958
data_fitting: 0.8389472961425781
flux_point: 8.531455755233765
