n_obs: 10
data_preparation: 3.629502534866333
writing: 1.3349108695983887
reading: 1.5183489322662354
data_fitting: 0.6751134395599365
flux_point: 6.656024932861328
