n_obs: 10
data_preparation: 7.743402004241943
writing: 1.902221918106079
reading: 2.7638261318206787
data_fitting: 1.7835462093353271
flux_point: 26.72042679786682
