n_obs: 10
data_preparation: 6.5331573486328125
writing: 1.6178438663482666
reading: 2.354701519012451
data_fitting: 1.5021123886108398
flux_point: 17.392863035202026
