n_obs: 10
data_preparation: 7.3533384799957275
writing: 1.7408134937286377
reading: 2.0546891689300537
data_fitting: 2.8896560668945312
flux_point: 41.634586811065674
