n_obs: 10
data_preparation: 5.7174224853515625
writing: 2.1048271656036377
reading: 2.545994997024536
data_fitting: 4.440747499465942
flux_point: 45.81568002700806
