n_obs: 10
data_preparation: 10.357425689697266
writing: 1.8983147144317627
reading: 2.6285974979400635
data_fitting: 1.0335559844970703
flux_point: 9.73452639579773
