n_obs: 10
data_preparation: 4.505474805831909
writing: 1.5303831100463867
reading: 1.8436930179595947
data_fitting: 0.7005081176757812
flux_point: 6.779826879501343
