n_obs: 10
data_preparation: 7.745108127593994
writing: 2.369558334350586
reading: 3.2171127796173096
data_fitting: 19.046710968017578
flux_point: 204.3819785118103
