n_obs: 10
data_preparation: 6.595654487609863
writing: 1.6091654300689697
reading: 2.3707616329193115
data_fitting: 1.6436114311218262
flux_point: 17.747969388961792
