n_obs: 10
data_preparation: 4.51106595993042
writing: 1.4831421375274658
reading: 1.839587688446045
data_fitting: 0.690493106842041
flux_point: 6.736723184585571
