n_obs: 10
data_preparation: 7.735605478286743
writing: 1.904698371887207
reading: 2.705613136291504
data_fitting: 1.8284687995910645
flux_point: 21.00978398323059
