n_obs: 10
data_preparation: 4.672852993011475
writing: 1.5212199687957764
reading: 1.8656282424926758
data_fitting: 0.700432300567627
flux_point: 6.744683265686035
