n_obs: 10
data_preparation: 5.137410879135132
writing: 1.828787088394165
reading: 2.539536714553833
data_fitting: 9.488947629928589
flux_point: 93.37199473381042
