n_obs: 10
data_preparation: 8.10984468460083
writing: 2.1141679286956787
reading: 2.9318504333496094
data_fitting: 1.9062929153442383
flux_point: 21.62866473197937
