n_obs: 10
data_preparation: 3.5692384243011475
writing: 1.4204175472259521
reading: 1.5541281700134277
data_fitting: 0.8455722332000732
flux_point: 7.354724884033203
