n_obs: 10
data_preparation: 5.846862077713013
writing: 1.7841784954071045
reading: 2.445930242538452
data_fitting: 1.525305986404419
flux_point: 17.205060958862305
