n_obs: 10
data_preparation: 3.6871023178100586
writing: 1.3827431201934814
reading: 1.553328514099121
data_fitting: 0.6991794109344482
flux_point: 6.653232574462891
