n_obs: 10
data_preparation: 3.6060495376586914
writing: 1.2010047435760498
reading: 1.6141643524169922
data_fitting: 0.8701968193054199
flux_point: 7.090433120727539
