n_obs: 10
data_preparation: 4.549884557723999
writing: 1.570775032043457
reading: 1.9077427387237549
data_fitting: 0.7134017944335938
flux_point: 6.808513641357422
