n_obs: 10
data_preparation: 6.966120004653931
writing: 2.0603621006011963
reading: 2.769505023956299
data_fitting: 2.373190402984619
flux_point: 20.95249104499817
