n_obs: 10
data_preparation: 3.6123600006103516
writing: 1.3984184265136719
reading: 1.5770978927612305
data_fitting: 0.8452415466308594
flux_point: 7.47214674949646
