n_obs: 10
data_preparation: 6.4377758502960205
writing: 1.8065762519836426
reading: 2.528541326522827
data_fitting: 1.685523271560669
flux_point: 18.41226577758789
