n_obs: 10
data_preparation: 3.5330958366394043
writing: 1.1951539516448975
reading: 1.6158058643341064
data_fitting: 0.8089118003845215
flux_point: 7.036047458648682
