n_obs: 10
data_preparation: 3.715186595916748
writing: 1.4490931034088135
reading: 1.59421968460083
data_fitting: 0.861358642578125
flux_point: 7.53782844543457
