n_obs: 10
data_preparation: 5.829198360443115
writing: 1.7681934833526611
reading: 2.429814577102661
data_fitting: 1.5227389335632324
flux_point: 17.123872756958008
