n_obs: 10
data_preparation: 4.468443155288696
writing: 1.5490179061889648
reading: 1.9212884902954102
data_fitting: 0.8072926998138428
flux_point: 7.351310729980469
