n_obs: 10
data_preparation: 4.662615776062012
writing: 1.6338739395141602
reading: 1.9324398040771484
data_fitting: 0.71988844871521
flux_point: 6.936542749404907
