n_obs: 10
data_preparation: 5.923449754714966
writing: 1.7992069721221924
reading: 2.473869800567627
data_fitting: 1.5340478420257568
flux_point: 17.404783964157104
