n_obs: 10
data_preparation: 3.3167474269866943
writing: 1.0747389793395996
reading: 1.442847490310669
data_fitting: 0.7371907234191895
flux_point: 6.354758262634277
