n_obs: 10
data_preparation: 7.765149831771851
writing: 2.381166696548462
reading: 3.3704676628112793
data_fitting: 3.134385347366333
flux_point: 28.99858260154724
