n_obs: 10
data_preparation: 8.760601997375488
writing: 2.2708945274353027
reading: 3.230952262878418
data_fitting: 2.2921626567840576
flux_point: 28.995941877365112
