n_obs: 10
data_preparation: 6.2224650382995605
writing: 1.609480619430542
reading: 1.9358417987823486
data_fitting: 1.337507963180542
flux_point: 16.95561408996582
