n_obs: 10
data_preparation: 6.634138107299805
writing: 1.6381494998931885
reading: 2.394491195678711
data_fitting: 1.5064399242401123
flux_point: 17.454981565475464
