n_obs: 10
data_preparation: 4.494945764541626
writing: 1.5661768913269043
reading: 1.9668147563934326
data_fitting: 0.7974948883056641
flux_point: 7.470312595367432
