n_obs: 10
data_preparation: 3.5582165718078613
writing: 1.202327013015747
reading: 1.616452693939209
data_fitting: 0.8042526245117188
flux_point: 7.0268895626068115
