n_obs: 10
data_preparation: 3.77188777923584
writing: 1.4434888362884521
reading: 1.615560531616211
data_fitting: 0.8263130187988281
flux_point: 7.322251558303833
