n_obs: 10
data_preparation: 7.144458532333374
writing: 1.753507137298584
reading: 2.4016308784484863
data_fitting: 1.6638784408569336
flux_point: 19.16272211074829
