n_obs: 10
data_preparation: 6.420511245727539
writing: 1.589125633239746
reading: 2.2922956943511963
data_fitting: 1.516974925994873
flux_point: 17.673512935638428
