n_obs: 10
data_preparation: 6.908261299133301
writing: 1.8521487712860107
reading: 2.4117326736450195
data_fitting: 1.5308749675750732
flux_point: 31.460448265075684
