n_obs: 10
data_preparation: 3.635484457015991
writing: 1.345503330230713
reading: 1.4940922260284424
data_fitting: 0.6782207489013672
flux_point: 6.5462806224823
