n_obs: 10
data_preparation: 5.951711416244507
writing: 1.8045194149017334
reading: 2.500760793685913
data_fitting: 1.5287325382232666
flux_point: 17.281022548675537
