n_obs: 10
data_preparation: 3.6551425457000732
writing: 1.2400217056274414
reading: 1.632321834564209
data_fitting: 0.833014965057373
flux_point: 7.231774806976318
