n_obs: 10
data_preparation: 7.914317607879639
writing: 1.9493021965026855
reading: 2.8892152309417725
data_fitting: 1.9663941860198975
flux_point: 24.049636840820312
