n_obs: 10
data_preparation: 6.480921030044556
writing: 1.6127440929412842
reading: 2.294081926345825
data_fitting: 1.5023422241210938
flux_point: 17.361113786697388
