n_obs: 10
data_preparation: 3.69327712059021
writing: 1.474257469177246
reading: 1.5585222244262695
data_fitting: 0.8409969806671143
flux_point: 7.515523910522461
