n_obs: 10
data_preparation: 6.186436414718628
writing: 1.5651159286499023
reading: 2.1636059284210205
data_fitting: 1.4859271049499512
flux_point: 17.151095390319824
