n_obs: 10
data_preparation: 6.207503795623779
writing: 1.6680703163146973
reading: 2.2309467792510986
data_fitting: 1.4755072593688965
flux_point: 17.07592511177063
