n_obs: 10
data_preparation: 8.957869291305542
writing: 1.6346843242645264
reading: 2.1693475246429443
data_fitting: 0.8239898681640625
flux_point: 7.456336498260498
