n_obs: 10
data_preparation: 3.4124655723571777
writing: 1.1281874179840088
reading: 1.4967987537384033
data_fitting: 0.731738805770874
flux_point: 6.4053802490234375
