n_obs: 10
data_preparation: 5.813855886459351
writing: 1.5201184749603271
reading: 1.8956139087677002
data_fitting: 1.3545317649841309
flux_point: 16.490832090377808
