n_obs: 10
data_preparation: 3.433828830718994
writing: 2.2376198768615723
reading: 2.037536859512329
data_fitting: 0.8709869384765625
flux_point: 10.208106994628906
