n_obs: 10
data_preparation: 10.758438348770142
writing: 2.6093406677246094
reading: 3.69946551322937
data_fitting: 1.4774281978607178
flux_point: 13.642150163650513
