n_obs: 10
data_preparation: 7.09686279296875
writing: 1.5527756214141846
reading: 1.9832508563995361
data_fitting: 1.9100024700164795
flux_point: 63.46807265281677
