n_obs: 10
data_preparation: 3.672585964202881
writing: 1.4484238624572754
reading: 1.5899698734283447
data_fitting: 0.8433017730712891
flux_point: 7.470226526260376
