n_obs: 10
data_preparation: 6.625512361526489
writing: 1.6436002254486084
reading: 2.3652541637420654
data_fitting: 1.5023269653320312
flux_point: 17.339812517166138
