n_obs: 10
data_preparation: 6.731542587280273
writing: 1.975381851196289
reading: 2.7381181716918945
data_fitting: 1.842320442199707
flux_point: 20.307878494262695
