n_obs: 10
data_preparation: 7.173600196838379
writing: 2.121420383453369
reading: 2.95062255859375
data_fitting: 1.896413803100586
flux_point: 20.842642545700073
