n_obs: 10
data_preparation: 3.473148822784424
writing: 1.1769111156463623
reading: 1.5594029426574707
data_fitting: 0.7840843200683594
flux_point: 6.878037452697754
