n_obs: 10
data_preparation: 6.482051849365234
writing: 1.6192502975463867
reading: 2.3334882259368896
data_fitting: 1.5510993003845215
flux_point: 17.09640407562256
