n_obs: 10
data_preparation: 4.384773254394531
writing: 1.5332081317901611
reading: 1.8081474304199219
data_fitting: 0.6897268295288086
flux_point: 6.540786504745483
