n_obs: 10
data_preparation: 3.4205572605133057
writing: 1.1556756496429443
reading: 1.5096309185028076
data_fitting: 0.7807559967041016
flux_point: 6.805593967437744
