n_obs: 10
data_preparation: 4.850882053375244
writing: 1.5446033477783203
reading: 1.917978286743164
data_fitting: 0.7053432464599609
flux_point: 6.764410018920898
