n_obs: 10
data_preparation: 5.9137609004974365
writing: 1.7948362827301025
reading: 2.450040340423584
data_fitting: 1.527817964553833
flux_point: 17.226848125457764
