n_obs: 10
data_preparation: 3.5009994506835938
writing: 2.225346803665161
reading: 2.0509233474731445
data_fitting: 0.8664102554321289
flux_point: 10.266576290130615
