n_obs: 10
data_preparation: 9.279824018478394
writing: 1.681382417678833
reading: 2.2465972900390625
data_fitting: 1.472062349319458
flux_point: 17.012519121170044
