n_obs: 10
data_preparation: 5.329056739807129
writing: 2.1054224967956543
reading: 2.4354774951934814
data_fitting: 4.3371477127075195
flux_point: 200.918940782547
