n_obs: 10
data_preparation: 3.518521308898926
writing: 1.1851956844329834
reading: 1.563950777053833
data_fitting: 0.8577544689178467
flux_point: 7.030884504318237
