n_obs: 10
data_preparation: 6.289219856262207
writing: 1.6017632484436035
reading: 2.203012228012085
data_fitting: 1.5058925151824951
flux_point: 17.30281138420105
