n_obs: 10
data_preparation: 8.00351357460022
writing: 2.0750458240509033
reading: 2.9065425395965576
data_fitting: 1.9384393692016602
flux_point: 21.156652450561523
