n_obs: 10
data_preparation: 6.972272634506226
writing: 1.8773479461669922
reading: 2.3803274631500244
data_fitting: 1.5538244247436523
flux_point: 32.95460486412048
