n_obs: 10
data_preparation: 3.58537220954895
writing: 1.205162525177002
reading: 1.6099016666412354
data_fitting: 0.7992949485778809
flux_point: 7.0763280391693115
