n_obs: 10
data_preparation: 9.596057891845703
writing: 2.27594256401062
reading: 3.4463977813720703
data_fitting: 1.4131097793579102
flux_point: 11.338406801223755
