n_obs: 10
data_preparation: 4.484934568405151
writing: 1.5519523620605469
reading: 1.8541812896728516
data_fitting: 0.7013943195343018
flux_point: 6.771640062332153
