n_obs: 10
data_preparation: 3.622479200363159
writing: 1.2138824462890625
reading: 1.6296417713165283
data_fitting: 0.8235008716583252
flux_point: 7.195969104766846
