n_obs: 10
data_preparation: 10.115448236465454
writing: 2.5442261695861816
reading: 3.796583652496338
data_fitting: 3.495985507965088
flux_point: 33.31245708465576
