n_obs: 10
data_preparation: 5.771367073059082
writing: 1.5474281311035156
reading: 1.8397815227508545
data_fitting: 1.3499338626861572
flux_point: 16.64755392074585
