n_obs: 10
data_preparation: 6.4994823932647705
writing: 1.6065826416015625
reading: 2.3467977046966553
data_fitting: 1.518580436706543
flux_point: 17.568363904953003
