n_obs: 10
data_preparation: 4.519146919250488
writing: 1.5702097415924072
reading: 1.8740923404693604
data_fitting: 0.7152059078216553
flux_point: 6.876217365264893
