n_obs: 10
data_preparation: 9.89898419380188
writing: 2.4823265075683594
reading: 3.4121055603027344
data_fitting: 1.507044792175293
flux_point: 12.824277639389038
