n_obs: 10
data_preparation: 5.798572301864624
writing: 1.6364493370056152
reading: 1.8947548866271973
data_fitting: 1.3280930519104004
flux_point: 16.529037714004517
