n_obs: 10
data_preparation: 4.696789503097534
writing: 1.6049692630767822
reading: 1.9120090007781982
data_fitting: 0.7105708122253418
flux_point: 6.850920677185059
