n_obs: 10
data_preparation: 3.6201817989349365
writing: 1.3395106792449951
reading: 1.4949865341186523
data_fitting: 0.671891450881958
flux_point: 6.4051103591918945
