n_obs: 10
data_preparation: 9.239976406097412
writing: 2.3298957347869873
reading: 2.614557981491089
data_fitting: 4.744194030761719
flux_point: 214.7797336578369
