n_obs: 10
data_preparation: 6.710141181945801
writing: 1.4793167114257812
reading: 1.8975799083709717
data_fitting: 1.893634557723999
flux_point: 61.105010986328125
