n_obs: 10
data_preparation: 6.90308141708374
writing: 1.8238019943237305
reading: 2.235992431640625
data_fitting: 1.8079462051391602
flux_point: 35.41072678565979
