n_obs: 10
data_preparation: 9.289040565490723
writing: 1.6739308834075928
reading: 2.241917133331299
data_fitting: 1.4870095252990723
flux_point: 17.11387348175049
