n_obs: 10
data_preparation: 3.7498021125793457
writing: 1.2592597007751465
reading: 1.7046122550964355
data_fitting: 0.8502466678619385
flux_point: 7.419038772583008
