n_obs: 10
data_preparation: 6.80549955368042
writing: 1.5623226165771484
reading: 2.201176881790161
data_fitting: 1.5414977073669434
flux_point: 16.684313535690308
