n_obs: 10
data_preparation: 6.3723227977752686
writing: 1.6088714599609375
reading: 2.0765483379364014
data_fitting: 1.437720537185669
flux_point: 28.201308727264404
