n_obs: 10
data_preparation: 3.966841697692871
writing: 1.4131498336791992
reading: 1.655393362045288
data_fitting: 0.7201197147369385
flux_point: 6.656603097915649
