n_obs: 10
data_preparation: 7.0449512004852295
writing: 1.6737701892852783
reading: 1.9917643070220947
data_fitting: 1.9613502025604248
flux_point: 63.66695976257324
