n_obs: 10
data_preparation: 7.995649337768555
writing: 2.610776424407959
reading: 3.5399794578552246
data_fitting: 3.001668691635132
flux_point: 27.131335973739624
