n_obs: 10
data_preparation: 3.5465657711029053
writing: 1.1713385581970215
reading: 1.6040873527526855
data_fitting: 0.8126420974731445
flux_point: 6.94493842124939
