n_obs: 10
data_preparation: 3.638106346130371
writing: 1.35935640335083
reading: 1.517357587814331
data_fitting: 0.6771883964538574
flux_point: 6.627674579620361
