n_obs: 10
data_preparation: 3.6239631175994873
writing: 1.3250350952148438
reading: 1.4845044612884521
data_fitting: 0.675300121307373
flux_point: 6.488351106643677
