n_obs: 10
data_preparation: 5.648194074630737
writing: 1.7429509162902832
reading: 1.9577553272247314
data_fitting: 1.2527611255645752
flux_point: 14.998615026473999
