n_obs: 10
data_preparation: 6.610658884048462
writing: 1.5541675090789795
reading: 1.803297758102417
data_fitting: 3.141340732574463
flux_point: 145.4663863182068
