n_obs: 10
data_preparation: 7.832371473312378
writing: 1.8149001598358154
reading: 2.1240949630737305
data_fitting: 2.12860107421875
flux_point: 66.5065746307373
