n_obs: 10
data_preparation: 4.348383188247681
writing: 1.4960851669311523
reading: 1.8445322513580322
data_fitting: 0.7726309299468994
flux_point: 7.075448274612427
