n_obs: 10
data_preparation: 6.602984666824341
writing: 2.0055739879608154
reading: 2.7591259479522705
data_fitting: 2.3073086738586426
flux_point: 20.215537786483765
