n_obs: 10
data_preparation: 3.323315143585205
writing: 2.0106515884399414
reading: 1.7219288349151611
data_fitting: 0.763707160949707
flux_point: 8.044212818145752
