n_obs: 10
data_preparation: 6.819959402084351
writing: 2.0279808044433594
reading: 2.6414761543273926
data_fitting: 2.2835521697998047
flux_point: 19.730950355529785
