n_obs: 10
data_preparation: 3.6012959480285645
writing: 1.1979551315307617
reading: 1.6239919662475586
data_fitting: 0.8112719058990479
flux_point: 7.021958351135254
