n_obs: 10
data_preparation: 5.98034930229187
writing: 1.4786934852600098
reading: 2.140018939971924
data_fitting: 1.4198198318481445
flux_point: 16.421348810195923
