n_obs: 10
data_preparation: 3.665651559829712
writing: 1.3619813919067383
reading: 1.4869482517242432
data_fitting: 0.6741385459899902
flux_point: 6.563430547714233
