n_obs: 10
data_preparation: 7.216501951217651
writing: 1.7284207344055176
reading: 2.421600818634033
data_fitting: 0.9202144145965576
flux_point: 8.359830856323242
