n_obs: 10
data_preparation: 10.64278769493103
writing: 1.875037670135498
reading: 2.4500210285186768
data_fitting: 0.9279866218566895
flux_point: 9.443101644515991
