n_obs: 10
data_preparation: 10.594111680984497
writing: 2.5086357593536377
reading: 3.50097393989563
data_fitting: 1.444593906402588
flux_point: 13.318349123001099
