n_obs: 10
data_preparation: 3.6968564987182617
writing: 1.3538539409637451
reading: 1.522430658340454
data_fitting: 0.6906788349151611
flux_point: 6.700872421264648
