n_obs: 10
data_preparation: 9.263385772705078
writing: 2.4969329833984375
reading: 3.376253843307495
data_fitting: 2.4957969188690186
flux_point: 29.365715980529785
