n_obs: 10
data_preparation: 5.580022811889648
writing: 2.1628658771514893
reading: 2.4644198417663574
data_fitting: 4.357025146484375
flux_point: 44.070550203323364
