n_obs: 10
data_preparation: 7.471287250518799
writing: 1.8236205577850342
reading: 2.620727062225342
data_fitting: 1.7213540077209473
flux_point: 24.190223217010498
