n_obs: 10
data_preparation: 5.605047225952148
writing: 2.214853525161743
reading: 2.7372310161590576
data_fitting: 4.563734769821167
flux_point: 45.49242448806763
