n_obs: 10
data_preparation: 3.6985836029052734
writing: 1.3981835842132568
reading: 1.5333619117736816
data_fitting: 0.6915454864501953
flux_point: 6.138793230056763
