n_obs: 10
data_preparation: 8.8611478805542
writing: 1.6313023567199707
reading: 2.197577714920044
data_fitting: 0.8810081481933594
flux_point: 8.08948040008545
