n_obs: 10
data_preparation: 5.6023032665252686
writing: 1.8639543056488037
reading: 2.2481229305267334
data_fitting: 3.5783817768096924
flux_point: 37.48752236366272
