n_obs: 10
data_preparation: 6.920713901519775
writing: 1.8951785564422607
reading: 2.4230856895446777
data_fitting: 1.4967930316925049
flux_point: 18.43871235847473
