n_obs: 10
data_preparation: 8.265365362167358
writing: 1.993236780166626
reading: 2.334437608718872
data_fitting: 2.5664052963256836
flux_point: 76.99390959739685
