n_obs: 10
data_preparation: 6.279664039611816
writing: 1.7019240856170654
reading: 2.182682514190674
data_fitting: 1.3653013706207275
flux_point: 16.905829668045044
