n_obs: 10
data_preparation: 4.294436693191528
writing: 1.5440618991851807
reading: 1.8682758808135986
data_fitting: 2.981210470199585
flux_point: 31.152488231658936
