n_obs: 10
data_preparation: 3.587632417678833
writing: 1.2238516807556152
reading: 1.5793588161468506
data_fitting: 0.8540377616882324
flux_point: 6.940299034118652
