n_obs: 10
data_preparation: 6.702865839004517
writing: 1.7641863822937012
reading: 2.4568662643432617
data_fitting: 1.553504228591919
flux_point: 18.755192041397095
