n_obs: 10
data_preparation: 7.464609622955322
writing: 1.8023109436035156
reading: 2.1181530952453613
data_fitting: 2.122511386871338
flux_point: 67.64847159385681
