n_obs: 10
data_preparation: 3.56901478767395
writing: 1.2075285911560059
reading: 1.6274433135986328
data_fitting: 0.8217675685882568
flux_point: 7.15291953086853
