n_obs: 10
data_preparation: 3.4754347801208496
writing: 1.1571271419525146
reading: 1.537842035293579
data_fitting: 0.8019206523895264
flux_point: 6.913636207580566
