n_obs: 10
data_preparation: 3.6239967346191406
writing: 1.340453863143921
reading: 1.4862921237945557
data_fitting: 0.6805241107940674
flux_point: 6.396733283996582
