n_obs: 10
data_preparation: 8.121943473815918
writing: 2.1140859127044678
reading: 2.970797538757324
data_fitting: 1.957984209060669
flux_point: 22.601639986038208
