n_obs: 10
data_preparation: 3.7047317028045654
writing: 1.4046146869659424
reading: 1.5476820468902588
data_fitting: 0.6969611644744873
flux_point: 6.629086494445801
