n_obs: 10
data_preparation: 6.802726984024048
writing: 1.776637315750122
reading: 2.498246669769287
data_fitting: 1.6883623600006104
flux_point: 20.317776441574097
