n_obs: 10
data_preparation: 3.663220167160034
writing: 1.3722658157348633
reading: 1.5299291610717773
data_fitting: 0.683222770690918
flux_point: 6.764200210571289
