n_obs: 10
data_preparation: 4.477901220321655
writing: 1.5521273612976074
reading: 1.848362922668457
data_fitting: 0.6925592422485352
flux_point: 6.6611597537994385
