n_obs: 10
data_preparation: 3.6578962802886963
writing: 1.3471271991729736
reading: 1.505176067352295
data_fitting: 0.6823673248291016
flux_point: 6.608376741409302
