n_obs: 10
data_preparation: 4.557121992111206
writing: 1.5123083591461182
reading: 1.8604488372802734
data_fitting: 0.6986129283905029
flux_point: 6.768618583679199
