n_obs: 10
data_preparation: 3.744253396987915
writing: 1.4049882888793945
reading: 1.5363972187042236
data_fitting: 0.6978340148925781
flux_point: 6.760062217712402
