n_obs: 10
data_preparation: 3.6255054473876953
writing: 1.389012336730957
reading: 1.5304746627807617
data_fitting: 0.6924448013305664
flux_point: 6.55976676940918
