n_obs: 10
data_preparation: 3.5112855434417725
writing: 2.256124496459961
reading: 2.0938587188720703
data_fitting: 0.8733811378479004
flux_point: 10.417908906936646
