n_obs: 10
data_preparation: 3.353663444519043
writing: 2.0239028930664062
reading: 1.7363982200622559
data_fitting: 0.7630336284637451
flux_point: 8.141493797302246
