n_obs: 10
data_preparation: 4.579266309738159
writing: 1.5859463214874268
reading: 1.8935496807098389
data_fitting: 0.7116451263427734
flux_point: 6.844828128814697
