n_obs: 10
data_preparation: 7.880380153656006
writing: 1.9212751388549805
reading: 2.781935453414917
data_fitting: 1.8297877311706543
flux_point: 27.0605525970459
