n_obs: 10
data_preparation: 9.028226375579834
writing: 2.1052112579345703
reading: 2.8609485626220703
data_fitting: 1.1490728855133057
flux_point: 11.406413316726685
