n_obs: 10
data_preparation: 6.247961044311523
writing: 1.4072575569152832
reading: 1.782357931137085
data_fitting: 1.7960739135742188
flux_point: 58.109248638153076
