n_obs: 10
data_preparation: 5.374874114990234
writing: 1.4507055282592773
reading: 1.7617335319519043
data_fitting: 1.5353906154632568
flux_point: 18.940335035324097
