n_obs: 10
data_preparation: 7.493886470794678
writing: 1.8860211372375488
reading: 2.77360463142395
data_fitting: 2.163435935974121
flux_point: 26.228135585784912
