n_obs: 10
data_preparation: 3.5176608562469482
writing: 1.1687989234924316
reading: 1.5639798641204834
data_fitting: 0.846653938293457
flux_point: 6.965466022491455
