n_obs: 10
data_preparation: 6.585718154907227
writing: 1.6214873790740967
reading: 2.3342878818511963
data_fitting: 1.5325901508331299
flux_point: 17.937227487564087
