n_obs: 10
data_preparation: 6.49185037612915
writing: 1.6126515865325928
reading: 2.3265013694763184
data_fitting: 1.482187032699585
flux_point: 17.019439697265625
