n_obs: 10
data_preparation: 6.523701429367065
writing: 1.637260913848877
reading: 2.345120668411255
data_fitting: 1.4994137287139893
flux_point: 17.039418935775757
