n_obs: 10
data_preparation: 13.216861963272095
writing: 2.6126933097839355
reading: 3.5863242149353027
data_fitting: 1.450575828552246
flux_point: 14.172197103500366
