n_obs: 10
data_preparation: 6.30949068069458
writing: 1.6948373317718506
reading: 2.083146572113037
data_fitting: 1.2954370975494385
flux_point: 16.372501373291016
