n_obs: 10
data_preparation: 7.525079011917114
writing: 2.316530466079712
reading: 3.0721609592437744
data_fitting: 3.1028895378112793
flux_point: 28.77613925933838
