n_obs: 10
data_preparation: 3.654935598373413
writing: 1.3717949390411377
reading: 1.546067237854004
data_fitting: 0.6778848171234131
flux_point: 6.662827014923096
