n_obs: 10
data_preparation: 7.439860582351685
writing: 2.220022439956665
reading: 3.082430124282837
data_fitting: 3.0274033546447754
flux_point: 28.094216108322144
