n_obs: 10
data_preparation: 5.09256649017334
writing: 2.0042452812194824
reading: 2.3429949283599854
data_fitting: 4.214244365692139
flux_point: 43.1219003200531
