n_obs: 10
data_preparation: 9.552554607391357
writing: 1.7131876945495605
reading: 2.349155902862549
data_fitting: 1.5754315853118896
flux_point: 18.24412989616394
