n_obs: 10
data_preparation: 3.5672225952148438
writing: 1.4186322689056396
reading: 1.5433237552642822
data_fitting: 0.8361940383911133
flux_point: 7.309807777404785
