n_obs: 10
data_preparation: 6.983636856079102
writing: 2.096318006515503
reading: 2.8677115440368652
data_fitting: 1.8884456157684326
flux_point: 20.528772354125977
