n_obs: 10
data_preparation: 3.600130081176758
writing: 1.2144334316253662
reading: 1.6272358894348145
data_fitting: 0.824528694152832
flux_point: 7.137654066085815
