n_obs: 10
data_preparation: 4.361708164215088
writing: 1.5127196311950684
reading: 1.86468505859375
data_fitting: 0.7825264930725098
flux_point: 7.227630376815796
