n_obs: 10
data_preparation: 3.5091049671173096
writing: 1.1488087177276611
reading: 1.553070068359375
data_fitting: 0.8483028411865234
flux_point: 6.926454544067383
