n_obs: 10
data_preparation: 4.650776386260986
writing: 1.5907132625579834
reading: 1.9736700057983398
data_fitting: 0.7829539775848389
flux_point: 7.298310995101929
