n_obs: 10
data_preparation: 3.7609364986419678
writing: 1.440093755722046
reading: 1.5923850536346436
data_fitting: 0.7125415802001953
flux_point: 6.962803363800049
