n_obs: 10
data_preparation: 3.490647792816162
writing: 1.1691288948059082
reading: 1.550771713256836
data_fitting: 0.8137900829315186
flux_point: 7.016599178314209
