n_obs: 10
data_preparation: 5.86528754234314
writing: 1.4799730777740479
reading: 2.123138427734375
data_fitting: 1.4229092597961426
flux_point: 16.66192126274109
