n_obs: 10
data_preparation: 3.412099838256836
writing: 2.2053637504577637
reading: 1.9050416946411133
data_fitting: 0.8552765846252441
flux_point: 8.649243116378784
