n_obs: 10
data_preparation: 6.195690155029297
writing: 1.5686595439910889
reading: 2.15126633644104
data_fitting: 1.4796411991119385
flux_point: 17.12733006477356
