n_obs: 10
data_preparation: 8.026256322860718
writing: 1.9768681526184082
reading: 2.8655879497528076
data_fitting: 1.8837406635284424
flux_point: 21.630494832992554
