n_obs: 10
data_preparation: 7.139953851699829
writing: 1.6946125030517578
reading: 2.3294553756713867
data_fitting: 0.8437197208404541
flux_point: 7.622133493423462
