n_obs: 10
data_preparation: 4.841643333435059
writing: 1.7244162559509277
reading: 2.0847506523132324
data_fitting: 0.8107645511627197
flux_point: 7.078109979629517
