n_obs: 10
data_preparation: 3.4770212173461914
writing: 1.1764895915985107
reading: 1.5733380317687988
data_fitting: 0.785597562789917
flux_point: 6.932417154312134
