n_obs: 10
data_preparation: 3.7865192890167236
writing: 1.4205353260040283
reading: 1.5768184661865234
data_fitting: 0.6858065128326416
flux_point: 6.858912944793701
