n_obs: 10
data_preparation: 8.281326532363892
writing: 2.391561508178711
reading: 3.383578062057495
data_fitting: 2.29921817779541
flux_point: 28.302847862243652
