n_obs: 10
data_preparation: 3.642974853515625
writing: 1.3608207702636719
reading: 1.5016520023345947
data_fitting: 0.6683077812194824
flux_point: 6.566404342651367
