n_obs: 10
data_preparation: 7.279678106307983
writing: 1.7505264282226562
reading: 2.3546316623687744
data_fitting: 0.8543839454650879
flux_point: 8.521465301513672
