n_obs: 10
data_preparation: 3.4695346355438232
writing: 2.2343318462371826
reading: 2.0391740798950195
data_fitting: 0.8575122356414795
flux_point: 8.569838047027588
