n_obs: 10
data_preparation: 7.53775429725647
writing: 2.2957937717437744
reading: 3.0979933738708496
data_fitting: 18.77966618537903
flux_point: 199.90346312522888
