n_obs: 10
data_preparation: 7.80152702331543
writing: 1.7558798789978027
reading: 2.239833354949951
data_fitting: 2.1667428016662598
flux_point: 70.60199475288391
