n_obs: 10
data_preparation: 3.693134307861328
writing: 1.3851220607757568
reading: 1.521036148071289
data_fitting: 0.6879832744598389
flux_point: 6.529353618621826
