n_obs: 10
data_preparation: 7.823562383651733
writing: 1.9363410472869873
reading: 2.781181573867798
data_fitting: 1.8103089332580566
flux_point: 21.00550937652588
