n_obs: 10
data_preparation: 7.223933219909668
writing: 1.6895573139190674
reading: 2.317911386489868
data_fitting: 0.8427987098693848
flux_point: 8.467766284942627
