n_obs: 10
data_preparation: 3.479343891143799
writing: 1.164926290512085
reading: 1.5562903881072998
data_fitting: 0.8562517166137695
flux_point: 6.89098334312439
