n_obs: 10
data_preparation: 6.049673557281494
writing: 1.8036856651306152
reading: 2.519197940826416
data_fitting: 1.6461091041564941
flux_point: 17.84739327430725
