n_obs: 10
data_preparation: 5.971243143081665
writing: 1.7465941905975342
reading: 2.0978312492370605
data_fitting: 1.738783359527588
flux_point: 20.995096683502197
