n_obs: 10
data_preparation: 5.818779468536377
writing: 1.4441919326782227
reading: 2.092071056365967
data_fitting: 1.3911163806915283
flux_point: 20.528409004211426
