n_obs: 10
data_preparation: 3.5576140880584717
writing: 1.1243984699249268
reading: 1.502699851989746
data_fitting: 0.7628793716430664
flux_point: 6.6458845138549805
