n_obs: 10
data_preparation: 4.6034910678863525
writing: 1.6052088737487793
reading: 1.9035730361938477
data_fitting: 0.7117063999176025
flux_point: 6.893335342407227
