n_obs: 10
data_preparation: 5.176898956298828
writing: 1.8471050262451172
reading: 2.301276206970215
data_fitting: 3.7923367023468018
flux_point: 40.36574912071228
