n_obs: 10
data_preparation: 5.930546522140503
writing: 2.2206857204437256
reading: 2.707075357437134
data_fitting: 4.5688464641571045
flux_point: 47.32961964607239
