n_obs: 10
data_preparation: 6.7094762325286865
writing: 1.6311445236206055
reading: 2.3833906650543213
data_fitting: 1.5434277057647705
flux_point: 18.106658220291138
