n_obs: 10
data_preparation: 5.358838319778442
writing: 1.837700366973877
reading: 2.156787872314453
data_fitting: 3.6011722087860107
flux_point: 37.01578903198242
