n_obs: 10
data_preparation: 5.238278388977051
writing: 1.5804362297058105
reading: 2.1949381828308105
data_fitting: 1.8908061981201172
flux_point: 15.770217657089233
