n_obs: 10
data_preparation: 6.9754798412323
writing: 1.631422996520996
reading: 1.8978745937347412
data_fitting: 1.9311470985412598
flux_point: 63.06136131286621
