n_obs: 10
data_preparation: 6.410825729370117
writing: 1.5831246376037598
reading: 2.3034005165100098
data_fitting: 1.4871737957000732
flux_point: 17.158936977386475
