n_obs: 10
data_preparation: 10.06044602394104
writing: 2.5248939990997314
reading: 3.549548625946045
data_fitting: 1.4226925373077393
flux_point: 12.484782934188843
