n_obs: 10
data_preparation: 4.616559267044067
writing: 1.5315167903900146
reading: 1.8676393032073975
data_fitting: 2.9403178691864014
flux_point: 30.746623039245605
