n_obs: 10
data_preparation: 8.647177457809448
writing: 2.102586269378662
reading: 2.8202555179595947
data_fitting: 1.0886883735656738
flux_point: 9.79529857635498
