n_obs: 10
data_preparation: 6.07497239112854
writing: 1.7547030448913574
reading: 2.041212558746338
data_fitting: 1.6976404190063477
flux_point: 21.05502700805664
