n_obs: 10
data_preparation: 3.5669753551483154
writing: 1.315230131149292
reading: 1.587090253829956
data_fitting: 0.7988529205322266
flux_point: 7.1410908699035645
