n_obs: 10
data_preparation: 6.713086366653442
writing: 1.663863182067871
reading: 2.4259564876556396
data_fitting: 1.5360159873962402
flux_point: 18.038548946380615
