n_obs: 10
data_preparation: 3.61942458152771
writing: 1.3457112312316895
reading: 1.4885871410369873
data_fitting: 0.6740474700927734
flux_point: 6.436153888702393
