n_obs: 10
data_preparation: 5.217033624649048
writing: 1.8536996841430664
reading: 2.180156946182251
data_fitting: 3.6422536373138428
flux_point: 165.12679862976074
