n_obs: 10
data_preparation: 8.497044563293457
writing: 2.092072010040283
reading: 2.499614953994751
data_fitting: 2.5065314769744873
flux_point: 78.6201708316803
