n_obs: 10
data_preparation: 6.631177186965942
writing: 1.5310254096984863
reading: 1.7882766723632812
data_fitting: 0.6853270530700684
flux_point: 27.525584936141968
