n_obs: 10
data_preparation: 4.41432785987854
writing: 1.5093514919281006
reading: 1.8845446109771729
data_fitting: 0.7822952270507812
flux_point: 7.253868103027344
