n_obs: 10
data_preparation: 3.505625009536743
writing: 1.3490855693817139
reading: 1.5274426937103271
data_fitting: 0.8231220245361328
flux_point: 7.234215021133423
