n_obs: 10
data_preparation: 8.203612089157104
writing: 2.157155752182007
reading: 2.9917755126953125
data_fitting: 2.1795430183410645
flux_point: 26.233256101608276
