n_obs: 10
data_preparation: 7.267808437347412
writing: 1.793807029724121
reading: 2.402820110321045
data_fitting: 0.9132745265960693
flux_point: 9.24650526046753
