n_obs: 10
data_preparation: 3.4631834030151367
writing: 1.1678147315979004
reading: 1.5341286659240723
data_fitting: 0.8016574382781982
flux_point: 6.88857626914978
