n_obs: 10
data_preparation: 6.605353116989136
writing: 1.6626098155975342
reading: 2.3903911113739014
data_fitting: 1.5653812885284424
flux_point: 17.777016162872314
