n_obs: 10
data_preparation: 6.477258205413818
writing: 1.6276075839996338
reading: 2.3561079502105713
data_fitting: 1.528357982635498
flux_point: 17.32912516593933
