n_obs: 10
data_preparation: 7.62991738319397
writing: 1.8607268333435059
reading: 2.8120529651641846
data_fitting: 2.1157336235046387
flux_point: 25.642534971237183
