n_obs: 10
data_preparation: 8.097266912460327
writing: 2.0962142944335938
reading: 2.898905038833618
data_fitting: 1.903815507888794
flux_point: 20.899005651474
