n_obs: 10
data_preparation: 6.5098419189453125
writing: 1.8031823635101318
reading: 2.535182237625122
data_fitting: 1.6741971969604492
flux_point: 18.10055184364319
