n_obs: 10
data_preparation: 7.798145294189453
writing: 1.8288722038269043
reading: 2.5711617469787598
data_fitting: 0.9877579212188721
flux_point: 8.927943229675293
