n_obs: 10
data_preparation: 6.564453363418579
writing: 1.4910666942596436
reading: 1.86207914352417
data_fitting: 1.8603057861328125
flux_point: 59.87955021858215
