n_obs: 10
data_preparation: 6.812770128250122
writing: 2.0746617317199707
reading: 2.842107057571411
data_fitting: 1.791994571685791
flux_point: 20.470091581344604
