n_obs: 10
data_preparation: 6.453251361846924
writing: 2.012542486190796
reading: 2.670884847640991
data_fitting: 1.6171026229858398
flux_point: 18.304938316345215
