n_obs: 10
data_preparation: 7.986045598983765
writing: 2.4812655448913574
reading: 3.4372007846832275
data_fitting: 19.775073051452637
flux_point: 211.90886330604553
