n_obs: 10
data_preparation: 3.6439335346221924
writing: 1.4037890434265137
reading: 1.5768146514892578
data_fitting: 0.6879968643188477
flux_point: 6.7696967124938965
