n_obs: 10
data_preparation: 4.3633222579956055
writing: 1.4898834228515625
reading: 1.8587124347686768
data_fitting: 0.775017499923706
flux_point: 7.1009202003479
