n_obs: 10
data_preparation: 3.178701162338257
writing: 1.0560526847839355
reading: 1.430344820022583
data_fitting: 0.7136807441711426
flux_point: 6.180924892425537
