n_obs: 10
data_preparation: 3.4517407417297363
writing: 2.2888388633728027
reading: 2.1138949394226074
data_fitting: 0.8715813159942627
flux_point: 8.730536222457886
