n_obs: 10
data_preparation: 6.364940166473389
writing: 1.5377979278564453
reading: 1.8081724643707275
data_fitting: 1.813889741897583
flux_point: 57.943421840667725
