n_obs: 10
data_preparation: 4.542556285858154
writing: 1.5733685493469238
reading: 1.8768820762634277
data_fitting: 0.7041575908660889
flux_point: 6.798548698425293
