n_obs: 10
data_preparation: 3.4785077571868896
writing: 2.221689462661743
reading: 2.0188114643096924
data_fitting: 0.8718037605285645
flux_point: 8.657647848129272
