n_obs: 10
data_preparation: 8.523146629333496
writing: 2.004028797149658
reading: 2.5606307983398438
data_fitting: 2.6229424476623535
flux_point: 84.91335368156433
