n_obs: 10
data_preparation: 7.657297849655151
writing: 1.7572047710418701
reading: 2.466569185256958
data_fitting: 0.9406957626342773
flux_point: 9.496349096298218
