n_obs: 10
data_preparation: 3.644672393798828
writing: 1.3598437309265137
reading: 1.510662317276001
data_fitting: 0.686790943145752
flux_point: 6.632445812225342
