n_obs: 10
data_preparation: 3.824601173400879
writing: 1.4659512042999268
reading: 1.5827946662902832
data_fitting: 0.7052135467529297
flux_point: 6.840501070022583
