n_obs: 10
data_preparation: 3.4794504642486572
writing: 1.1653883457183838
reading: 1.5806572437286377
data_fitting: 0.7853522300720215
flux_point: 6.963267803192139
