n_obs: 10
data_preparation: 6.203454971313477
writing: 1.5717380046844482
reading: 2.163372039794922
data_fitting: 1.4792814254760742
flux_point: 17.05798029899597
