n_obs: 10
data_preparation: 6.520142555236816
writing: 1.6027278900146484
reading: 2.39980149269104
data_fitting: 1.5139362812042236
flux_point: 17.571807622909546
