n_obs: 10
data_preparation: 5.746314525604248
writing: 1.7583680152893066
reading: 2.412733554840088
data_fitting: 1.5159111022949219
flux_point: 16.984742879867554
