n_obs: 10
data_preparation: 4.3068928718566895
writing: 1.4903862476348877
reading: 1.8464250564575195
data_fitting: 0.7733545303344727
flux_point: 7.122960090637207
