n_obs: 10
data_preparation: 4.452903747558594
writing: 1.547403335571289
reading: 1.857858419418335
data_fitting: 0.7017171382904053
flux_point: 6.684513092041016
