n_obs: 10
data_preparation: 6.647964239120483
writing: 1.8791275024414062
reading: 2.2375924587249756
data_fitting: 2.2552733421325684
flux_point: 27.272100687026978
