n_obs: 10
data_preparation: 3.6359150409698486
writing: 1.3551621437072754
reading: 1.500124454498291
data_fitting: 0.6819415092468262
flux_point: 6.541830062866211
