n_obs: 10
data_preparation: 5.431428670883179
writing: 1.4041783809661865
reading: 1.8153681755065918
data_fitting: 1.2443580627441406
flux_point: 24.067590475082397
