n_obs: 10
data_preparation: 6.267261505126953
writing: 1.8841242790222168
reading: 2.6011033058166504
data_fitting: 2.1880743503570557
flux_point: 18.922188997268677
