n_obs: 10
data_preparation: 5.957955360412598
writing: 1.7307617664337158
reading: 2.4283223152160645
data_fitting: 1.6225624084472656
flux_point: 17.187727212905884
