n_obs: 10
data_preparation: 3.5081424713134766
writing: 2.2553796768188477
reading: 2.075201988220215
data_fitting: 0.8847823143005371
flux_point: 8.775169372558594
