n_obs: 10
data_preparation: 6.7682764530181885
writing: 2.0260562896728516
reading: 2.7724833488464355
data_fitting: 1.759093999862671
flux_point: 19.47548794746399
