n_obs: 10
data_preparation: 5.250057935714722
writing: 1.6449830532073975
reading: 2.0743284225463867
data_fitting: 6.9086949825286865
flux_point: 67.38222789764404
