n_obs: 10
data_preparation: 9.364555835723877
writing: 2.528404474258423
reading: 3.520946502685547
data_fitting: 2.2812955379486084
flux_point: 27.681816816329956
