n_obs: 10
data_preparation: 3.925161123275757
writing: 1.411527395248413
reading: 1.6394128799438477
data_fitting: 0.7116827964782715
flux_point: 6.558203935623169
