n_obs: 10
data_preparation: 5.866206407546997
writing: 1.8256707191467285
reading: 2.4761555194854736
data_fitting: 2.0798819065093994
flux_point: 18.011624336242676
