n_obs: 10
data_preparation: 6.933183670043945
writing: 2.0976474285125732
reading: 2.88098406791687
data_fitting: 2.4491114616394043
flux_point: 21.46461319923401
