n_obs: 10
data_preparation: 6.050544500350952
writing: 1.8182740211486816
reading: 2.519487142562866
data_fitting: 2.1254520416259766
flux_point: 18.753466606140137
