n_obs: 10
data_preparation: 7.247388601303101
writing: 2.01606822013855
reading: 2.411078691482544
data_fitting: 2.376176595687866
flux_point: 30.088155269622803
