n_obs: 10
data_preparation: 7.1171345710754395
writing: 1.673854112625122
reading: 2.5424294471740723
data_fitting: 1.6724193096160889
flux_point: 19.833744287490845
