n_obs: 10
data_preparation: 4.5130016803741455
writing: 1.549609899520874
reading: 1.866380214691162
data_fitting: 0.7164080142974854
flux_point: 6.806031942367554
