n_obs: 10
data_preparation: 6.3390161991119385
writing: 1.6966314315795898
reading: 2.3436341285705566
data_fitting: 1.5756113529205322
flux_point: 18.106263399124146
