n_obs: 10
data_preparation: 9.719064712524414
writing: 1.750457525253296
reading: 2.409621238708496
data_fitting: 1.5798516273498535
flux_point: 18.523550510406494
