n_obs: 10
data_preparation: 3.736074447631836
writing: 1.4398674964904785
reading: 1.5635592937469482
data_fitting: 0.7071101665496826
flux_point: 6.777547597885132
