n_obs: 10
data_preparation: 3.2589964866638184
writing: 1.975487232208252
reading: 1.7172787189483643
data_fitting: 0.7449729442596436
flux_point: 8.005173921585083
