n_obs: 10
data_preparation: 6.335681438446045
writing: 2.2078380584716797
reading: 2.9551498889923096
data_fitting: 4.660233974456787
flux_point: 47.486767292022705
