n_obs: 10
data_preparation: 4.6574952602386475
writing: 1.6044366359710693
reading: 1.9297363758087158
data_fitting: 0.7192373275756836
flux_point: 6.907328367233276
