n_obs: 10
data_preparation: 3.6432130336761475
writing: 1.3732383251190186
reading: 1.5269410610198975
data_fitting: 0.6776294708251953
flux_point: 6.4680986404418945
