n_obs: 10
data_preparation: 3.931558132171631
writing: 1.4008758068084717
reading: 1.6469485759735107
data_fitting: 0.7095637321472168
flux_point: 6.546425104141235
