n_obs: 10
data_preparation: 11.885230541229248
writing: 2.2517049312591553
reading: 3.109250545501709
data_fitting: 2.280911684036255
flux_point: 27.746139526367188
