n_obs: 10
data_preparation: 8.935778856277466
writing: 1.649733304977417
reading: 2.234349489212036
data_fitting: 0.8912098407745361
flux_point: 8.214954853057861
