n_obs: 10
data_preparation: 3.7086479663848877
writing: 1.3767356872558594
reading: 1.5255870819091797
data_fitting: 0.6905481815338135
flux_point: 6.741020917892456
