n_obs: 10
data_preparation: 3.6103131771087646
writing: 1.2327134609222412
reading: 1.6365821361541748
data_fitting: 0.8198928833007812
flux_point: 7.173697471618652
