n_obs: 10
data_preparation: 13.015802145004272
writing: 2.488605260848999
reading: 3.4556455612182617
data_fitting: 1.4455361366271973
flux_point: 13.698659658432007
