n_obs: 10
data_preparation: 3.5645296573638916
writing: 1.3557934761047363
reading: 1.4741973876953125
data_fitting: 0.6768045425415039
flux_point: 6.379523754119873
