n_obs: 10
data_preparation: 6.963964462280273
writing: 1.6140925884246826
reading: 2.072350263595581
data_fitting: 2.3022236824035645
flux_point: 74.09162139892578
