n_obs: 10
data_preparation: 7.2639594078063965
writing: 1.871250867843628
reading: 2.4328010082244873
data_fitting: 1.745685338973999
flux_point: 35.203163146972656
