n_obs: 10
data_preparation: 4.533397197723389
writing: 1.5432310104370117
reading: 1.888716697692871
data_fitting: 0.7184975147247314
flux_point: 7.127098798751831
