n_obs: 10
data_preparation: 7.320659399032593
writing: 1.7083592414855957
reading: 2.502976655960083
data_fitting: 0.9618444442749023
flux_point: 8.421873092651367
