n_obs: 10
data_preparation: 5.174108505249023
writing: 1.9062755107879639
reading: 2.3132641315460205
data_fitting: 3.415856122970581
flux_point: 35.16700267791748
