n_obs: 10
data_preparation: 9.201823472976685
writing: 1.6807613372802734
reading: 2.279904365539551
data_fitting: 1.5195317268371582
flux_point: 17.65271019935608
