n_obs: 10
data_preparation: 5.205636501312256
writing: 1.8323369026184082
reading: 2.1809399127960205
data_fitting: 3.678412437438965
flux_point: 37.15971612930298
