n_obs: 10
data_preparation: 3.8540570735931396
writing: 1.4760239124298096
reading: 1.5886483192443848
data_fitting: 0.7172887325286865
flux_point: 6.974020004272461
