n_obs: 10
data_preparation: 3.6915388107299805
writing: 1.4071269035339355
reading: 1.5437726974487305
data_fitting: 0.7209806442260742
flux_point: 6.830461025238037
