n_obs: 10
data_preparation: 3.7025067806243896
writing: 1.423058271408081
reading: 1.5339839458465576
data_fitting: 0.7020468711853027
flux_point: 6.637701034545898
