n_obs: 10
data_preparation: 9.491803407669067
writing: 2.7200279235839844
reading: 3.5838160514831543
data_fitting: 2.570727825164795
flux_point: 30.589812517166138
