n_obs: 10
data_preparation: 4.2253289222717285
writing: 1.4009337425231934
reading: 1.7335264682769775
data_fitting: 5.759309530258179
flux_point: 56.89484739303589
