n_obs: 10
data_preparation: 6.401470899581909
writing: 1.5934557914733887
reading: 2.267242431640625
data_fitting: 1.485910177230835
flux_point: 17.215270042419434
