n_obs: 10
data_preparation: 3.5818748474121094
writing: 1.3850877285003662
reading: 1.5612096786499023
data_fitting: 0.8403749465942383
flux_point: 7.407839059829712
