n_obs: 10
data_preparation: 3.540010929107666
writing: 1.380702018737793
reading: 1.5513501167297363
data_fitting: 0.8262381553649902
flux_point: 7.252573013305664
