n_obs: 10
data_preparation: 6.823279857635498
writing: 2.053544044494629
reading: 2.8156850337982178
data_fitting: 1.7951905727386475
flux_point: 20.144705772399902
