n_obs: 10
data_preparation: 6.6049017906188965
writing: 1.6250872611999512
reading: 2.353327751159668
data_fitting: 1.5955030918121338
flux_point: 18.392930269241333
