n_obs: 10
data_preparation: 4.518219232559204
writing: 1.54130220413208
reading: 1.854804515838623
data_fitting: 0.702023983001709
flux_point: 6.744421720504761
