n_obs: 10
data_preparation: 8.941152334213257
writing: 2.1956627368927
reading: 2.5842511653900146
data_fitting: 2.6458377838134766
flux_point: 81.83832383155823
