n_obs: 10
data_preparation: 3.703432321548462
writing: 1.4634068012237549
reading: 1.6011240482330322
data_fitting: 0.8571021556854248
flux_point: 7.6356024742126465
