n_obs: 10
data_preparation: 3.8073089122772217
writing: 1.4119377136230469
reading: 1.5399506092071533
data_fitting: 0.685124397277832
flux_point: 6.573442220687866
