n_obs: 10
data_preparation: 5.880831956863403
writing: 1.775510311126709
reading: 2.466320037841797
data_fitting: 1.5610382556915283
flux_point: 17.503994464874268
