n_obs: 10
data_preparation: 9.267220735549927
writing: 1.6703293323516846
reading: 2.2722766399383545
data_fitting: 1.505321979522705
flux_point: 17.42058753967285
