n_obs: 10
data_preparation: 3.617896795272827
writing: 1.338834524154663
reading: 1.4928581714630127
data_fitting: 0.6827380657196045
flux_point: 6.550211668014526
