n_obs: 10
data_preparation: 7.28333592414856
writing: 1.6422040462493896
reading: 2.106666088104248
data_fitting: 2.057575225830078
flux_point: 66.62519192695618
