n_obs: 10
data_preparation: 3.562213659286499
writing: 1.1994655132293701
reading: 1.607452630996704
data_fitting: 0.8105213642120361
flux_point: 7.088204383850098
