n_obs: 10
data_preparation: 3.645965099334717
writing: 1.3364036083221436
reading: 1.615922451019287
data_fitting: 0.8359017372131348
flux_point: 7.368508338928223
