n_obs: 10
data_preparation: 7.833394527435303
writing: 2.0824007987976074
reading: 2.932945489883423
data_fitting: 2.2884113788604736
flux_point: 27.297515630722046
