n_obs: 10
data_preparation: 4.354356527328491
writing: 1.4945368766784668
reading: 1.880098819732666
data_fitting: 0.7787084579467773
flux_point: 7.131826639175415
