n_obs: 10
data_preparation: 3.695678472518921
writing: 1.2147266864776611
reading: 1.6374444961547852
data_fitting: 0.8336834907531738
flux_point: 7.262677431106567
