n_obs: 10
data_preparation: 6.958059072494507
writing: 2.1729514598846436
reading: 2.983872890472412
data_fitting: 1.952587366104126
flux_point: 21.780871629714966
