n_obs: 10
data_preparation: 3.5166842937469482
writing: 1.186655044555664
reading: 1.5587408542633057
data_fitting: 0.8579072952270508
flux_point: 7.035702466964722
