n_obs: 10
data_preparation: 6.067147254943848
writing: 1.450761318206787
reading: 1.834991693496704
data_fitting: 1.3405029773712158
flux_point: 16.44940495491028
