n_obs: 10
data_preparation: 3.8829421997070312
writing: 1.4517512321472168
reading: 1.5442688465118408
data_fitting: 0.6976938247680664
flux_point: 6.686700820922852
