n_obs: 10
data_preparation: 6.287400722503662
writing: 1.6863048076629639
reading: 2.2939422130584717
data_fitting: 1.5459060668945312
flux_point: 17.823960065841675
