n_obs: 10
data_preparation: 3.633673906326294
writing: 1.3476691246032715
reading: 1.5015771389007568
data_fitting: 0.6672742366790771
flux_point: 6.522624254226685
