n_obs: 10
data_preparation: 4.122656583786011
writing: 1.5679309368133545
reading: 1.680124282836914
data_fitting: 0.7690966129302979
flux_point: 7.501497030258179
