n_obs: 10
data_preparation: 3.4326043128967285
writing: 2.216160297393799
reading: 2.0216269493103027
data_fitting: 0.8675081729888916
flux_point: 8.64180874824524
