n_obs: 10
data_preparation: 9.078595876693726
writing: 1.6737232208251953
reading: 2.276418447494507
data_fitting: 0.9038534164428711
flux_point: 8.582180500030518
