n_obs: 10
data_preparation: 3.509739875793457
writing: 1.1644678115844727
reading: 1.5786561965942383
data_fitting: 0.8600294589996338
flux_point: 7.059884071350098
