n_obs: 10
data_preparation: 5.2553019523620605
writing: 2.033811092376709
reading: 2.532344341278076
data_fitting: 4.166233777999878
flux_point: 43.00465989112854
