n_obs: 10
data_preparation: 6.422587633132935
writing: 1.5819828510284424
reading: 2.3019137382507324
data_fitting: 1.4883816242218018
flux_point: 22.303449153900146
