n_obs: 10
data_preparation: 4.578289270401001
writing: 1.5340840816497803
reading: 1.8428280353546143
data_fitting: 3.105745553970337
flux_point: 32.47368812561035
