n_obs: 10
data_preparation: 5.643181562423706
writing: 1.262585163116455
reading: 1.5983712673187256
data_fitting: 1.614185094833374
flux_point: 52.319135904312134
