n_obs: 10
data_preparation: 6.178434371948242
writing: 1.5619227886199951
reading: 2.152216672897339
data_fitting: 1.4735159873962402
flux_point: 16.97887420654297
