n_obs: 10
data_preparation: 3.735318660736084
writing: 1.3545246124267578
reading: 1.527829885482788
data_fitting: 0.7010571956634521
flux_point: 6.768971681594849
