n_obs: 10
data_preparation: 6.487760305404663
writing: 1.6401050090789795
reading: 2.3469133377075195
data_fitting: 1.5027775764465332
flux_point: 17.120585680007935
