n_obs: 10
data_preparation: 4.577935695648193
writing: 1.5751276016235352
reading: 1.9496395587921143
data_fitting: 3.0209739208221436
flux_point: 31.18217396736145
