n_obs: 10
data_preparation: 6.403160333633423
writing: 1.5931403636932373
reading: 2.277858257293701
data_fitting: 1.486814022064209
flux_point: 17.154332399368286
