n_obs: 10
data_preparation: 3.5863406658172607
writing: 2.3372035026550293
reading: 2.1504340171813965
data_fitting: 0.8903393745422363
flux_point: 10.600546598434448
