n_obs: 10
data_preparation: 3.441046714782715
writing: 1.1441781520843506
reading: 1.5453040599822998
data_fitting: 0.8385162353515625
flux_point: 6.89667272567749
