n_obs: 10
data_preparation: 7.575628757476807
writing: 1.8281424045562744
reading: 2.4866116046905518
data_fitting: 0.968822717666626
flux_point: 9.598260402679443
