n_obs: 10
data_preparation: 9.39925765991211
writing: 1.7242684364318848
reading: 2.3432466983795166
data_fitting: 0.9238255023956299
flux_point: 8.778535604476929
