n_obs: 10
data_preparation: 8.482543468475342
writing: 2.085597515106201
reading: 3.270446300506592
data_fitting: 2.214963674545288
flux_point: 27.68870997428894
