n_obs: 10
data_preparation: 9.087265014648438
writing: 2.3898630142211914
reading: 3.432718276977539
data_fitting: 2.3917922973632812
flux_point: 28.8468337059021
