n_obs: 10
data_preparation: 3.6390538215637207
writing: 1.3872790336608887
reading: 1.5326061248779297
data_fitting: 0.7400097846984863
flux_point: 6.550439834594727
