n_obs: 10
data_preparation: 7.191784381866455
writing: 1.6868999004364014
reading: 2.3362700939178467
data_fitting: 0.84971022605896
flux_point: 8.49534797668457
