n_obs: 10
data_preparation: 3.6106138229370117
writing: 1.3429255485534668
reading: 1.5061736106872559
data_fitting: 0.6893026828765869
flux_point: 6.538872241973877
