n_obs: 10
data_preparation: 4.156914949417114
writing: 1.5260365009307861
reading: 1.753753662109375
data_fitting: 0.7512674331665039
flux_point: 6.9242541790008545
