n_obs: 10
data_preparation: 3.6334831714630127
writing: 1.3420255184173584
reading: 1.4909439086914062
data_fitting: 0.6818079948425293
flux_point: 6.519181489944458
