n_obs: 10
data_preparation: 3.9429845809936523
writing: 1.402543544769287
reading: 1.6561553478240967
data_fitting: 0.714669942855835
flux_point: 6.593224763870239
