n_obs: 10
data_preparation: 6.616528511047363
writing: 1.666412591934204
reading: 2.403064250946045
data_fitting: 1.5884921550750732
flux_point: 18.06855297088623
