n_obs: 10
data_preparation: 8.749382495880127
writing: 2.1038060188293457
reading: 2.823005199432373
data_fitting: 1.1029329299926758
flux_point: 9.857929229736328
