n_obs: 10
data_preparation: 6.1512579917907715
writing: 1.6805877685546875
reading: 2.0708086490631104
data_fitting: 1.3035013675689697
flux_point: 15.907501935958862
