n_obs: 10
data_preparation: 3.669978141784668
writing: 1.3303730487823486
reading: 1.5775907039642334
data_fitting: 0.8160555362701416
flux_point: 7.189944744110107
