n_obs: 10
data_preparation: 5.921217679977417
writing: 1.796666145324707
reading: 2.491722345352173
data_fitting: 1.5593881607055664
flux_point: 17.839693069458008
