n_obs: 10
data_preparation: 3.6524171829223633
writing: 1.4127674102783203
reading: 1.5882842540740967
data_fitting: 0.8620531558990479
flux_point: 7.596297264099121
