n_obs: 10
data_preparation: 7.984025001525879
writing: 2.4215500354766846
reading: 3.2555041313171387
data_fitting: 19.17574191093445
flux_point: 203.87448263168335
