n_obs: 10
data_preparation: 3.447828531265259
writing: 2.243544101715088
reading: 2.0227601528167725
data_fitting: 0.8605484962463379
flux_point: 8.59942626953125
