n_obs: 10
data_preparation: 9.355201959609985
writing: 1.6943554878234863
reading: 2.2641024589538574
data_fitting: 1.5077197551727295
flux_point: 17.38795566558838
