n_obs: 10
data_preparation: 8.362527132034302
writing: 2.6070470809936523
reading: 3.577393054962158
data_fitting: 2.5160908699035645
flux_point: 29.03445601463318
