n_obs: 10
data_preparation: 3.5679585933685303
writing: 1.3381071090698242
reading: 1.4847040176391602
data_fitting: 0.6714537143707275
flux_point: 6.4672253131866455
