n_obs: 10
data_preparation: 3.801973819732666
writing: 1.4418718814849854
reading: 1.5758447647094727
data_fitting: 0.7339062690734863
flux_point: 7.019514322280884
