n_obs: 10
data_preparation: 3.605466365814209
writing: 2.4635722637176514
reading: 1.625183343887329
data_fitting: 0.8767693042755127
flux_point: 7.695225954055786
