n_obs: 10
data_preparation: 5.37546706199646
writing: 1.1649951934814453
reading: 0.9486069679260254
data_fitting: 0.7301089763641357
flux_point: 8.772143840789795
