n_obs: 10
data_preparation: 3.913855791091919
writing: 1.4077637195587158
reading: 1.6248812675476074
data_fitting: 0.70068359375
flux_point: 6.5961527824401855
