n_obs: 10
data_preparation: 3.5722429752349854
writing: 1.1770834922790527
reading: 1.5793952941894531
data_fitting: 0.8302252292633057
flux_point: 7.1041481494903564
