n_obs: 10
data_preparation: 9.187512159347534
writing: 1.6640684604644775
reading: 2.2153823375701904
data_fitting: 1.4651901721954346
flux_point: 16.74382472038269
