n_obs: 10
data_preparation: 7.233503341674805
writing: 1.8194284439086914
reading: 2.4412548542022705
data_fitting: 1.608994960784912
flux_point: 31.67759609222412
