n_obs: 10
data_preparation: 8.425397634506226
writing: 1.9937033653259277
reading: 2.3689839839935303
data_fitting: 4.541038513183594
flux_point: 193.73364901542664
