n_obs: 10
data_preparation: 3.4262595176696777
writing: 1.1427252292633057
reading: 1.5504841804504395
data_fitting: 0.7748196125030518
flux_point: 6.796946287155151
