n_obs: 10
data_preparation: 3.6237635612487793
writing: 1.3351569175720215
reading: 1.4992735385894775
data_fitting: 0.6765835285186768
flux_point: 6.518789052963257
