n_obs: 10
data_preparation: 3.604400396347046
writing: 1.3543767929077148
reading: 1.5053718090057373
data_fitting: 0.6671226024627686
flux_point: 6.601691961288452
