n_obs: 10
data_preparation: 3.498729944229126
writing: 1.1620814800262451
reading: 1.5592572689056396
data_fitting: 0.7917912006378174
flux_point: 6.859008550643921
