n_obs: 10
data_preparation: 5.967231512069702
writing: 1.818523645401001
reading: 2.511798858642578
data_fitting: 2.081171989440918
flux_point: 18.043519973754883
