n_obs: 10
data_preparation: 9.582234144210815
writing: 2.2572762966156006
reading: 3.1593198776245117
data_fitting: 1.2943873405456543
flux_point: 11.808709621429443
