n_obs: 10
data_preparation: 3.597987174987793
writing: 1.3364903926849365
reading: 1.486093521118164
data_fitting: 0.6752071380615234
flux_point: 6.489829063415527
