n_obs: 10
data_preparation: 4.6115334033966064
writing: 1.5703315734863281
reading: 1.8990976810455322
data_fitting: 0.6993000507354736
flux_point: 6.686739683151245
