n_obs: 10
data_preparation: 7.874915599822998
writing: 1.7886266708374023
reading: 2.27463436126709
data_fitting: 2.526496648788452
flux_point: 80.67320656776428
