n_obs: 10
data_preparation: 5.729943513870239
writing: 1.512026309967041
reading: 1.8898987770080566
data_fitting: 1.3241281509399414
flux_point: 25.436041593551636
