n_obs: 10
data_preparation: 3.5829505920410156
writing: 1.323343276977539
reading: 1.4936676025390625
data_fitting: 0.6705009937286377
flux_point: 6.469221353530884
