n_obs: 10
data_preparation: 3.5294125080108643
writing: 1.341125249862671
reading: 1.4631214141845703
data_fitting: 0.6558659076690674
flux_point: 6.393627405166626
