n_obs: 10
data_preparation: 3.632894992828369
writing: 1.3445851802825928
reading: 1.4899568557739258
data_fitting: 0.7042512893676758
flux_point: 6.495415925979614
