n_obs: 10
data_preparation: 3.6130008697509766
writing: 1.380802869796753
reading: 1.5093693733215332
data_fitting: 0.6797463893890381
flux_point: 6.416301488876343
