n_obs: 10
data_preparation: 7.245526075363159
writing: 1.7001562118530273
reading: 2.384949207305908
data_fitting: 0.8629417419433594
flux_point: 8.658045291900635
