n_obs: 10
data_preparation: 3.4398763179779053
writing: 1.17034912109375
reading: 1.5346260070800781
data_fitting: 0.8402886390686035
flux_point: 6.807377099990845
