n_obs: 10
data_preparation: 5.2947423458099365
writing: 1.7416763305664062
reading: 2.0757522583007812
data_fitting: 3.554595470428467
flux_point: 37.201432943344116
