n_obs: 10
data_preparation: 3.7206647396087646
writing: 1.3756473064422607
reading: 1.542250156402588
data_fitting: 0.7045266628265381
flux_point: 6.65730619430542
