n_obs: 10
data_preparation: 7.1030333042144775
writing: 1.866722583770752
reading: 2.451746702194214
data_fitting: 1.774620771408081
flux_point: 34.362481117248535
