n_obs: 10
data_preparation: 3.781848430633545
writing: 1.4650781154632568
reading: 1.5722463130950928
data_fitting: 0.698951244354248
flux_point: 6.329874038696289
