n_obs: 10
data_preparation: 10.581012487411499
writing: 1.8985440731048584
reading: 2.566340684890747
data_fitting: 1.7126290798187256
flux_point: 20.3325674533844
