n_obs: 10
data_preparation: 6.515899658203125
writing: 1.6146559715270996
reading: 2.328533172607422
data_fitting: 1.4753916263580322
flux_point: 17.06844472885132
