n_obs: 10
data_preparation: 3.5713236331939697
writing: 1.2155323028564453
reading: 1.6324076652526855
data_fitting: 0.8153824806213379
flux_point: 7.101921319961548
