n_obs: 10
data_preparation: 6.585795879364014
writing: 1.9934117794036865
reading: 2.749194383621216
data_fitting: 2.0382204055786133
flux_point: 25.086456775665283
