n_obs: 10
data_preparation: 9.110742092132568
writing: 1.669722318649292
reading: 2.2185163497924805
data_fitting: 0.8393285274505615
flux_point: 7.887012481689453
