n_obs: 10
data_preparation: 7.887718439102173
writing: 2.389601230621338
reading: 3.2077229022979736
data_fitting: 2.3825082778930664
flux_point: 28.505899667739868
