n_obs: 10
data_preparation: 6.221150875091553
writing: 1.856783390045166
reading: 2.539062976837158
data_fitting: 2.0490469932556152
flux_point: 17.62839674949646
