n_obs: 10
data_preparation: 6.0598461627960205
writing: 1.826120138168335
reading: 2.5169689655303955
data_fitting: 1.5683863162994385
flux_point: 17.56866478919983
