n_obs: 10
data_preparation: 5.883615732192993
writing: 1.806943416595459
reading: 2.4709768295288086
data_fitting: 1.5319550037384033
flux_point: 17.231793642044067
