n_obs: 10
data_preparation: 5.744438409805298
writing: 1.5778582096099854
reading: 1.9243781566619873
data_fitting: 1.2242858409881592
flux_point: 15.466408491134644
