n_obs: 10
data_preparation: 6.084772348403931
writing: 1.5679903030395508
reading: 2.2191812992095947
data_fitting: 1.5933833122253418
flux_point: 16.957496404647827
