n_obs: 10
data_preparation: 3.5638883113861084
writing: 1.3389387130737305
reading: 1.6004939079284668
data_fitting: 0.8305134773254395
flux_point: 7.340337038040161
