n_obs: 10
data_preparation: 5.547317266464233
writing: 1.8282926082611084
reading: 2.201611042022705
data_fitting: 7.102328062057495
flux_point: 69.83228158950806
