n_obs: 10
data_preparation: 3.6171798706054688
writing: 1.2531120777130127
reading: 1.668696641921997
data_fitting: 0.8267438411712646
flux_point: 7.2204272747039795
