n_obs: 10
data_preparation: 3.263221502304077
writing: 2.1031107902526855
reading: 1.9030356407165527
data_fitting: 0.8004007339477539
flux_point: 7.330120325088501
