n_obs: 10
data_preparation: 3.9986424446105957
writing: 1.4313547611236572
reading: 1.6749277114868164
data_fitting: 0.7320661544799805
flux_point: 6.694320201873779
