n_obs: 10
data_preparation: 7.6610612869262695
writing: 1.748356580734253
reading: 2.4414148330688477
data_fitting: 0.9916090965270996
flux_point: 9.76368498802185
