n_obs: 10
data_preparation: 7.122079849243164
writing: 2.1003103256225586
reading: 2.89454984664917
data_fitting: 1.9332833290100098
flux_point: 21.13753604888916
