n_obs: 10
data_preparation: 3.632183790206909
writing: 1.351271390914917
reading: 1.4980063438415527
data_fitting: 0.6791002750396729
flux_point: 6.517462253570557
