n_obs: 10
data_preparation: 6.458001375198364
writing: 2.0663106441497803
reading: 2.7912516593933105
data_fitting: 1.673804521560669
flux_point: 18.901422023773193
