n_obs: 10
data_preparation: 3.461446523666382
writing: 2.2404024600982666
reading: 2.0467281341552734
data_fitting: 0.8684618473052979
flux_point: 8.678560733795166
