n_obs: 10
data_preparation: 6.554389476776123
writing: 1.6326286792755127
reading: 2.3023698329925537
data_fitting: 1.5765812397003174
flux_point: 18.322805643081665
