n_obs: 10
data_preparation: 3.573455572128296
writing: 1.2135090827941895
reading: 1.6176280975341797
data_fitting: 0.8106675148010254
flux_point: 7.02956223487854
