n_obs: 10
data_preparation: 3.6549410820007324
writing: 1.3476159572601318
reading: 1.6119437217712402
data_fitting: 0.834702730178833
flux_point: 7.363644361495972
