n_obs: 10
data_preparation: 7.215636253356934
writing: 1.7381725311279297
reading: 2.0483810901641846
data_fitting: 1.997375726699829
flux_point: 63.470272064208984
