n_obs: 10
data_preparation: 5.958847522735596
writing: 1.7766685485839844
reading: 2.4663565158843994
data_fitting: 1.6304445266723633
flux_point: 17.567058086395264
