n_obs: 10
data_preparation: 3.613201856613159
writing: 1.332078456878662
reading: 1.4765450954437256
data_fitting: 0.6785228252410889
flux_point: 6.444269895553589
