n_obs: 10
data_preparation: 5.146319627761841
writing: 1.7199599742889404
reading: 2.0169856548309326
data_fitting: 3.5106265544891357
flux_point: 36.080974102020264
