n_obs: 10
data_preparation: 6.570384979248047
writing: 1.617891788482666
reading: 2.3598074913024902
data_fitting: 1.513659954071045
flux_point: 17.656739234924316
