n_obs: 10
data_preparation: 3.617126226425171
writing: 1.4286701679229736
reading: 1.572493553161621
data_fitting: 0.836658239364624
flux_point: 7.436822414398193
