n_obs: 10
data_preparation: 7.336175918579102
writing: 1.6733534336090088
reading: 2.2816600799560547
data_fitting: 0.9201993942260742
flux_point: 9.384928703308105
