n_obs: 10
data_preparation: 6.959931135177612
writing: 1.810657024383545
reading: 2.191786766052246
data_fitting: 1.6099302768707275
flux_point: 19.84188222885132
