n_obs: 10
data_preparation: 5.0736308097839355
writing: 1.7790031433105469
reading: 2.1272096633911133
data_fitting: 3.4915716648101807
flux_point: 36.81431174278259
