n_obs: 10
data_preparation: 3.402831792831421
writing: 2.151421308517456
reading: 1.9882752895355225
data_fitting: 0.8175899982452393
flux_point: 8.734920978546143
