n_obs: 10
data_preparation: 6.781695604324341
writing: 1.6500496864318848
reading: 2.404900312423706
data_fitting: 1.6777584552764893
flux_point: 18.188089609146118
