n_obs: 10
data_preparation: 6.999456405639648
writing: 2.102720260620117
reading: 2.8760223388671875
data_fitting: 2.4657046794891357
flux_point: 21.212039947509766
