n_obs: 10
data_preparation: 3.5695443153381348
writing: 1.3181335926055908
reading: 1.565335750579834
data_fitting: 0.8219847679138184
flux_point: 7.174937725067139
