n_obs: 10
data_preparation: 2.6408016681671143
writing: 1.585120677947998
reading: 1.4368021488189697
data_fitting: 0.5940062999725342
flux_point: 6.348933219909668
