n_obs: 10
data_preparation: 3.519351005554199
writing: 1.407658576965332
reading: 1.518002986907959
data_fitting: 0.814302921295166
flux_point: 7.210576772689819
