n_obs: 10
data_preparation: 3.9284768104553223
writing: 2.575397253036499
reading: 2.2244155406951904
data_fitting: 0.9907646179199219
flux_point: 10.044516563415527
