n_obs: 10
data_preparation: 7.515918970108032
writing: 1.8522484302520752
reading: 2.476823329925537
data_fitting: 0.9447901248931885
flux_point: 8.664438724517822
