n_obs: 10
data_preparation: 5.4046947956085205
writing: 2.0315427780151367
reading: 2.4439685344696045
data_fitting: 4.397313356399536
flux_point: 43.95441174507141
