n_obs: 10
data_preparation: 4.313417434692383
writing: 1.5467853546142578
reading: 1.8685109615325928
data_fitting: 3.0120997428894043
flux_point: 31.53232192993164
