n_obs: 10
data_preparation: 6.277686834335327
writing: 1.7060918807983398
reading: 2.062352180480957
data_fitting: 1.4589753150939941
flux_point: 17.76008629798889
