n_obs: 10
data_preparation: 6.777468204498291
writing: 1.6711673736572266
reading: 2.4151594638824463
data_fitting: 1.6120777130126953
flux_point: 18.7219717502594
