n_obs: 10
data_preparation: 3.3899197578430176
writing: 2.2016983032226562
reading: 1.9936108589172363
data_fitting: 0.8587677478790283
flux_point: 8.514899730682373
