n_obs: 10
data_preparation: 4.387337684631348
writing: 1.4848642349243164
reading: 1.8454885482788086
data_fitting: 0.6957192420959473
flux_point: 6.250921726226807
