n_obs: 10
data_preparation: 3.6773929595947266
writing: 1.2399978637695312
reading: 1.6452817916870117
data_fitting: 0.838998556137085
flux_point: 7.241345405578613
