n_obs: 10
data_preparation: 5.816914319992065
writing: 1.8205606937408447
reading: 2.535430431365967
data_fitting: 12.83947467803955
flux_point: 125.76902031898499
