n_obs: 10
data_preparation: 3.6482126712799072
writing: 1.3503787517547607
reading: 1.6152513027191162
data_fitting: 0.8393650054931641
flux_point: 7.378960371017456
