n_obs: 10
data_preparation: 6.538379907608032
writing: 1.733309268951416
reading: 2.2162506580352783
data_fitting: 1.410114049911499
flux_point: 28.744901657104492
