n_obs: 10
data_preparation: 3.608112096786499
writing: 1.345414161682129
reading: 1.496750831604004
data_fitting: 0.6768214702606201
flux_point: 6.549182891845703
