n_obs: 10
data_preparation: 3.5185272693634033
writing: 2.2831172943115234
reading: 2.0579915046691895
data_fitting: 0.8726856708526611
flux_point: 8.692074060440063
