n_obs: 10
data_preparation: 3.5488007068634033
writing: 2.1269733905792236
reading: 1.8730213642120361
data_fitting: 0.7990367412567139
flux_point: 8.408682823181152
