n_obs: 10
data_preparation: 6.595914840698242
writing: 1.620180368423462
reading: 2.3466193675994873
data_fitting: 1.5553324222564697
flux_point: 17.188181161880493
