n_obs: 10
data_preparation: 3.614708423614502
writing: 1.3545894622802734
reading: 1.5173428058624268
data_fitting: 0.7048053741455078
flux_point: 6.480259895324707
