n_obs: 10
data_preparation: 3.6172449588775635
writing: 1.3339061737060547
reading: 1.4851160049438477
data_fitting: 0.6691198348999023
flux_point: 6.481045246124268
