n_obs: 10
data_preparation: 6.186199188232422
writing: 1.5633697509765625
reading: 2.1634585857391357
data_fitting: 1.480715274810791
flux_point: 17.036983728408813
