n_obs: 10
data_preparation: 8.268385171890259
writing: 2.023427963256836
reading: 3.015038013458252
data_fitting: 2.2285819053649902
flux_point: 26.879271268844604
