n_obs: 10
data_preparation: 3.62904953956604
writing: 1.350965976715088
reading: 1.5164811611175537
data_fitting: 0.6857955455780029
flux_point: 6.607251882553101
