n_obs: 10
data_preparation: 5.4237189292907715
writing: 1.8017582893371582
reading: 2.173053026199341
data_fitting: 7.188996076583862
flux_point: 69.72295093536377
