n_obs: 10
data_preparation: 7.35951828956604
writing: 1.9504218101501465
reading: 2.5480880737304688
data_fitting: 1.6864876747131348
flux_point: 34.622249603271484
