n_obs: 10
data_preparation: 5.011788845062256
writing: 1.6012578010559082
reading: 1.9906864166259766
data_fitting: 0.7302753925323486
flux_point: 7.201207876205444
