n_obs: 10
data_preparation: 3.957470655441284
writing: 1.4129807949066162
reading: 1.6615386009216309
data_fitting: 0.7188630104064941
flux_point: 6.628316402435303
