n_obs: 10
data_preparation: 3.6837427616119385
writing: 1.3763022422790527
reading: 1.5259301662445068
data_fitting: 0.6792638301849365
flux_point: 6.541016101837158
