n_obs: 10
data_preparation: 7.271373987197876
writing: 2.0486061573028564
reading: 2.462446689605713
data_fitting: 1.820894718170166
flux_point: 23.03386378288269
