n_obs: 10
data_preparation: 6.4555792808532715
writing: 1.5857725143432617
reading: 2.2971343994140625
data_fitting: 1.5360276699066162
flux_point: 17.79720711708069
