n_obs: 10
data_preparation: 3.659095048904419
writing: 1.3910298347473145
reading: 1.5469563007354736
data_fitting: 0.684490442276001
flux_point: 6.680315971374512
