n_obs: 10
data_preparation: 7.013205528259277
writing: 1.8914244174957275
reading: 2.237377405166626
data_fitting: 1.614177942276001
flux_point: 19.61411762237549
