n_obs: 10
data_preparation: 4.873235702514648
writing: 1.7269384860992432
reading: 2.084322929382324
data_fitting: 3.362241268157959
flux_point: 34.88537526130676
