n_obs: 10
data_preparation: 8.785705327987671
writing: 2.217282295227051
reading: 3.249873638153076
data_fitting: 2.3841378688812256
flux_point: 29.177715301513672
