n_obs: 10
data_preparation: 6.96941351890564
writing: 2.0066590309143066
reading: 2.812999963760376
data_fitting: 1.8489415645599365
flux_point: 20.189048290252686
