n_obs: 10
data_preparation: 9.00110387802124
writing: 2.2997286319732666
reading: 3.342679023742676
data_fitting: 2.37552809715271
flux_point: 28.7649188041687
