n_obs: 10
data_preparation: 3.7170352935791016
writing: 1.41135573387146
reading: 1.534656286239624
data_fitting: 0.6928045749664307
flux_point: 6.633831024169922
