n_obs: 10
data_preparation: 6.605948209762573
writing: 1.6557648181915283
reading: 2.068498134613037
data_fitting: 1.838559865951538
flux_point: 22.285334587097168
