n_obs: 10
data_preparation: 4.702629327774048
writing: 1.8324682712554932
reading: 2.1425557136535645
data_fitting: 3.7762763500213623
flux_point: 40.97849655151367
