n_obs: 10
data_preparation: 6.235205411911011
writing: 1.8269374370574951
reading: 2.555711507797241
data_fitting: 1.67002272605896
flux_point: 18.165039777755737
