n_obs: 10
data_preparation: 4.066485166549683
writing: 1.4767277240753174
reading: 1.6801867485046387
data_fitting: 0.7151505947113037
flux_point: 6.679292440414429
