n_obs: 10
data_preparation: 3.624509572982788
writing: 1.3444089889526367
reading: 1.4819037914276123
data_fitting: 0.6737799644470215
flux_point: 6.5330681800842285
