n_obs: 10
data_preparation: 5.989243268966675
writing: 1.7932889461517334
reading: 2.4645564556121826
data_fitting: 13.392966985702515
flux_point: 144.1792962551117
