n_obs: 10
data_preparation: 3.589381217956543
writing: 1.1836402416229248
reading: 1.60673189163208
data_fitting: 0.8093581199645996
flux_point: 6.980119705200195
