n_obs: 10
data_preparation: 3.5606396198272705
writing: 1.192317008972168
reading: 1.600226640701294
data_fitting: 0.8048677444458008
flux_point: 7.062299728393555
