n_obs: 10
data_preparation: 7.346598148345947
writing: 2.0587210655212402
reading: 2.5913808345794678
data_fitting: 1.8419373035430908
flux_point: 38.43435454368591
