n_obs: 10
data_preparation: 3.593930721282959
writing: 1.349942684173584
reading: 1.4941456317901611
data_fitting: 0.6825969219207764
flux_point: 6.044501066207886
