n_obs: 10
data_preparation: 6.3600239753723145
writing: 1.5452418327331543
reading: 1.8374779224395752
data_fitting: 1.8147757053375244
flux_point: 57.44718074798584
