n_obs: 10
data_preparation: 3.4126436710357666
writing: 1.158447027206421
reading: 1.552436113357544
data_fitting: 0.7732865810394287
flux_point: 6.765456438064575
