n_obs: 10
data_preparation: 4.3545310497283936
writing: 1.5026321411132812
reading: 1.8736886978149414
data_fitting: 0.7697446346282959
flux_point: 7.093796730041504
