n_obs: 10
data_preparation: 6.179497480392456
writing: 1.823359727859497
reading: 2.142484664916992
data_fitting: 1.733013391494751
flux_point: 21.513658046722412
