n_obs: 10
data_preparation: 8.03404974937439
writing: 2.42761492729187
reading: 3.4964094161987305
data_fitting: 2.2486000061035156
flux_point: 26.04029679298401
