n_obs: 10
data_preparation: 3.6509852409362793
writing: 1.3858246803283691
reading: 1.5148491859436035
data_fitting: 0.6846191883087158
flux_point: 6.518652439117432
