n_obs: 10
data_preparation: 3.6617863178253174
writing: 1.3645713329315186
reading: 1.524005651473999
data_fitting: 0.672022819519043
flux_point: 6.520266771316528
