n_obs: 10
data_preparation: 4.62088418006897
writing: 1.4788024425506592
reading: 1.8449292182922363
data_fitting: 0.693810224533081
flux_point: 6.670246124267578
