n_obs: 10
data_preparation: 3.6171388626098633
writing: 1.3461732864379883
reading: 1.5255074501037598
data_fitting: 0.6672947406768799
flux_point: 6.519087314605713
