n_obs: 10
data_preparation: 8.923217535018921
writing: 2.1690127849578857
reading: 3.294893741607666
data_fitting: 2.4763736724853516
flux_point: 29.726963758468628
