n_obs: 10
data_preparation: 5.813193082809448
writing: 1.4997541904449463
reading: 1.8093454837799072
data_fitting: 1.609046220779419
flux_point: 19.782901763916016
