n_obs: 10
data_preparation: 9.063112497329712
writing: 2.245478630065918
reading: 3.2146356105804443
data_fitting: 2.4093191623687744
flux_point: 28.862262964248657
