n_obs: 10
data_preparation: 8.35376787185669
writing: 2.1810319423675537
reading: 3.01039719581604
data_fitting: 1.9602174758911133
flux_point: 22.259325981140137
