n_obs: 10
data_preparation: 8.971309185028076
writing: 1.6450579166412354
reading: 2.168877363204956
data_fitting: 0.8227307796478271
flux_point: 7.502108335494995
