n_obs: 10
data_preparation: 7.877943754196167
writing: 2.537558078765869
reading: 3.5740747451782227
data_fitting: 18.181382656097412
flux_point: 175.93977046012878
