n_obs: 10
data_preparation: 5.0247721672058105
writing: 1.8403270244598389
reading: 2.113534450531006
data_fitting: 3.6719560623168945
flux_point: 169.10425448417664
