n_obs: 10
data_preparation: 6.978500843048096
writing: 2.1013431549072266
reading: 2.8882644176483154
data_fitting: 1.8901782035827637
flux_point: 20.526081323623657
