n_obs: 10
data_preparation: 3.6191937923431396
writing: 2.3154208660125732
reading: 1.9574060440063477
data_fitting: 0.8912265300750732
flux_point: 9.042657613754272
