n_obs: 10
data_preparation: 3.4615066051483154
writing: 1.165668249130249
reading: 1.5480294227600098
data_fitting: 0.7976377010345459
flux_point: 6.907013416290283
