n_obs: 10
data_preparation: 3.611891746520996
writing: 1.356508493423462
reading: 1.4978666305541992
data_fitting: 0.6810324192047119
flux_point: 6.4712982177734375
