n_obs: 10
data_preparation: 5.376050710678101
writing: 1.4350860118865967
reading: 1.8290855884552002
data_fitting: 1.5641775131225586
flux_point: 29.654518842697144
