n_obs: 10
data_preparation: 7.087626695632935
writing: 1.8476762771606445
reading: 2.538752317428589
data_fitting: 1.66359543800354
flux_point: 19.22454071044922
