n_obs: 10
data_preparation: 3.3984313011169434
writing: 2.185981273651123
reading: 1.9991347789764404
data_fitting: 0.8652534484863281
flux_point: 10.335372686386108
