n_obs: 10
data_preparation: 7.328252553939819
writing: 1.704005479812622
reading: 2.4297635555267334
data_fitting: 0.8688168525695801
flux_point: 7.747398376464844
