n_obs: 10
data_preparation: 3.6549484729766846
writing: 1.3759067058563232
reading: 1.5157382488250732
data_fitting: 0.6835551261901855
flux_point: 6.1130170822143555
