n_obs: 10
data_preparation: 3.5781877040863037
writing: 1.2061848640441895
reading: 1.630401372909546
data_fitting: 0.8148050308227539
flux_point: 7.026092290878296
