n_obs: 10
data_preparation: 4.388010263442993
writing: 1.4969940185546875
reading: 1.8523845672607422
data_fitting: 0.6955068111419678
flux_point: 6.2183837890625
