n_obs: 10
data_preparation: 3.7696900367736816
writing: 1.3760595321655273
reading: 1.5596938133239746
data_fitting: 0.6965770721435547
flux_point: 6.916388273239136
