n_obs: 10
data_preparation: 6.85229229927063
writing: 1.6887755393981934
reading: 2.4808244705200195
data_fitting: 1.5955679416656494
flux_point: 18.276798725128174
