n_obs: 10
data_preparation: 3.6604843139648438
writing: 1.3803973197937012
reading: 1.5206267833709717
data_fitting: 0.6763989925384521
flux_point: 6.535291910171509
