n_obs: 10
data_preparation: 9.725049257278442
writing: 2.4747352600097656
reading: 3.611271858215332
data_fitting: 2.448977470397949
flux_point: 30.149996042251587
