n_obs: 10
data_preparation: 3.446559190750122
writing: 2.2296366691589355
reading: 2.02190899848938
data_fitting: 0.8771345615386963
flux_point: 10.444019079208374
