n_obs: 10
data_preparation: 3.609518051147461
writing: 1.3138551712036133
reading: 1.5757479667663574
data_fitting: 0.8214693069458008
flux_point: 7.2998411655426025
