n_obs: 10
data_preparation: 5.899989604949951
writing: 1.388437032699585
reading: 1.6295864582061768
data_fitting: 1.698265790939331
flux_point: 52.09677171707153
