n_obs: 10
data_preparation: 3.53898024559021
writing: 2.2669100761413574
reading: 1.9384403228759766
data_fitting: 0.8765861988067627
flux_point: 8.90636396408081
