n_obs: 10
data_preparation: 7.653130054473877
writing: 1.7591798305511475
reading: 2.032621383666992
data_fitting: 0.7752795219421387
flux_point: 31.269970417022705
