n_obs: 10
data_preparation: 5.32466459274292
writing: 1.733910322189331
reading: 2.093750238418579
data_fitting: 6.895169973373413
flux_point: 66.62523341178894
