n_obs: 10
data_preparation: 3.628359079360962
writing: 1.339184045791626
reading: 1.60575532913208
data_fitting: 0.8324029445648193
flux_point: 7.287665367126465
