n_obs: 10
data_preparation: 4.484531879425049
writing: 1.4766361713409424
reading: 1.8426079750061035
data_fitting: 0.6864187717437744
flux_point: 6.6520702838897705
