n_obs: 10
data_preparation: 5.160372257232666
writing: 1.844054937362671
reading: 2.2131011486053467
data_fitting: 3.505094528198242
flux_point: 37.023282527923584
