n_obs: 10
data_preparation: 3.6461710929870605
writing: 1.3411905765533447
reading: 1.5150146484375
data_fitting: 0.6766581535339355
flux_point: 6.465928316116333
