n_obs: 10
data_preparation: 7.251251459121704
writing: 1.7728731632232666
reading: 2.5716545581817627
data_fitting: 1.6598360538482666
flux_point: 19.465887784957886
