n_obs: 10
data_preparation: 3.52297043800354
writing: 1.1951370239257812
reading: 1.6232702732086182
data_fitting: 0.8116095066070557
flux_point: 7.019395589828491
