n_obs: 10
data_preparation: 6.226923704147339
writing: 1.5260095596313477
reading: 1.7775030136108398
data_fitting: 1.8176374435424805
flux_point: 58.68581008911133
