n_obs: 10
data_preparation: 6.371670722961426
writing: 2.2877917289733887
reading: 2.728867292404175
data_fitting: 4.551437616348267
flux_point: 49.54400014877319
