n_obs: 10
data_preparation: 3.7293944358825684
writing: 1.4273602962493896
reading: 1.5630526542663574
data_fitting: 0.7218451499938965
flux_point: 6.864636659622192
