n_obs: 10
data_preparation: 4.013653516769409
writing: 1.4444570541381836
reading: 1.672485589981079
data_fitting: 0.7259347438812256
flux_point: 6.709919691085815
