n_obs: 10
data_preparation: 3.366678237915039
writing: 2.015324354171753
reading: 1.7460119724273682
data_fitting: 0.7611157894134521
flux_point: 8.144927024841309
