n_obs: 10
data_preparation: 7.361081838607788
writing: 1.8507320880889893
reading: 2.542847156524658
data_fitting: 1.6906929016113281
flux_point: 25.233646154403687
