n_obs: 10
data_preparation: 5.8831565380096436
writing: 1.5871844291687012
reading: 1.9833292961120605
data_fitting: 1.2824606895446777
flux_point: 16.040934801101685
