n_obs: 10
data_preparation: 3.4531965255737305
writing: 2.2466840744018555
reading: 1.9296751022338867
data_fitting: 0.8702938556671143
flux_point: 8.812707662582397
