n_obs: 10
data_preparation: 6.911575794219971
writing: 2.0953845977783203
reading: 2.859381675720215
data_fitting: 2.4149463176727295
flux_point: 20.22902250289917
