n_obs: 10
data_preparation: 6.064516067504883
writing: 1.6812448501586914
reading: 2.0321598052978516
data_fitting: 1.403027057647705
flux_point: 17.448291778564453
