n_obs: 10
data_preparation: 7.176084995269775
writing: 1.6807825565338135
reading: 2.2981443405151367
data_fitting: 0.8344881534576416
flux_point: 8.376556158065796
