n_obs: 10
data_preparation: 8.117552280426025
writing: 2.1116926670074463
reading: 2.939512014389038
data_fitting: 1.9870431423187256
flux_point: 23.743662357330322
