n_obs: 10
data_preparation: 3.621501922607422
writing: 1.3826029300689697
reading: 1.510298490524292
data_fitting: 0.6844742298126221
flux_point: 6.50761342048645
