n_obs: 10
data_preparation: 6.7716569900512695
writing: 1.792553424835205
reading: 2.4950039386749268
data_fitting: 1.670067310333252
flux_point: 19.876347541809082
