n_obs: 10
data_preparation: 10.321916818618774
writing: 1.887725830078125
reading: 2.557149648666382
data_fitting: 1.0478715896606445
flux_point: 9.435317277908325
