n_obs: 10
data_preparation: 3.823758840560913
writing: 1.4457247257232666
reading: 1.573899745941162
data_fitting: 0.7241992950439453
flux_point: 7.020481586456299
