n_obs: 10
data_preparation: 3.4958324432373047
writing: 2.2531583309173584
reading: 2.048556089401245
data_fitting: 0.885007381439209
flux_point: 8.8011155128479
