n_obs: 10
data_preparation: 3.5823867321014404
writing: 1.1997485160827637
reading: 1.6195509433746338
data_fitting: 0.7986273765563965
flux_point: 6.967776298522949
