n_obs: 10
data_preparation: 3.3892228603363037
writing: 1.1056454181671143
reading: 1.4914307594299316
data_fitting: 0.7382919788360596
flux_point: 6.432212829589844
