n_obs: 10
data_preparation: 3.4812469482421875
writing: 1.180772304534912
reading: 1.5725314617156982
data_fitting: 0.7912623882293701
flux_point: 6.979300022125244
