n_obs: 10
data_preparation: 3.625638008117676
writing: 1.3735888004302979
reading: 1.542248249053955
data_fitting: 0.707038164138794
flux_point: 6.049861192703247
