n_obs: 10
data_preparation: 4.936941862106323
writing: 1.321169137954712
reading: 1.6574952602386475
data_fitting: 1.0069072246551514
flux_point: 12.853605270385742
