n_obs: 10
data_preparation: 6.302767276763916
writing: 1.8333110809326172
reading: 2.4156711101531982
data_fitting: 1.6803154945373535
flux_point: 20.346864461898804
