n_obs: 10
data_preparation: 3.4077961444854736
writing: 1.1220617294311523
reading: 1.498826503753662
data_fitting: 0.7831649780273438
flux_point: 6.766435384750366
