n_obs: 10
data_preparation: 6.255803823471069
writing: 1.6997978687286377
reading: 2.0750508308410645
data_fitting: 1.3014802932739258
flux_point: 16.233245372772217
