n_obs: 10
data_preparation: 8.168139934539795
writing: 2.1240344047546387
reading: 2.8718373775482178
data_fitting: 2.3179163932800293
flux_point: 27.960713148117065
