n_obs: 10
data_preparation: 8.845787286758423
writing: 1.617903709411621
reading: 2.2736103534698486
data_fitting: 0.9007961750030518
flux_point: 8.585318326950073
