n_obs: 10
data_preparation: 6.35889458656311
writing: 1.7641618251800537
reading: 2.153367519378662
data_fitting: 1.465484380722046
flux_point: 18.493350982666016
