n_obs: 10
data_preparation: 8.363115549087524
writing: 1.9818229675292969
reading: 2.3297204971313477
data_fitting: 0.9345097541809082
flux_point: 36.447216510772705
