n_obs: 10
data_preparation: 5.371614694595337
writing: 1.5313606262207031
reading: 1.8754138946533203
data_fitting: 1.5541877746582031
flux_point: 19.84704351425171
