n_obs: 10
data_preparation: 8.069985389709473
writing: 2.565563201904297
reading: 3.516293525695801
data_fitting: 3.0102529525756836
flux_point: 27.472450017929077
