n_obs: 10
data_preparation: 3.7241270542144775
writing: 1.4044702053070068
reading: 1.5732338428497314
data_fitting: 0.7084875106811523
flux_point: 6.7287609577178955
