n_obs: 10
data_preparation: 3.770671844482422
writing: 1.2312169075012207
reading: 1.677549123764038
data_fitting: 0.836965799331665
flux_point: 7.350640535354614
