n_obs: 10
data_preparation: 5.1003193855285645
writing: 1.9978914260864258
reading: 2.2989602088928223
data_fitting: 4.041073799133301
flux_point: 42.21554231643677
