n_obs: 10
data_preparation: 3.811100721359253
writing: 1.4813125133514404
reading: 1.6140100955963135
data_fitting: 0.7349667549133301
flux_point: 7.031757354736328
