n_obs: 10
data_preparation: 6.579245567321777
writing: 1.5589430332183838
reading: 1.8006746768951416
data_fitting: 1.846611738204956
flux_point: 57.46691370010376
