n_obs: 10
data_preparation: 3.4468772411346436
writing: 2.2122275829315186
reading: 2.0148680210113525
data_fitting: 0.8500182628631592
flux_point: 10.370360612869263
