n_obs: 10
data_preparation: 7.90178656578064
writing: 2.413482666015625
reading: 3.3326704502105713
data_fitting: 3.17539381980896
flux_point: 29.534650802612305
