n_obs: 10
data_preparation: 3.7958035469055176
writing: 1.4399170875549316
reading: 1.5723137855529785
data_fitting: 0.7089488506317139
flux_point: 6.870643854141235
