n_obs: 10
data_preparation: 8.233928442001343
writing: 1.487903118133545
reading: 2.0013623237609863
data_fitting: 1.3785583972930908
flux_point: 16.072744369506836
