n_obs: 10
data_preparation: 6.753475666046143
writing: 2.0804507732391357
reading: 2.8377037048339844
data_fitting: 2.454285144805908
flux_point: 22.465684175491333
