n_obs: 10
data_preparation: 4.933896780014038
writing: 1.7277615070343018
reading: 2.034794569015503
data_fitting: 3.265913724899292
flux_point: 34.37679839134216
