n_obs: 10
data_preparation: 3.6405704021453857
writing: 1.375539779663086
reading: 1.5226609706878662
data_fitting: 0.6750540733337402
flux_point: 6.5544140338897705
