n_obs: 10
data_preparation: 5.54319953918457
writing: 1.6856684684753418
reading: 1.9336233139038086
data_fitting: 1.6576635837554932
flux_point: 20.567763328552246
