n_obs: 10
data_preparation: 3.7447710037231445
writing: 1.4252822399139404
reading: 1.5469398498535156
data_fitting: 0.7198152542114258
flux_point: 6.621365308761597
