n_obs: 10
data_preparation: 4.4419238567352295
writing: 1.5696735382080078
reading: 1.8516955375671387
data_fitting: 0.6920983791351318
flux_point: 6.658003807067871
