n_obs: 10
data_preparation: 4.609558820724487
writing: 1.595346450805664
reading: 1.9110054969787598
data_fitting: 0.708754301071167
flux_point: 6.819892883300781
