n_obs: 10
data_preparation: 10.964705467224121
writing: 2.624943256378174
reading: 3.8263731002807617
data_fitting: 1.4940056800842285
flux_point: 13.617216110229492
