n_obs: 10
data_preparation: 3.7189724445343018
writing: 1.4175677299499512
reading: 1.5587668418884277
data_fitting: 0.7068483829498291
flux_point: 6.72100305557251
