n_obs: 10
data_preparation: 6.322928190231323
writing: 1.6172702312469482
reading: 2.178378105163574
data_fitting: 1.4670393466949463
flux_point: 16.762900590896606
