n_obs: 10
data_preparation: 3.5921053886413574
writing: 2.2814810276031494
reading: 2.1189727783203125
data_fitting: 0.910132646560669
flux_point: 10.644209384918213
