n_obs: 10
data_preparation: 9.064967393875122
writing: 2.1801598072052
reading: 3.1913979053497314
data_fitting: 1.3626437187194824
flux_point: 11.60786747932434
