n_obs: 10
data_preparation: 5.925316333770752
writing: 1.759103775024414
reading: 2.4650964736938477
data_fitting: 1.6389365196228027
flux_point: 17.70875120162964
