n_obs: 10
data_preparation: 5.710590362548828
writing: 1.5459413528442383
reading: 1.8885736465454102
data_fitting: 1.3289642333984375
flux_point: 16.235755920410156
