n_obs: 10
data_preparation: 3.7706117630004883
writing: 1.4094064235687256
reading: 1.5593194961547852
data_fitting: 0.7104511260986328
flux_point: 6.758444786071777
