n_obs: 10
data_preparation: 3.6353278160095215
writing: 1.35048246383667
reading: 1.537445306777954
data_fitting: 0.6728556156158447
flux_point: 6.636287450790405
