n_obs: 10
data_preparation: 3.4462547302246094
writing: 1.1558866500854492
reading: 1.5514395236968994
data_fitting: 0.7808029651641846
flux_point: 6.927562713623047
