n_obs: 10
data_preparation: 8.427981615066528
writing: 1.9498257637023926
reading: 2.8964898586273193
data_fitting: 1.100510597229004
flux_point: 9.741108417510986
