n_obs: 10
data_preparation: 5.118990659713745
writing: 1.908996820449829
reading: 2.093590497970581
data_fitting: 3.635254383087158
flux_point: 36.0140335559845
