n_obs: 10
data_preparation: 3.591099500656128
writing: 1.3402316570281982
reading: 1.4770574569702148
data_fitting: 0.6592564582824707
flux_point: 6.411722660064697
