n_obs: 10
data_preparation: 7.064587354660034
writing: 1.6677169799804688
reading: 2.297581434249878
data_fitting: 0.8382596969604492
flux_point: 8.350793361663818
