n_obs: 10
data_preparation: 10.90362548828125
writing: 2.0165271759033203
reading: 2.8531641960144043
data_fitting: 1.3270518779754639
flux_point: 12.098419427871704
