n_obs: 10
data_preparation: 3.665796995162964
writing: 1.3990209102630615
reading: 1.5188648700714111
data_fitting: 0.6943197250366211
flux_point: 6.587721109390259
