n_obs: 10
data_preparation: 8.15516972541809
writing: 2.111254930496216
reading: 2.971839427947998
data_fitting: 1.9167513847351074
flux_point: 21.83888053894043
