n_obs: 10
data_preparation: 6.129650831222534
writing: 1.586704969406128
reading: 2.0661001205444336
data_fitting: 1.326003074645996
flux_point: 27.0241858959198
