n_obs: 10
data_preparation: 6.0481438636779785
writing: 1.6341514587402344
reading: 2.001370429992676
data_fitting: 1.3961102962493896
flux_point: 17.335639238357544
