n_obs: 10
data_preparation: 3.6448750495910645
writing: 1.3531928062438965
reading: 1.5134177207946777
data_fitting: 0.6852190494537354
flux_point: 6.606680154800415
