n_obs: 10
data_preparation: 5.890323638916016
writing: 1.7800312042236328
reading: 2.438197374343872
data_fitting: 13.281079053878784
flux_point: 142.81334686279297
