n_obs: 10
data_preparation: 7.028394937515259
writing: 2.1007447242736816
reading: 2.8834362030029297
data_fitting: 1.8453972339630127
flux_point: 20.615997791290283
