n_obs: 10
data_preparation: 8.244542360305786
writing: 1.9293017387390137
reading: 2.2596006393432617
data_fitting: 3.860060453414917
flux_point: 175.99359345436096
