n_obs: 10
data_preparation: 7.033451080322266
writing: 1.9052608013153076
reading: 2.362138032913208
data_fitting: 1.695030689239502
flux_point: 34.39836931228638
