n_obs: 10
data_preparation: 4.318715572357178
writing: 1.4794249534606934
reading: 1.8639535903930664
data_fitting: 0.7727081775665283
flux_point: 7.089569330215454
