n_obs: 10
data_preparation: 3.85356068611145
writing: 1.3716208934783936
reading: 1.659271478652954
data_fitting: 2.602954149246216
flux_point: 27.315408945083618
