n_obs: 10
data_preparation: 4.492120981216431
writing: 1.5435707569122314
reading: 1.8623299598693848
data_fitting: 0.7071468830108643
flux_point: 6.776544809341431
