n_obs: 10
data_preparation: 6.61180305480957
writing: 1.6285102367401123
reading: 2.3332722187042236
data_fitting: 1.5546419620513916
flux_point: 18.127609491348267
