n_obs: 10
data_preparation: 5.674587965011597
writing: 1.5326628684997559
reading: 1.8181018829345703
data_fitting: 1.1323602199554443
flux_point: 14.420503377914429
