n_obs: 10
data_preparation: 8.92581582069397
writing: 1.6304347515106201
reading: 2.1959002017974854
data_fitting: 0.882810115814209
flux_point: 8.086275339126587
