n_obs: 10
data_preparation: 3.636138916015625
writing: 1.3674111366271973
reading: 1.5952119827270508
data_fitting: 0.8273489475250244
flux_point: 7.278689384460449
