n_obs: 10
data_preparation: 6.2131123542785645
writing: 1.570199966430664
reading: 1.9380204677581787
data_fitting: 1.3885507583618164
flux_point: 16.50262475013733
