n_obs: 10
data_preparation: 8.03973937034607
writing: 2.4940760135650635
reading: 3.3412606716156006
data_fitting: 2.4228336811065674
flux_point: 28.816518306732178
