n_obs: 10
data_preparation: 3.532806634902954
writing: 1.3630247116088867
reading: 1.5358707904815674
data_fitting: 0.8276913166046143
flux_point: 7.229864120483398
