n_obs: 10
data_preparation: 9.211866855621338
writing: 1.6703720092773438
reading: 2.2195913791656494
data_fitting: 1.4792897701263428
flux_point: 16.972020864486694
