n_obs: 10
data_preparation: 4.631193399429321
writing: 1.5228111743927002
reading: 1.865616798400879
data_fitting: 0.7095799446105957
flux_point: 6.764667749404907
