n_obs: 10
data_preparation: 8.507952690124512
writing: 2.119738817214966
reading: 2.831191062927246
data_fitting: 1.069037675857544
flux_point: 9.422508239746094
