n_obs: 10
data_preparation: 3.505497932434082
writing: 1.161945104598999
reading: 1.5603013038635254
data_fitting: 0.7970998287200928
flux_point: 6.90513801574707
