n_obs: 10
data_preparation: 6.914267539978027
writing: 1.6994283199310303
reading: 2.4853765964508057
data_fitting: 1.6333987712860107
flux_point: 24.1027512550354
