n_obs: 10
data_preparation: 8.79839539527893
writing: 2.317103385925293
reading: 3.3103387355804443
data_fitting: 2.1351170539855957
flux_point: 26.167028427124023
