n_obs: 10
data_preparation: 6.843674421310425
writing: 1.633159875869751
reading: 2.402554988861084
data_fitting: 1.7135136127471924
flux_point: 18.59502339363098
