n_obs: 10
data_preparation: 3.5433244705200195
writing: 1.2270727157592773
reading: 1.5919525623321533
data_fitting: 0.7920377254486084
flux_point: 6.953293561935425
