n_obs: 10
data_preparation: 5.858172416687012
writing: 1.777266502380371
reading: 2.4694457054138184
data_fitting: 1.604637622833252
flux_point: 17.52707266807556
