n_obs: 10
data_preparation: 3.429478168487549
writing: 1.151432752609253
reading: 1.5356392860412598
data_fitting: 0.7811527252197266
flux_point: 6.807622909545898
