n_obs: 10
data_preparation: 9.200849771499634
writing: 1.679335117340088
reading: 2.282907247543335
data_fitting: 0.9287338256835938
flux_point: 8.364009141921997
