n_obs: 10
data_preparation: 4.501944065093994
writing: 1.5576622486114502
reading: 1.9483191967010498
data_fitting: 0.7945230007171631
flux_point: 7.339592218399048
