n_obs: 10
data_preparation: 4.3548266887664795
writing: 1.469022274017334
reading: 1.911391019821167
data_fitting: 2.9806997776031494
flux_point: 32.20053291320801
