n_obs: 10
data_preparation: 6.63950514793396
writing: 1.7273001670837402
reading: 2.12253999710083
data_fitting: 1.5865771770477295
flux_point: 19.341503143310547
