n_obs: 10
data_preparation: 7.9510557651519775
writing: 2.0846426486968994
reading: 2.860166311264038
data_fitting: 1.9338884353637695
flux_point: 23.33815050125122
