n_obs: 10
data_preparation: 5.905102014541626
writing: 1.783914566040039
reading: 2.4517428874969482
data_fitting: 1.5357286930084229
flux_point: 17.44966769218445
