n_obs: 10
data_preparation: 3.5060274600982666
writing: 1.2012569904327393
reading: 1.5997974872589111
data_fitting: 0.8006739616394043
flux_point: 6.924833536148071
