n_obs: 10
data_preparation: 5.841033697128296
writing: 2.230952262878418
reading: 2.663252592086792
data_fitting: 4.622366666793823
flux_point: 48.52921271324158
