n_obs: 10
data_preparation: 7.402037858963013
writing: 2.3242242336273193
reading: 3.317899703979492
data_fitting: 17.125431776046753
flux_point: 164.9021852016449
