n_obs: 10
data_preparation: 9.13835597038269
writing: 2.1118650436401367
reading: 2.954090118408203
data_fitting: 1.1312305927276611
flux_point: 10.171447277069092
