n_obs: 10
data_preparation: 8.50719690322876
writing: 2.6599912643432617
reading: 3.634070873260498
data_fitting: 3.1702563762664795
flux_point: 29.19402837753296
