n_obs: 10
data_preparation: 6.506323337554932
writing: 1.7966220378875732
reading: 2.176605224609375
data_fitting: 1.368199110031128
flux_point: 17.02248525619507
