n_obs: 10
data_preparation: 3.4667816162109375
writing: 1.1603775024414062
reading: 1.5109820365905762
data_fitting: 0.7883882522583008
flux_point: 6.788776874542236
