n_obs: 10
data_preparation: 4.552856683731079
writing: 1.5700957775115967
reading: 1.8888087272644043
data_fitting: 0.7181239128112793
flux_point: 6.878170013427734
