n_obs: 10
data_preparation: 3.8201544284820557
writing: 1.419492244720459
reading: 1.5385301113128662
data_fitting: 0.6905255317687988
flux_point: 6.555435657501221
