n_obs: 10
data_preparation: 7.264745712280273
writing: 1.6995561122894287
reading: 1.9495341777801514
data_fitting: 1.9427998065948486
flux_point: 60.099616050720215
