n_obs: 10
data_preparation: 6.759774684906006
writing: 2.0831871032714844
reading: 2.886119842529297
data_fitting: 2.533400535583496
flux_point: 23.09962248802185
