n_obs: 10
data_preparation: 6.6701695919036865
writing: 1.7776660919189453
reading: 2.0926473140716553
data_fitting: 1.471024990081787
flux_point: 18.61893367767334
