n_obs: 10
data_preparation: 3.6273958683013916
writing: 1.345024585723877
reading: 1.4909217357635498
data_fitting: 0.6731841564178467
flux_point: 6.4015796184539795
