n_obs: 10
data_preparation: 5.837496995925903
writing: 1.7330946922302246
reading: 2.358656167984009
data_fitting: 1.5173792839050293
flux_point: 17.207234621047974
