n_obs: 10
data_preparation: 6.556695461273193
writing: 1.9744572639465332
reading: 2.7145676612854004
data_fitting: 2.2093143463134766
flux_point: 19.39261817932129
