n_obs: 10
data_preparation: 4.503784656524658
writing: 1.5318067073822021
reading: 1.8905096054077148
data_fitting: 0.793015718460083
flux_point: 7.306232690811157
