n_obs: 10
data_preparation: 3.4521477222442627
writing: 2.239244222640991
reading: 2.0288751125335693
data_fitting: 0.8583261966705322
flux_point: 10.427138328552246
