n_obs: 10
data_preparation: 3.762819528579712
writing: 1.4449548721313477
reading: 1.5710678100585938
data_fitting: 0.7292652130126953
flux_point: 6.927255868911743
