n_obs: 10
data_preparation: 3.6390771865844727
writing: 1.3976178169250488
reading: 1.5278615951538086
data_fitting: 0.7112977504730225
flux_point: 6.734123229980469
