n_obs: 10
data_preparation: 3.636150360107422
writing: 1.4235930442810059
reading: 1.5230376720428467
data_fitting: 0.6905100345611572
flux_point: 6.490488290786743
