n_obs: 10
data_preparation: 6.686387062072754
writing: 1.8423433303833008
reading: 2.355632781982422
data_fitting: 1.679804801940918
flux_point: 34.15868639945984
