n_obs: 10
data_preparation: 3.6107702255249023
writing: 1.344438076019287
reading: 1.4898345470428467
data_fitting: 0.6700148582458496
flux_point: 6.526957273483276
