n_obs: 10
data_preparation: 3.573010206222534
writing: 1.3216807842254639
reading: 1.469930648803711
data_fitting: 0.6685149669647217
flux_point: 6.408996820449829
