n_obs: 10
data_preparation: 3.7874977588653564
writing: 1.4234435558319092
reading: 1.5758233070373535
data_fitting: 0.6940040588378906
flux_point: 6.84674334526062
