n_obs: 10
data_preparation: 7.626774549484253
writing: 2.3835220336914062
reading: 3.334063768386841
data_fitting: 3.149578332901001
flux_point: 28.489975214004517
