n_obs: 10
data_preparation: 3.6194045543670654
writing: 1.321838140487671
reading: 1.5993139743804932
data_fitting: 0.8334827423095703
flux_point: 7.3522138595581055
