n_obs: 10
data_preparation: 8.973916292190552
writing: 2.302791118621826
reading: 3.3266851902008057
data_fitting: 2.291316270828247
flux_point: 28.33834981918335
