n_obs: 10
data_preparation: 3.597205400466919
writing: 1.3642983436584473
reading: 1.4920871257781982
data_fitting: 0.6767971515655518
flux_point: 5.97818398475647
