n_obs: 10
data_preparation: 3.659942865371704
writing: 1.4133284091949463
reading: 1.5686671733856201
data_fitting: 0.8416016101837158
flux_point: 7.468858480453491
