n_obs: 10
data_preparation: 3.6795222759246826
writing: 1.3463881015777588
reading: 1.5393331050872803
data_fitting: 0.6930015087127686
flux_point: 6.682348251342773
