n_obs: 10
data_preparation: 3.647122383117676
writing: 1.3783912658691406
reading: 1.509462594985962
data_fitting: 0.6767842769622803
flux_point: 6.517576456069946
