n_obs: 10
data_preparation: 5.930841445922852
writing: 1.7133102416992188
reading: 2.0333847999572754
data_fitting: 1.510359764099121
flux_point: 18.770462036132812
