n_obs: 10
data_preparation: 6.527506113052368
writing: 1.501357078552246
reading: 1.8358969688415527
data_fitting: 1.93711256980896
flux_point: 57.26501417160034
