n_obs: 10
data_preparation: 4.757592439651489
writing: 1.5095860958099365
reading: 1.8742709159851074
data_fitting: 0.7064836025238037
flux_point: 6.779381990432739
