n_obs: 10
data_preparation: 3.629136085510254
writing: 2.1899850368499756
reading: 1.9202001094818115
data_fitting: 0.8198344707489014
flux_point: 8.701923608779907
