n_obs: 10
data_preparation: 5.944447755813599
writing: 1.802582025527954
reading: 2.468017101287842
data_fitting: 1.5451576709747314
flux_point: 17.40850019454956
