n_obs: 10
data_preparation: 6.74830436706543
writing: 1.5786566734313965
reading: 2.1373684406280518
data_fitting: 2.4181079864501953
flux_point: 71.80522894859314
