n_obs: 10
data_preparation: 3.5939528942108154
writing: 1.3276903629302979
reading: 1.4755327701568604
data_fitting: 0.6638047695159912
flux_point: 6.394052743911743
