n_obs: 10
data_preparation: 6.662759065628052
writing: 1.7602334022521973
reading: 2.4509899616241455
data_fitting: 1.5603668689727783
flux_point: 18.822779417037964
