n_obs: 10
data_preparation: 5.197686433792114
writing: 1.9100384712219238
reading: 2.1855309009552
data_fitting: 3.6543962955474854
flux_point: 38.133654832839966
