n_obs: 10
data_preparation: 4.406245231628418
writing: 1.556946039199829
reading: 1.874488353729248
data_fitting: 3.0077011585235596
flux_point: 31.455453872680664
