n_obs: 10
data_preparation: 5.042862415313721
writing: 1.2964215278625488
reading: 1.5723588466644287
data_fitting: 1.021148443222046
flux_point: 12.812340021133423
