n_obs: 10
data_preparation: 4.343017339706421
writing: 1.4940180778503418
reading: 1.858074426651001
data_fitting: 0.7688736915588379
flux_point: 7.148596286773682
