n_obs: 10
data_preparation: 9.197507858276367
writing: 2.2813005447387695
reading: 2.6544673442840576
data_fitting: 2.780076265335083
flux_point: 87.01617527008057
