n_obs: 10
data_preparation: 6.88847804069519
writing: 1.665102243423462
reading: 2.421398878097534
data_fitting: 1.5648479461669922
flux_point: 24.083818197250366
