n_obs: 10
data_preparation: 7.2345170974731445
writing: 1.7054314613342285
reading: 2.34041690826416
data_fitting: 0.845104455947876
flux_point: 8.50735092163086
