n_obs: 10
data_preparation: 4.971574783325195
writing: 1.7906460762023926
reading: 2.3074843883514404
data_fitting: 3.451219081878662
flux_point: 36.021519899368286
