n_obs: 10
data_preparation: 8.689039707183838
writing: 2.4477696418762207
reading: 3.466002941131592
data_fitting: 2.2883713245391846
flux_point: 26.637508869171143
