n_obs: 10
data_preparation: 3.9758150577545166
writing: 1.4228544235229492
reading: 1.6569156646728516
data_fitting: 0.7176675796508789
flux_point: 6.6025636196136475
