n_obs: 10
data_preparation: 4.393167972564697
writing: 1.4979329109191895
reading: 1.8880891799926758
data_fitting: 0.8171594142913818
flux_point: 7.2529616355896
