n_obs: 10
data_preparation: 3.609245538711548
writing: 1.2082808017730713
reading: 1.5914125442504883
data_fitting: 0.8121089935302734
flux_point: 7.059938907623291
