n_obs: 10
data_preparation: 6.458751916885376
writing: 1.5936825275421143
reading: 2.327848196029663
data_fitting: 1.4959864616394043
flux_point: 17.2976233959198
