n_obs: 10
data_preparation: 5.181063413619995
writing: 1.3449985980987549
reading: 1.9341166019439697
data_fitting: 1.1642091274261475
flux_point: 14.523183345794678
