n_obs: 10
data_preparation: 4.477802515029907
writing: 1.556241512298584
reading: 1.8771641254425049
data_fitting: 0.7059376239776611
flux_point: 6.797516107559204
