n_obs: 10
data_preparation: 3.67460298538208
writing: 1.3733532428741455
reading: 1.526698350906372
data_fitting: 0.6781117916107178
flux_point: 6.585842847824097
