n_obs: 10
data_preparation: 5.0824010372161865
writing: 1.9467127323150635
reading: 2.3257699012756348
data_fitting: 3.9758172035217285
flux_point: 42.26103091239929
