n_obs: 10
data_preparation: 7.45241379737854
writing: 2.3096506595611572
reading: 3.230255126953125
data_fitting: 2.0427019596099854
flux_point: 24.996854066848755
