n_obs: 10
data_preparation: 7.669114112854004
writing: 1.8248636722564697
reading: 2.7468221187591553
data_fitting: 1.7257981300354004
flux_point: 19.767375469207764
