n_obs: 10
data_preparation: 6.259432315826416
writing: 1.6051735877990723
reading: 1.9523096084594727
data_fitting: 1.3910045623779297
flux_point: 16.731857538223267
