n_obs: 10
data_preparation: 4.689926624298096
writing: 1.6062617301940918
reading: 1.8903307914733887
data_fitting: 0.7289445400238037
flux_point: 6.781450510025024
