n_obs: 10
data_preparation: 3.5900886058807373
writing: 2.488111972808838
reading: 1.9626007080078125
data_fitting: 0.8745815753936768
flux_point: 8.950724124908447
