n_obs: 10
data_preparation: 3.640702486038208
writing: 1.3917829990386963
reading: 1.6379389762878418
data_fitting: 0.8331882953643799
flux_point: 7.501714706420898
