n_obs: 10
data_preparation: 4.001903057098389
writing: 1.4304661750793457
reading: 1.672029733657837
data_fitting: 0.7228884696960449
flux_point: 6.6834399700164795
