n_obs: 10
data_preparation: 3.7058424949645996
writing: 1.4187381267547607
reading: 1.5398120880126953
data_fitting: 0.6837034225463867
flux_point: 6.701416730880737
