n_obs: 10
data_preparation: 10.401793241500854
writing: 1.904540777206421
reading: 2.6058189868927
data_fitting: 1.0303730964660645
flux_point: 9.842630624771118
