n_obs: 10
data_preparation: 7.527759790420532
writing: 2.0190258026123047
reading: 2.662895917892456
data_fitting: 1.8750619888305664
flux_point: 37.68818235397339
