n_obs: 10
data_preparation: 3.4974658489227295
writing: 2.3588311672210693
reading: 2.259920597076416
data_fitting: 0.9192979335784912
flux_point: 8.792819261550903
