n_obs: 10
data_preparation: 5.483055591583252
writing: 1.8026878833770752
reading: 2.1619114875793457
data_fitting: 7.179619312286377
flux_point: 69.14731669425964
