n_obs: 10
data_preparation: 3.621041774749756
writing: 1.3373548984527588
reading: 1.4648730754852295
data_fitting: 0.6627497673034668
flux_point: 6.372088670730591
