n_obs: 10
data_preparation: 3.6299479007720947
writing: 2.3570332527160645
reading: 2.1996243000030518
data_fitting: 0.8992700576782227
flux_point: 8.955589056015015
