n_obs: 10
data_preparation: 3.6097748279571533
writing: 1.3435370922088623
reading: 1.4748833179473877
data_fitting: 0.6672370433807373
flux_point: 6.502707004547119
