n_obs: 10
data_preparation: 6.863854169845581
writing: 1.8185784816741943
reading: 2.506685256958008
data_fitting: 1.6714355945587158
flux_point: 20.01962399482727
