n_obs: 10
data_preparation: 5.945063591003418
writing: 1.7948429584503174
reading: 2.4609994888305664
data_fitting: 1.558903455734253
flux_point: 17.04692506790161
