n_obs: 10
data_preparation: 3.658491611480713
writing: 1.35727858543396
reading: 1.5209684371948242
data_fitting: 0.690697431564331
flux_point: 6.570546388626099
