n_obs: 10
data_preparation: 7.657935619354248
writing: 1.8453350067138672
reading: 2.1738078594207764
data_fitting: 2.138317584991455
flux_point: 68.35654759407043
