n_obs: 10
data_preparation: 4.7455995082855225
writing: 1.5262229442596436
reading: 1.9062750339508057
data_fitting: 0.7082157135009766
flux_point: 6.903779983520508
