n_obs: 10
data_preparation: 6.863471984863281
writing: 2.0725674629211426
reading: 2.8244903087615967
data_fitting: 2.3691413402557373
flux_point: 19.904680967330933
