n_obs: 10
data_preparation: 7.322274208068848
writing: 1.8232581615447998
reading: 2.6240742206573486
data_fitting: 1.6925830841064453
flux_point: 25.154587984085083
