n_obs: 10
data_preparation: 3.5569701194763184
writing: 1.1914165019989014
reading: 1.5822842121124268
data_fitting: 0.8537478446960449
flux_point: 7.000141382217407
