n_obs: 10
data_preparation: 6.327059268951416
writing: 1.5853517055511475
reading: 2.2817940711975098
data_fitting: 1.4842405319213867
flux_point: 21.980598211288452
