n_obs: 10
data_preparation: 7.471267938613892
writing: 1.8563871383666992
reading: 2.456540822982788
data_fitting: 0.9304361343383789
flux_point: 8.507946014404297
