n_obs: 10
data_preparation: 7.516873836517334
writing: 1.644104242324829
reading: 2.055673599243164
data_fitting: 3.020784616470337
flux_point: 43.30178451538086
