n_obs: 10
data_preparation: 7.582003593444824
writing: 2.008847236633301
reading: 2.7460851669311523
data_fitting: 2.0131826400756836
flux_point: 25.105217933654785
