n_obs: 10
data_preparation: 9.356707334518433
writing: 1.6610043048858643
reading: 2.2148518562316895
data_fitting: 1.496626377105713
flux_point: 17.589157104492188
