n_obs: 10
data_preparation: 6.39241361618042
writing: 1.7011895179748535
reading: 2.32826828956604
data_fitting: 1.539872646331787
flux_point: 17.902003526687622
