n_obs: 10
data_preparation: 5.506106376647949
writing: 2.0507872104644775
reading: 2.521721601486206
data_fitting: 4.115415096282959
flux_point: 43.75519585609436
