n_obs: 10
data_preparation: 7.75941801071167
writing: 1.876720905303955
reading: 2.770366668701172
data_fitting: 1.8100392818450928
flux_point: 20.881352424621582
