n_obs: 10
data_preparation: 3.64768648147583
writing: 1.3618688583374023
reading: 1.5118443965911865
data_fitting: 0.679635763168335
flux_point: 6.040317058563232
