n_obs: 10
data_preparation: 4.687669515609741
writing: 1.8441007137298584
reading: 2.2413623332977295
data_fitting: 3.809967279434204
flux_point: 39.964221477508545
