n_obs: 10
data_preparation: 7.213841915130615
writing: 1.7150979042053223
reading: 2.3937580585479736
data_fitting: 0.9177379608154297
flux_point: 8.324798107147217
