n_obs: 10
data_preparation: 6.850510597229004
writing: 1.828467607498169
reading: 2.5269112586975098
data_fitting: 1.7191009521484375
flux_point: 18.69870352745056
