n_obs: 10
data_preparation: 3.5897507667541504
writing: 1.3555445671081543
reading: 1.5025534629821777
data_fitting: 0.6751155853271484
flux_point: 6.467459201812744
