n_obs: 10
data_preparation: 7.429905652999878
writing: 1.8101587295532227
reading: 2.296598196029663
data_fitting: 1.708099126815796
flux_point: 21.20094609260559
