n_obs: 10
data_preparation: 3.5992958545684814
writing: 1.3879132270812988
reading: 1.55814790725708
data_fitting: 0.8337836265563965
flux_point: 7.418715715408325
