n_obs: 10
data_preparation: 9.174943447113037
writing: 1.6773998737335205
reading: 2.228895425796509
data_fitting: 0.8313157558441162
flux_point: 7.86791467666626
