n_obs: 10
data_preparation: 5.910638809204102
writing: 1.7320263385772705
reading: 2.4132187366485596
data_fitting: 2.0006980895996094
flux_point: 17.160585641860962
