n_obs: 10
data_preparation: 8.028581380844116
writing: 2.455824375152588
reading: 3.3842833042144775
data_fitting: 2.307572603225708
flux_point: 28.419029712677002
