n_obs: 10
data_preparation: 10.730082035064697
writing: 1.9823107719421387
reading: 2.683316946029663
data_fitting: 1.0726382732391357
flux_point: 10.08102536201477
