n_obs: 10
data_preparation: 9.299245119094849
writing: 1.6738035678863525
reading: 2.226522207260132
data_fitting: 1.4717273712158203
flux_point: 16.96960997581482
