n_obs: 10
data_preparation: 6.551336288452148
writing: 1.6181700229644775
reading: 2.3569910526275635
data_fitting: 1.5163185596466064
flux_point: 17.604113817214966
