n_obs: 10
data_preparation: 3.631574869155884
writing: 1.3494141101837158
reading: 1.4991531372070312
data_fitting: 0.67478346824646
flux_point: 6.388487339019775
