n_obs: 10
data_preparation: 3.925952672958374
writing: 1.4134366512298584
reading: 1.6484756469726562
data_fitting: 0.7127830982208252
flux_point: 6.561945676803589
