n_obs: 10
data_preparation: 6.281122207641602
writing: 1.6350958347320557
reading: 2.006324052810669
data_fitting: 1.4386353492736816
flux_point: 17.584167003631592
