n_obs: 10
data_preparation: 8.766099452972412
writing: 2.383833169937134
reading: 3.344428777694702
data_fitting: 2.2112433910369873
flux_point: 26.334545135498047
