n_obs: 10
data_preparation: 7.435364484786987
writing: 1.7353489398956299
reading: 2.006338596343994
data_fitting: 2.1968698501586914
flux_point: 66.29060888290405
