n_obs: 10
data_preparation: 3.7226157188415527
writing: 2.498389720916748
reading: 1.6346850395202637
data_fitting: 0.8499531745910645
flux_point: 7.6844096183776855
