n_obs: 10
data_preparation: 3.5609490871429443
writing: 1.184574842453003
reading: 1.6090843677520752
data_fitting: 0.7940049171447754
flux_point: 6.986467599868774
