n_obs: 10
data_preparation: 6.435315370559692
writing: 1.7309699058532715
reading: 2.3301336765289307
data_fitting: 1.521749496459961
flux_point: 17.902689456939697
