n_obs: 10
data_preparation: 13.587224245071411
writing: 2.359550952911377
reading: 3.447657823562622
data_fitting: 2.4101271629333496
flux_point: 29.801288604736328
