n_obs: 10
data_preparation: 6.091844320297241
writing: 1.8034024238586426
reading: 2.4822921752929688
data_fitting: 1.651761770248413
flux_point: 17.898101091384888
