n_obs: 10
data_preparation: 3.472038745880127
writing: 2.228471279144287
reading: 2.028493881225586
data_fitting: 0.8586163520812988
flux_point: 10.406987428665161
