n_obs: 10
data_preparation: 3.7562243938446045
writing: 1.4604415893554688
reading: 1.6313982009887695
data_fitting: 0.8682353496551514
flux_point: 7.684417009353638
