n_obs: 10
data_preparation: 5.058631420135498
writing: 1.7992327213287354
reading: 2.0782318115234375
data_fitting: 3.5036604404449463
flux_point: 36.54385423660278
