n_obs: 10
data_preparation: 5.8609418869018555
writing: 1.7952840328216553
reading: 2.447359800338745
data_fitting: 1.5414860248565674
flux_point: 17.313639640808105
