n_obs: 10
data_preparation: 7.442876100540161
writing: 1.9550402164459229
reading: 2.6753768920898438
data_fitting: 1.7883415222167969
flux_point: 20.73926329612732
