n_obs: 10
data_preparation: 5.8408966064453125
writing: 1.7965383529663086
reading: 2.4112377166748047
data_fitting: 1.9727528095245361
flux_point: 17.116084575653076
