n_obs: 10
data_preparation: 6.922861576080322
writing: 1.9576809406280518
reading: 2.3756625652313232
data_fitting: 1.8028044700622559
flux_point: 22.49093508720398
