n_obs: 10
data_preparation: 3.4807419776916504
writing: 1.1848278045654297
reading: 1.5352272987365723
data_fitting: 0.8010334968566895
flux_point: 6.961855173110962
