n_obs: 10
data_preparation: 3.9773354530334473
writing: 1.5115280151367188
reading: 1.6452834606170654
data_fitting: 0.737234354019165
flux_point: 7.147892236709595
