n_obs: 10
data_preparation: 8.714011669158936
writing: 2.230626344680786
reading: 3.3054261207580566
data_fitting: 2.182143211364746
flux_point: 27.224546909332275
