n_obs: 10
data_preparation: 3.679279327392578
writing: 1.347780704498291
reading: 1.4959464073181152
data_fitting: 0.6761705875396729
flux_point: 6.506928443908691
