n_obs: 10
data_preparation: 10.307368040084839
writing: 1.91741943359375
reading: 2.634237766265869
data_fitting: 1.2255451679229736
flux_point: 11.590790033340454
