n_obs: 10
data_preparation: 6.494245767593384
writing: 1.6145415306091309
reading: 2.355180025100708
data_fitting: 1.4823362827301025
flux_point: 17.05152201652527
