n_obs: 10
data_preparation: 5.2960944175720215
writing: 1.920166254043579
reading: 2.268550395965576
data_fitting: 3.6067471504211426
flux_point: 37.87444353103638
