n_obs: 10
data_preparation: 6.640712261199951
writing: 2.0130317211151123
reading: 2.755992889404297
data_fitting: 14.916416883468628
flux_point: 157.1205174922943
