n_obs: 10
data_preparation: 3.3939008712768555
writing: 2.214118242263794
reading: 2.0020923614501953
data_fitting: 0.8612351417541504
flux_point: 10.143849611282349
