n_obs: 10
data_preparation: 6.071491003036499
writing: 1.087662935256958
reading: 0.8192851543426514
data_fitting: 0.7431070804595947
flux_point: 6.383779764175415
