n_obs: 10
data_preparation: 5.341546535491943
writing: 2.0252184867858887
reading: 2.459662675857544
data_fitting: 3.968596935272217
flux_point: 40.69359540939331
