n_obs: 10
data_preparation: 4.6088902950286865
writing: 1.5648345947265625
reading: 1.8813676834106445
data_fitting: 0.7132918834686279
flux_point: 6.816039562225342
