n_obs: 10
data_preparation: 3.5947604179382324
writing: 1.4254238605499268
reading: 1.5605096817016602
data_fitting: 0.8393077850341797
flux_point: 7.421760082244873
