n_obs: 10
data_preparation: 4.972015142440796
writing: 1.2411468029022217
reading: 1.504706859588623
data_fitting: 1.0802152156829834
flux_point: 13.252522468566895
