n_obs: 10
data_preparation: 7.785306692123413
writing: 2.5148377418518066
reading: 3.4243102073669434
data_fitting: 2.895298957824707
flux_point: 26.68982744216919
