n_obs: 10
data_preparation: 6.603229522705078
writing: 1.5627827644348145
reading: 1.7971935272216797
data_fitting: 1.7889800071716309
flux_point: 55.84659957885742
