n_obs: 10
data_preparation: 6.498917579650879
writing: 1.5949537754058838
reading: 2.306407928466797
data_fitting: 1.5338993072509766
flux_point: 17.884253978729248
