n_obs: 10
data_preparation: 6.248543739318848
writing: 1.6820096969604492
reading: 2.1892404556274414
data_fitting: 1.7250654697418213
flux_point: 35.196208238601685
