n_obs: 10
data_preparation: 7.116804838180542
writing: 1.6782243251800537
reading: 2.2978267669677734
data_fitting: 0.8351752758026123
flux_point: 7.556264400482178
