n_obs: 10
data_preparation: 3.3431625366210938
writing: 2.040294647216797
reading: 1.7433881759643555
data_fitting: 0.7666134834289551
flux_point: 8.056697607040405
