n_obs: 10
data_preparation: 3.490549325942993
writing: 1.1705119609832764
reading: 1.571930170059204
data_fitting: 0.7859885692596436
flux_point: 6.887186050415039
