n_obs: 10
data_preparation: 9.402127265930176
writing: 1.6934373378753662
reading: 2.252469539642334
data_fitting: 1.4935381412506104
flux_point: 17.355860471725464
