n_obs: 10
data_preparation: 3.9742023944854736
writing: 1.4222207069396973
reading: 1.657113790512085
data_fitting: 0.7133846282958984
flux_point: 6.555215835571289
