n_obs: 10
data_preparation: 3.6932435035705566
writing: 1.3848047256469727
reading: 1.5360488891601562
data_fitting: 0.6906027793884277
flux_point: 6.655786752700806
