n_obs: 10
data_preparation: 6.891765832901001
writing: 1.8041560649871826
reading: 2.5085458755493164
data_fitting: 1.5691418647766113
flux_point: 19.069299936294556
