n_obs: 10
data_preparation: 3.625192880630493
writing: 1.368765115737915
reading: 1.510652780532837
data_fitting: 0.6727645397186279
flux_point: 6.386930465698242
