n_obs: 10
data_preparation: 6.573592662811279
writing: 1.5990378856658936
reading: 2.2984704971313477
data_fitting: 1.5297422409057617
flux_point: 17.712347269058228
