n_obs: 10
data_preparation: 4.372190475463867
writing: 1.506943941116333
reading: 1.8672466278076172
data_fitting: 0.7740700244903564
flux_point: 7.176234722137451
