n_obs: 10
data_preparation: 6.271227598190308
writing: 1.707211971282959
reading: 2.0803005695343018
data_fitting: 1.271836280822754
flux_point: 16.10548424720764
