n_obs: 10
data_preparation: 3.696221113204956
writing: 1.395944356918335
reading: 1.52382493019104
data_fitting: 0.683753490447998
flux_point: 6.523238658905029
