n_obs: 10
data_preparation: 3.4914815425872803
writing: 1.1687424182891846
reading: 1.5419232845306396
data_fitting: 0.8137192726135254
flux_point: 6.971441984176636
