n_obs: 10
data_preparation: 5.820645093917847
writing: 2.2222368717193604
reading: 2.71993350982666
data_fitting: 4.713788270950317
flux_point: 48.369675636291504
