n_obs: 10
data_preparation: 3.4317851066589355
writing: 2.22440767288208
reading: 2.0572075843811035
data_fitting: 0.8674468994140625
flux_point: 8.577719449996948
