n_obs: 10
data_preparation: 7.568981170654297
writing: 1.7368505001068115
reading: 2.5500543117523193
data_fitting: 1.0023624897003174
flux_point: 8.666159629821777
