n_obs: 10
data_preparation: 3.5803472995758057
writing: 1.4274420738220215
reading: 1.5460634231567383
data_fitting: 0.7004513740539551
flux_point: 6.747703552246094
