n_obs: 10
data_preparation: 3.638655424118042
writing: 1.335453987121582
reading: 1.6099724769592285
data_fitting: 0.8369736671447754
flux_point: 7.345858573913574
