n_obs: 10
data_preparation: 6.5089271068573
writing: 1.5853009223937988
reading: 2.325521945953369
data_fitting: 1.616246223449707
flux_point: 17.547804355621338
