n_obs: 10
data_preparation: 6.466937780380249
writing: 1.5490872859954834
reading: 1.8564980030059814
data_fitting: 1.8423476219177246
flux_point: 58.93052840232849
