n_obs: 10
data_preparation: 3.5409035682678223
writing: 1.2160236835479736
reading: 1.6185336112976074
data_fitting: 0.815537691116333
flux_point: 7.05973744392395
