n_obs: 10
data_preparation: 11.302654504776001
writing: 2.8490748405456543
reading: 3.828153371810913
data_fitting: 1.4827871322631836
flux_point: 13.835421562194824
