n_obs: 10
data_preparation: 7.098704099655151
writing: 1.654155969619751
reading: 2.1890878677368164
data_fitting: 0.8369097709655762
flux_point: 8.461745977401733
