n_obs: 10
data_preparation: 5.326156139373779
writing: 1.764073133468628
reading: 2.1051650047302246
data_fitting: 6.992018461227417
flux_point: 66.84035730361938
