n_obs: 10
data_preparation: 6.493886709213257
writing: 1.9682176113128662
reading: 2.793752670288086
data_fitting: 14.481049060821533
flux_point: 156.52312183380127
