n_obs: 10
data_preparation: 9.865503787994385
writing: 2.3472142219543457
reading: 3.1994917392730713
data_fitting: 1.3842761516571045
flux_point: 12.516000986099243
