n_obs: 10
data_preparation: 4.114234447479248
writing: 1.3667521476745605
reading: 1.6551010608673096
data_fitting: 2.651942253112793
flux_point: 27.655284881591797
