# Elapsed time   CPU (%)     Real (MB)   Virtual (MB)
       0.000        0.000        8.520       39.188
       0.502      159.300      100.461      342.133
       1.005      163.300      170.457      646.387
       1.507       97.600      197.246      781.137
       2.009       99.600      196.656      780.016
       2.511      101.600      195.949      779.051
       3.013       99.600      198.910      781.824
       3.515       99.600      199.566      783.082
       4.017       99.600      200.062      783.082
       4.519       99.600      200.090      783.082
       5.021       99.600      200.898      784.082
       5.523      101.600      201.797      784.082
       6.024       99.500      202.547      785.082
       6.527       99.600      203.012      785.082
       7.029      101.600      203.227      786.082
       7.531       99.600      205.449      788.082
       8.033       99.600      206.020      788.082
       8.535       99.500      208.262      791.082
       9.038       99.600      210.500      793.082
       9.540      101.600      212.809      795.082
      10.042       99.600      215.336      797.340
      10.544       99.600      216.582      798.598
      11.046       99.600      217.039      798.727
      11.548       99.600      217.152      798.855
      12.049      101.600      217.203      798.855
      12.551       99.600      219.832      801.504
      13.053       99.600      222.945      804.148
      13.555       99.600      223.004      805.277
      14.057      101.500      223.051      805.277
