data_fitting: 0.6280319690704346
data_preparation: 6.302311182022095
flux_point: 5.37605881690979
reading: 0.8614778518676758
writing: 1.1352601051330566
