data_fitting: 0.6016788482666016
data_preparation: 6.1996259689331055
flux_point: 5.3086020946502686
reading: 0.8294980525970459
writing: 1.0832688808441162
