data_fitting: 0.6510250568389893
data_preparation: 6.502872943878174
flux_point: 5.437229871749878
reading: 0.9536657333374023
writing: 1.198578119277954
