data_preparation: 57.257696866989136
writing: 10.69822907447815
reading: 8.081452131271362
data_fitting: 7.550384998321533
flux_point: 50.5931282043457
