n_obs: 10
data_preparation: 14.45841097831726
writing: 0.1434633731842041
reading: 0.06158900260925293
data_fitting: 2.726764678955078
flux_point: 0.8084475994110107
