n_obs: 10
data_preparation: 14.501234531402588
writing: 0.38132500648498535
reading: 0.061629295349121094
data_fitting: 2.7053921222686768
flux_point: 0.8094501495361328
