n_obs: 10
data_preparation: 14.914155960083008
writing: 0.35553860664367676
reading: 0.03998231887817383
data_fitting: 1.9699227809906006
flux_point: 0.5717754364013672
