n_obs: 10
data_preparation: 19.782621145248413
writing: 0.1255342960357666
reading: 0.06250405311584473
data_fitting: 3.432523250579834
flux_point: 0.8726692199707031
