n_obs: 10
data_preparation: 38.15441870689392
writing: 0.18918824195861816
reading: 0.04329276084899902
data_fitting: 2.6850528717041016
flux_point: 1.0020616054534912
