n_obs: 10
data_preparation: 14.745070934295654
writing: 0.3030052185058594
reading: 0.03946518898010254
data_fitting: 2.0163307189941406
flux_point: 0.635077714920044
