n_obs: 10
data_preparation: 39.887529134750366
writing: 0.25488734245300293
reading: 0.05905008316040039
data_fitting: 3.5387637615203857
flux_point: 3.3441319465637207
