n_obs: 10
data_preparation: 31.99012279510498
writing: 0.213822603225708
reading: 0.04624319076538086
data_fitting: 2.917733669281006
flux_point: 0.8559262752532959
