n_obs: 10
data_preparation: 42.15363025665283
writing: 0.19496989250183105
reading: 0.0433502197265625
data_fitting: 2.8403351306915283
flux_point: 0.9960441589355469
