n_obs: 10
data_preparation: 14.766887664794922
writing: 0.41170835494995117
reading: 0.0585782527923584
data_fitting: 1.7433011531829834
flux_point: 0.8043484687805176
