n_obs: 10
data_preparation: 33.55936622619629
writing: 0.20660924911499023
reading: 0.04600691795349121
data_fitting: 2.6760549545288086
flux_point: 0.7364950180053711
