n_obs: 10
data_preparation: 44.63762402534485
writing: 0.14761042594909668
reading: 0.1128396987915039
data_fitting: 3.018817901611328
flux_point: 2.037642240524292
