n_obs: 10
data_preparation: 37.43615198135376
writing: 0.1936635971069336
reading: 0.0415952205657959
data_fitting: 2.607975959777832
flux_point: 0.9586684703826904
