n_obs: 10
data_preparation: 16.917397499084473
writing: 0.17293620109558105
reading: 0.12538528442382812
data_fitting: 4.0637688636779785
flux_point: 2.5016093254089355
