n_obs: 10
data_preparation: 14.694603681564331
writing: 0.4196300506591797
reading: 0.06666111946105957
data_fitting: 1.8275856971740723
flux_point: 0.8220226764678955
