n_obs: 10
data_preparation: 49.6512815952301
writing: 0.1972959041595459
reading: 0.14648866653442383
data_fitting: 4.794851303100586
flux_point: 2.9532415866851807
