n_obs: 10
data_preparation: 15.180514097213745
writing: 0.18906211853027344
reading: 0.1505599021911621
data_fitting: 2.9779019355773926
flux_point: 1.4842751026153564
