n_obs: 10
data_preparation: 49.056116342544556
writing: 0.2585792541503906
reading: 0.06395864486694336
data_fitting: 4.779354572296143
flux_point: 1.380152940750122
