n_obs: 10
data_preparation: 13.208586931228638
writing: 0.1358959674835205
reading: 0.06246161460876465
data_fitting: 3.3154327869415283
flux_point: 0.780595064163208
