n_obs: 10
data_preparation: 42.07180833816528
writing: 0.22903823852539062
reading: 0.05177044868469238
data_fitting: 4.560944318771362
flux_point: 1.1686406135559082
