n_obs: 10
data_preparation: 14.53560471534729
writing: 0.38502073287963867
reading: 0.06064939498901367
data_fitting: 2.6817269325256348
flux_point: 0.8142776489257812
