n_obs: 10
data_preparation: 16.700737237930298
writing: 0.19368863105773926
reading: 0.13548707962036133
data_fitting: 4.08336877822876
flux_point: 2.6642634868621826
