n_obs: 10
data_preparation: 40.44103789329529
writing: 0.12112236022949219
reading: 0.09836792945861816
data_fitting: 2.5264101028442383
flux_point: 1.7257585525512695
