n_obs: 10
data_preparation: 38.812105655670166
writing: 0.20750713348388672
reading: 0.04658102989196777
data_fitting: 2.711916923522949
flux_point: 0.7729671001434326
