n_obs: 10
data_preparation: 42.8099639415741
writing: 0.15598511695861816
reading: 0.11830949783325195
data_fitting: 2.4368982315063477
flux_point: 1.136340856552124
