n_obs: 10
data_preparation: 37.05947422981262
writing: 0.17981457710266113
reading: 0.043792724609375
data_fitting: 2.5422616004943848
flux_point: 0.7076497077941895
