n_obs: 10
data_preparation: 45.89153790473938
writing: 0.2335221767425537
reading: 0.04880666732788086
data_fitting: 2.6819515228271484
flux_point: 0.9053208827972412
