n_obs: 10
data_preparation: 41.97291326522827
writing: 0.1584796905517578
reading: 0.1120452880859375
data_fitting: 3.601274013519287
flux_point: 2.3851795196533203
