n_obs: 10
data_preparation: 14.71202301979065
writing: 0.35178613662719727
reading: 0.0352320671081543
data_fitting: 1.8929181098937988
flux_point: 0.5941176414489746
