n_obs: 10
data_preparation: 14.275118589401245
writing: 0.39493894577026367
reading: 0.05766940116882324
data_fitting: 1.6907930374145508
flux_point: 0.7758879661560059
