n_obs: 10
data_preparation: 41.07697319984436
writing: 0.14355230331420898
reading: 0.10508370399475098
data_fitting: 3.150521755218506
flux_point: 2.013610601425171
