n_obs: 10
data_preparation: 43.53398108482361
writing: 0.21885299682617188
reading: 0.04798769950866699
data_fitting: 2.870227813720703
flux_point: 0.8963797092437744
