n_obs: 10
data_preparation: 20.784728288650513
writing: 0.13332009315490723
reading: 0.05925559997558594
data_fitting: 2.7063982486724854
flux_point: 0.8407039642333984
