n_obs: 10
data_preparation: 40.33335638046265
writing: 0.20568037033081055
reading: 0.04679131507873535
data_fitting: 2.6876606941223145
flux_point: 0.7731525897979736
