n_obs: 10
data_preparation: 13.290709972381592
writing: 0.12342691421508789
reading: 0.05580019950866699
data_fitting: 2.7089898586273193
flux_point: 0.7225253582000732
