n_obs: 10
data_preparation: 14.725075960159302
writing: 0.14622235298156738
reading: 0.06524229049682617
data_fitting: 3.0718462467193604
flux_point: 0.8348948955535889
