n_obs: 10
data_preparation: 14.969480991363525
writing: 0.41614723205566406
reading: 0.06268548965454102
data_fitting: 1.7033233642578125
flux_point: 0.7889935970306396
