n_obs: 10
data_preparation: 38.42916703224182
writing: 0.20519781112670898
reading: 0.04767441749572754
data_fitting: 3.001452922821045
flux_point: 2.659083843231201
