n_obs: 10
data_preparation: 19.20670461654663
writing: 0.1245572566986084
reading: 0.0579984188079834
data_fitting: 3.2778046131134033
flux_point: 0.8130552768707275
