n_obs: 10
data_preparation: 41.781039237976074
writing: 0.19773054122924805
reading: 0.04443955421447754
data_fitting: 2.901688814163208
flux_point: 1.0268855094909668
