n_obs: 10
data_preparation: 15.013542175292969
writing: 0.3064587116241455
reading: 0.040434837341308594
data_fitting: 2.1246542930603027
flux_point: 0.6406850814819336
