n_obs: 10
data_preparation: 15.418997049331665
writing: 0.15891218185424805
reading: 0.11586904525756836
data_fitting: 3.3394861221313477
flux_point: 2.1396567821502686
