n_obs: 10
data_preparation: 38.787583112716675
writing: 0.2884688377380371
reading: 0.05947303771972656
data_fitting: 3.587756395339966
flux_point: 1.1761112213134766
