n_obs: 10
data_preparation: 14.591443538665771
writing: 0.4129641056060791
reading: 0.06378340721130371
data_fitting: 2.75315260887146
flux_point: 0.8213710784912109
