n_obs: 10
data_preparation: 16.42275619506836
writing: 0.16359758377075195
reading: 0.12300634384155273
data_fitting: 3.764150857925415
flux_point: 2.3634650707244873
