n_obs: 10
data_preparation: 14.731986284255981
writing: 0.30922532081604004
reading: 0.12363100051879883
data_fitting: 1.712162971496582
flux_point: 0.7806546688079834
