n_obs: 10
data_preparation: 40.80304479598999
writing: 0.2191007137298584
reading: 0.05203437805175781
data_fitting: 3.2135794162750244
flux_point: 1.139308214187622
