n_obs: 10
data_preparation: 14.697126626968384
writing: 0.35546326637268066
reading: 0.03772592544555664
data_fitting: 2.0352892875671387
flux_point: 0.5902400016784668
