n_obs: 10
data_preparation: 34.922667026519775
writing: 0.20286893844604492
reading: 0.040850162506103516
data_fitting: 2.323408603668213
flux_point: 0.9211819171905518
