n_obs: 10
data_preparation: 13.927855968475342
writing: 0.13550496101379395
reading: 0.06330537796020508
data_fitting: 3.073413372039795
flux_point: 0.7851684093475342
