n_obs: 10
data_preparation: 26.163554191589355
writing: 0.21023058891296387
reading: 0.043593406677246094
data_fitting: 2.6569507122039795
flux_point: 0.7760906219482422
