n_obs: 10
data_preparation: 14.583075523376465
writing: 0.3024139404296875
reading: 0.036834001541137695
data_fitting: 2.14888072013855
flux_point: 0.6039130687713623
