n_obs: 10
data_preparation: 14.899311780929565
writing: 0.14586877822875977
reading: 0.06328296661376953
data_fitting: 2.9511613845825195
flux_point: 0.8071448802947998
