n_obs: 10
data_preparation: 15.30459451675415
writing: 0.314422607421875
reading: 0.0423893928527832
data_fitting: 2.264280080795288
flux_point: 0.6655733585357666
