n_obs: 10
data_preparation: 38.07684874534607
writing: 0.19816112518310547
reading: 0.04589033126831055
data_fitting: 2.8376400470733643
flux_point: 0.7518219947814941
