n_obs: 10
data_preparation: 50.46844816207886
writing: 0.27846717834472656
reading: 0.06550359725952148
data_fitting: 6.811147451400757
flux_point: 1.5323102474212646
