n_obs: 10
data_preparation: 42.98019552230835
writing: 0.24342870712280273
reading: 0.057007789611816406
data_fitting: 5.863847970962524
flux_point: 1.298783779144287
