n_obs: 10
data_preparation: 14.435409307479858
writing: 0.3619344234466553
reading: 0.029836654663085938
data_fitting: 1.6925084590911865
flux_point: 0.5533928871154785
