n_obs: 10
data_preparation: 14.05668592453003
writing: 0.14132928848266602
reading: 0.06432604789733887
data_fitting: 2.8026351928710938
flux_point: 0.8173794746398926
