n_obs: 10
data_preparation: 39.972312211990356
writing: 0.20172381401062012
reading: 0.04688262939453125
data_fitting: 3.085571050643921
flux_point: 0.8023726940155029
