n_obs: 10
data_preparation: 33.28976249694824
writing: 0.19330215454101562
reading: 0.04320383071899414
data_fitting: 2.6113274097442627
flux_point: 0.9502429962158203
