n_obs: 10
data_preparation: 15.180041790008545
writing: 0.3951241970062256
reading: 0.03583860397338867
data_fitting: 2.171325922012329
flux_point: 0.6165075302124023
