n_obs: 10
data_preparation: 43.02711868286133
writing: 0.2045900821685791
reading: 0.04528355598449707
data_fitting: 2.546389579772949
flux_point: 0.7230472564697266
