n_obs: 10
data_preparation: 14.69595217704773
writing: 0.38125061988830566
reading: 0.061038970947265625
data_fitting: 1.7479374408721924
flux_point: 0.7837789058685303
