n_obs: 10
data_preparation: 14.6866295337677
writing: 0.38040876388549805
reading: 0.029715299606323242
data_fitting: 1.6976466178894043
flux_point: 0.547940731048584
