n_obs: 10
data_preparation: 15.024531841278076
writing: 0.1526484489440918
reading: 0.06806421279907227
data_fitting: 2.8691914081573486
flux_point: 0.8295319080352783
