n_obs: 10
data_preparation: 13.689629077911377
writing: 0.13925409317016602
reading: 0.06450939178466797
data_fitting: 3.2023258209228516
flux_point: 0.8059329986572266
