n_obs: 10
data_preparation: 14.742492198944092
writing: 0.3550097942352295
reading: 0.037634849548339844
data_fitting: 2.023974657058716
flux_point: 0.5842142105102539
