n_obs: 10
data_preparation: 13.150710105895996
writing: 0.13425302505493164
reading: 0.06183815002441406
data_fitting: 3.2649593353271484
flux_point: 0.7664990425109863
