n_obs: 10
data_preparation: 13.975962400436401
writing: 0.36148977279663086
reading: 0.058477163314819336
data_fitting: 1.7343676090240479
flux_point: 0.7847890853881836
