n_obs: 10
data_preparation: 14.745929956436157
writing: 0.38881993293762207
reading: 0.0632014274597168
data_fitting: 1.8901028633117676
flux_point: 0.8194525241851807
