n_obs: 10
data_preparation: 38.70760917663574
writing: 0.1906576156616211
reading: 0.04220724105834961
data_fitting: 2.777581214904785
flux_point: 0.9714586734771729
