n_obs: 10
data_preparation: 30.779191732406616
writing: 0.21175837516784668
reading: 0.04530811309814453
data_fitting: 2.789231777191162
flux_point: 0.8343443870544434
