n_obs: 10
data_preparation: 14.191328287124634
writing: 0.3732318878173828
reading: 0.06041407585144043
data_fitting: 1.7737319469451904
flux_point: 0.8249683380126953
