n_obs: 10
data_preparation: 15.057414293289185
writing: 0.31385350227355957
reading: 0.0432894229888916
data_fitting: 2.02958607673645
flux_point: 0.6303842067718506
