n_obs: 10
data_preparation: 32.7785587310791
writing: 0.24486255645751953
reading: 0.053121328353881836
data_fitting: 3.236693859100342
flux_point: 0.9882376194000244
