n_obs: 10
data_preparation: 14.24156904220581
writing: 0.14075255393981934
reading: 0.06538009643554688
data_fitting: 3.35327410697937
flux_point: 0.8167233467102051
