n_obs: 10
data_preparation: 31.43540930747986
writing: 0.23124480247497559
reading: 0.04727888107299805
data_fitting: 2.8060951232910156
flux_point: 0.9048755168914795
