n_obs: 10
data_preparation: 14.36379337310791
writing: 0.374126672744751
reading: 0.06048846244812012
data_fitting: 1.8011319637298584
flux_point: 0.8012197017669678
