n_obs: 10
data_preparation: 54.87116456031799
writing: 0.28688788414001465
reading: 0.06785058975219727
data_fitting: 4.489886522293091
flux_point: 1.5598490238189697
