n_obs: 10
data_preparation: 42.76818227767944
writing: 0.20386171340942383
reading: 0.047183990478515625
data_fitting: 3.096489906311035
flux_point: 0.8036386966705322
