n_obs: 10
data_preparation: 46.17711424827576
writing: 0.278073787689209
reading: 0.0629575252532959
data_fitting: 3.8884613513946533
flux_point: 1.4191102981567383
