n_obs: 10
data_preparation: 41.75588536262512
writing: 0.13862943649291992
reading: 0.04210042953491211
data_fitting: 2.30440092086792
flux_point: 1.2454488277435303
