n_obs: 10
data_preparation: 32.639896869659424
writing: 0.19080114364624023
reading: 0.04083561897277832
data_fitting: 2.584752321243286
flux_point: 0.9313831329345703
