n_obs: 10
data_preparation: 34.39576435089111
writing: 0.18870210647583008
reading: 0.0430302619934082
data_fitting: 2.580045223236084
flux_point: 0.9502439498901367
