n_obs: 10
data_preparation: 14.076371431350708
writing: 0.36171555519104004
reading: 0.06107974052429199
data_fitting: 1.7858567237854004
flux_point: 0.8263778686523438
