n_obs: 10
data_preparation: 28.606865644454956
writing: 0.20266437530517578
reading: 0.040813446044921875
data_fitting: 2.4077627658843994
flux_point: 0.7892754077911377
