n_obs: 10
data_preparation: 16.0232093334198
writing: 0.3243532180786133
reading: 0.04572272300720215
data_fitting: 2.311389923095703
flux_point: 0.7097563743591309
