n_obs: 10
data_preparation: 42.47664451599121
writing: 0.2711038589477539
reading: 0.06139636039733887
data_fitting: 3.6172382831573486
flux_point: 1.036292314529419
