n_obs: 10
data_preparation: 50.34234046936035
writing: 0.23851299285888672
reading: 0.05852961540222168
data_fitting: 3.860018253326416
flux_point: 1.4250614643096924
