n_obs: 10
data_preparation: 46.77858519554138
writing: 0.23717856407165527
reading: 0.2652163505554199
data_fitting: 3.8054606914520264
flux_point: 2.949505567550659
