n_obs: 10
data_preparation: 14.950243711471558
writing: 0.3044607639312744
reading: 0.040334463119506836
data_fitting: 2.0694267749786377
flux_point: 0.6436009407043457
