n_obs: 10
data_preparation: 14.557177782058716
writing: 0.361724853515625
reading: 0.033776044845581055
data_fitting: 1.912590503692627
flux_point: 0.6052775382995605
