n_obs: 10
data_preparation: 14.904236078262329
writing: 0.1428992748260498
reading: 0.0652155876159668
data_fitting: 2.755054235458374
flux_point: 0.8122997283935547
