n_obs: 10
data_preparation: 13.382785081863403
writing: 0.13254570960998535
reading: 0.06481289863586426
data_fitting: 3.183659076690674
flux_point: 0.7950901985168457
