n_obs: 10
data_preparation: 50.697043895721436
writing: 0.27913331985473633
reading: 0.06727385520935059
data_fitting: 7.061614751815796
flux_point: 1.519930362701416
