n_obs: 10
data_preparation: 13.229116201400757
writing: 0.13829874992370605
reading: 0.06278824806213379
data_fitting: 3.2656755447387695
flux_point: 0.7782013416290283
