n_obs: 10
data_preparation: 52.13767743110657
writing: 0.23423194885253906
reading: 0.060553789138793945
data_fitting: 5.986751556396484
flux_point: 1.424886703491211
