n_obs: 10
data_preparation: 41.447307109832764
writing: 0.2252955436706543
reading: 0.05010199546813965
data_fitting: 3.1052887439727783
flux_point: 0.8445329666137695
