n_obs: 10
data_preparation: 14.574445247650146
writing: 0.40219616889953613
reading: 0.05960679054260254
data_fitting: 1.774578332901001
flux_point: 0.8004786968231201
