n_obs: 10
data_preparation: 42.78550338745117
writing: 0.17537379264831543
reading: 0.04574918746948242
data_fitting: 2.8517608642578125
flux_point: 2.084726572036743
