n_obs: 10
data_preparation: 43.914506673812866
writing: 0.14476943016052246
reading: 0.06544160842895508
data_fitting: 2.4951953887939453
flux_point: 1.5167999267578125
