n_obs: 10
data_preparation: 42.53362226486206
writing: 0.1858370304107666
reading: 0.14107084274291992
data_fitting: 6.219130754470825
flux_point: 3.856860876083374
