n_obs: 10
data_preparation: 14.791616439819336
writing: 0.29682016372680664
reading: 0.03864264488220215
data_fitting: 2.0411133766174316
flux_point: 0.6344771385192871
