n_obs: 10
data_preparation: 42.4864764213562
writing: 0.14344453811645508
reading: 0.04510140419006348
data_fitting: 2.562870740890503
flux_point: 1.3840022087097168
