n_obs: 10
data_preparation: 41.29905104637146
writing: 0.19259405136108398
reading: 0.044788360595703125
data_fitting: 2.7740936279296875
flux_point: 0.9981064796447754
