n_obs: 10
data_preparation: 14.691755533218384
writing: 0.36057233810424805
reading: 0.036501407623291016
data_fitting: 1.996382713317871
flux_point: 0.5763254165649414
