n_obs: 10
data_preparation: 41.22902989387512
writing: 0.15274333953857422
reading: 0.10283470153808594
data_fitting: 2.9729645252227783
flux_point: 1.8496198654174805
