n_obs: 10
data_preparation: 38.39632558822632
writing: 0.19017601013183594
reading: 0.04329562187194824
data_fitting: 2.6663877964019775
flux_point: 0.9974591732025146
