n_obs: 10
data_preparation: 36.67025136947632
writing: 0.19831466674804688
reading: 0.0447545051574707
data_fitting: 3.913388729095459
flux_point: 2.5990469455718994
