n_obs: 10
data_preparation: 14.511143922805786
writing: 0.30576586723327637
reading: 0.036036014556884766
data_fitting: 2.0999789237976074
flux_point: 0.589984655380249
