n_obs: 1
data_preparation: 2.842087984085083
writing: 0.4732329845428467
reading: 0.3086972236633301
data_fitting: 2.4987666606903076
flux_point: 1.2571229934692383
