n_obs: 10
data_preparation: 41.551758766174316
writing: 0.22675418853759766
reading: 0.052980661392211914
data_fitting: 5.354563474655151
flux_point: 1.1840267181396484
