n_obs: 10
data_preparation: 14.90187406539917
writing: 0.36330580711364746
reading: 0.033978939056396484
data_fitting: 1.9601006507873535
flux_point: 0.6010210514068604
