n_obs: 10
data_preparation: 14.484911918640137
writing: 0.35622477531433105
reading: 0.036272525787353516
data_fitting: 2.0293092727661133
flux_point: 0.5764212608337402
