n_obs: 10
data_preparation: 40.71018958091736
writing: 0.21806955337524414
reading: 0.05213212966918945
data_fitting: 2.953533172607422
flux_point: 0.8856580257415771
