n_obs: 10
data_preparation: 55.4147093296051
writing: 0.2815113067626953
reading: 0.06786680221557617
data_fitting: 4.219830513000488
flux_point: 1.1293280124664307
