n_obs: 10
data_preparation: 14.849004030227661
writing: 0.35793328285217285
reading: 0.0330967903137207
data_fitting: 1.9052352905273438
flux_point: 0.6077220439910889
