n_obs: 10
data_preparation: 46.54513740539551
writing: 0.24885296821594238
reading: 0.06511926651000977
data_fitting: 3.751699924468994
flux_point: 1.29710054397583
