n_obs: 10
data_preparation: 39.25168061256409
writing: 0.2331392765045166
reading: 0.052282094955444336
data_fitting: 3.2225358486175537
flux_point: 2.9312007427215576
