n_obs: 10
data_preparation: 41.40698838233948
writing: 0.27802515029907227
reading: 0.06447744369506836
data_fitting: 3.8040401935577393
flux_point: 3.555911064147949
