n_obs: 10
data_preparation: 14.37561297416687
writing: 0.30770063400268555
reading: 0.038753509521484375
data_fitting: 2.0883283615112305
flux_point: 0.590217113494873
