n_obs: 10
data_preparation: 13.417205333709717
writing: 0.13442254066467285
reading: 0.0626993179321289
data_fitting: 3.3545901775360107
flux_point: 0.7819838523864746
