n_obs: 10
data_preparation: 14.571022748947144
writing: 0.2936716079711914
reading: 0.03847074508666992
data_fitting: 1.9922125339508057
flux_point: 0.617464542388916
