n_obs: 10
data_preparation: 31.21777868270874
writing: 0.211944580078125
reading: 0.04494452476501465
data_fitting: 2.9365079402923584
flux_point: 0.8308429718017578
