n_obs: 10
data_preparation: 14.465381622314453
writing: 0.14428400993347168
reading: 0.06497812271118164
data_fitting: 2.7145581245422363
flux_point: 0.8096697330474854
