n_obs: 10
data_preparation: 13.575336456298828
writing: 0.139739990234375
reading: 0.0671529769897461
data_fitting: 3.4906558990478516
flux_point: 0.8228127956390381
