n_obs: 10
data_preparation: 48.75603532791138
writing: 0.2747530937194824
reading: 0.0695793628692627
data_fitting: 3.92673921585083
flux_point: 0.984236478805542
