n_obs: 10
data_preparation: 15.00395154953003
writing: 0.14537739753723145
reading: 0.06355929374694824
data_fitting: 2.8154971599578857
flux_point: 0.8223874568939209
