n_obs: 10
data_preparation: 23.936588048934937
writing: 0.47148942947387695
reading: 0.06984806060791016
data_fitting: 2.05181884765625
flux_point: 0.9512889385223389
