n_obs: 10
data_preparation: 14.662535190582275
writing: 1.4932692050933838
reading: 0.059977054595947266
data_fitting: 2.690483808517456
flux_point: 0.8183815479278564
