n_obs: 10
data_preparation: 14.455397844314575
writing: 0.14460468292236328
reading: 0.06463456153869629
data_fitting: 2.743626356124878
flux_point: 0.8158531188964844
