n_obs: 10
data_preparation: 14.81407618522644
writing: 0.3653280735015869
reading: 0.03964042663574219
data_fitting: 2.028102397918701
flux_point: 0.5821933746337891
