n_obs: 10
data_preparation: 13.131309270858765
writing: 0.13092827796936035
reading: 0.06584358215332031
data_fitting: 3.1091184616088867
flux_point: 0.7842907905578613
