n_obs: 10
data_preparation: 41.66899752616882
writing: 0.20263242721557617
reading: 0.049918413162231445
data_fitting: 3.0720086097717285
flux_point: 0.8096339702606201
