n_obs: 10
data_preparation: 38.15285658836365
writing: 0.20186233520507812
reading: 0.0472874641418457
data_fitting: 4.9868340492248535
flux_point: 1.076200246810913
