n_obs: 10
data_preparation: 15.190884113311768
writing: 0.16296124458312988
reading: 0.10688328742980957
data_fitting: 3.2924020290374756
flux_point: 2.114506244659424
