n_obs: 10
data_preparation: 44.687386989593506
writing: 0.24400758743286133
reading: 0.05625462532043457
data_fitting: 3.3733038902282715
flux_point: 0.899803876876831
