n_obs: 10
data_preparation: 48.169082164764404
writing: 0.2584967613220215
reading: 0.061628103256225586
data_fitting: 5.93600058555603
flux_point: 1.3579962253570557
