n_obs: 10
data_preparation: 14.954731702804565
writing: 0.29882144927978516
reading: 0.03680777549743652
data_fitting: 2.0118846893310547
flux_point: 0.625525951385498
