n_obs: 10
data_preparation: 14.642501592636108
writing: 0.389876127243042
reading: 0.06188321113586426
data_fitting: 2.851846218109131
flux_point: 0.8524506092071533
