n_obs: 10
data_preparation: 34.92821669578552
writing: 0.20297980308532715
reading: 0.04117870330810547
data_fitting: 2.31642746925354
flux_point: 0.9282898902893066
