n_obs: 10
data_preparation: 14.755676746368408
writing: 0.14216971397399902
reading: 0.06245613098144531
data_fitting: 3.4257161617279053
flux_point: 0.8199079036712646
