n_obs: 10
data_preparation: 38.28928780555725
writing: 0.2032921314239502
reading: 0.0467069149017334
data_fitting: 2.889295816421509
flux_point: 0.786036491394043
