n_obs: 10
data_preparation: 14.198230028152466
writing: 0.3693385124206543
reading: 0.059433937072753906
data_fitting: 1.7839441299438477
flux_point: 0.7895662784576416
