n_obs: 10
data_preparation: 25.413854837417603
writing: 0.20736217498779297
reading: 0.043276309967041016
data_fitting: 2.4784889221191406
flux_point: 0.7816977500915527
