n_obs: 10
data_preparation: 14.236223220825195
writing: 0.36816978454589844
reading: 0.05830669403076172
data_fitting: 1.7354485988616943
flux_point: 0.7909626960754395
