n_obs: 10
data_preparation: 28.62173080444336
writing: 0.21491336822509766
reading: 0.04581499099731445
data_fitting: 2.90643048286438
flux_point: 0.8495664596557617
