n_obs: 10
data_preparation: 14.61375617980957
writing: 0.3584635257720947
reading: 0.03441953659057617
data_fitting: 1.9336931705474854
flux_point: 0.6124162673950195
