n_obs: 10
data_preparation: 42.526057720184326
writing: 0.20142340660095215
reading: 0.04495882987976074
data_fitting: 2.4959328174591064
flux_point: 0.7093949317932129
