n_obs: 10
data_preparation: 44.57300400733948
writing: 0.2344820499420166
reading: 0.05387425422668457
data_fitting: 3.0201611518859863
flux_point: 0.8837912082672119
