n_obs: 10
data_preparation: 42.2723171710968
writing: 0.25617170333862305
reading: 0.05447077751159668
data_fitting: 3.3736050128936768
flux_point: 0.9593245983123779
