n_obs: 10
data_preparation: 49.70638942718506
writing: 0.2900218963623047
reading: 0.0672767162322998
data_fitting: 6.739237308502197
flux_point: 1.4792275428771973
