n_obs: 10
data_preparation: 13.410988092422485
writing: 0.13660573959350586
reading: 0.06716299057006836
data_fitting: 3.5219969749450684
flux_point: 0.8180739879608154
