n_obs: 10
data_preparation: 36.8159453868866
writing: 0.18746256828308105
reading: 0.04334831237792969
data_fitting: 2.625777006149292
flux_point: 0.9685721397399902
