n_obs: 10
data_preparation: 49.40191316604614
writing: 0.27283668518066406
reading: 0.07040762901306152
data_fitting: 6.420901775360107
flux_point: 1.497309923171997
