n_obs: 10
data_preparation: 44.356122970581055
writing: 0.2042255401611328
reading: 0.23707079887390137
data_fitting: 3.6213998794555664
flux_point: 2.781771659851074
