n_obs: 10
data_preparation: 14.19949197769165
writing: 0.35921645164489746
reading: 0.05759596824645996
data_fitting: 1.7417058944702148
flux_point: 0.7784981727600098
