n_obs: 10
data_preparation: 43.20196890830994
writing: 0.21471881866455078
reading: 0.0483553409576416
data_fitting: 3.2728137969970703
flux_point: 1.1158664226531982
