n_obs: 10
data_preparation: 14.392366170883179
writing: 0.13459038734436035
reading: 0.06666970252990723
data_fitting: 3.180049180984497
flux_point: 0.8044068813323975
