n_obs: 10
data_preparation: 52.35891675949097
writing: 0.20607256889343262
reading: 0.12475442886352539
data_fitting: 9.520577669143677
flux_point: 1.9656107425689697
