n_obs: 10
data_preparation: 43.62154722213745
writing: 0.1961069107055664
reading: 0.04328608512878418
data_fitting: 3.0073671340942383
flux_point: 1.0321567058563232
