n_obs: 10
data_preparation: 43.52028822898865
writing: 0.19086146354675293
reading: 0.04544401168823242
data_fitting: 3.039233922958374
flux_point: 1.0425639152526855
