n_obs: 10
data_preparation: 41.63142275810242
writing: 0.2036457061767578
reading: 0.04201865196228027
data_fitting: 2.4072506427764893
flux_point: 0.95540452003479
