n_obs: 10
data_preparation: 14.47318434715271
writing: 0.3960697650909424
reading: 0.06053304672241211
data_fitting: 1.6784882545471191
flux_point: 0.7805576324462891
