n_obs: 10
data_preparation: 14.439269542694092
writing: 0.1439967155456543
reading: 0.06525707244873047
data_fitting: 2.7693634033203125
flux_point: 0.8198075294494629
