n_obs: 10
data_preparation: 34.736045598983765
writing: 0.20251059532165527
reading: 0.04101824760437012
data_fitting: 2.3221542835235596
flux_point: 0.9331521987915039
