n_obs: 10
data_preparation: 14.674143552780151
writing: 0.14778566360473633
reading: 0.06707406044006348
data_fitting: 2.9257657527923584
flux_point: 0.8360803127288818
