n_obs: 10
data_preparation: 14.90543818473816
writing: 0.3716304302215576
reading: 0.03360748291015625
data_fitting: 1.949026107788086
flux_point: 0.6171884536743164
