n_obs: 10
data_preparation: 54.52527117729187
writing: 0.29416465759277344
reading: 0.06366586685180664
data_fitting: 3.710430145263672
flux_point: 1.4925801753997803
