n_obs: 10
data_preparation: 15.087581157684326
writing: 0.40367865562438965
reading: 0.05894112586975098
data_fitting: 1.7208096981048584
flux_point: 0.783311128616333
