n_obs: 10
data_preparation: 50.37656307220459
writing: 0.19134140014648438
reading: 0.08443188667297363
data_fitting: 3.1161675453186035
flux_point: 2.0654072761535645
