n_obs: 10
data_preparation: 39.09368824958801
writing: 0.20039057731628418
reading: 0.0585484504699707
data_fitting: 2.805779218673706
flux_point: 0.9956159591674805
