n_obs: 10
data_preparation: 39.39468550682068
writing: 0.2013697624206543
reading: 0.0449063777923584
data_fitting: 3.774188756942749
flux_point: 1.0137417316436768
