n_obs: 10
data_preparation: 42.91165733337402
writing: 0.20141077041625977
reading: 0.04518938064575195
data_fitting: 2.574324607849121
flux_point: 0.7350881099700928
