n_obs: 10
data_preparation: 14.496175050735474
writing: 0.3636934757232666
reading: 0.05767202377319336
data_fitting: 1.760178804397583
flux_point: 0.7746987342834473
