n_obs: 10
data_preparation: 14.726809978485107
writing: 0.15174460411071777
reading: 0.06284165382385254
data_fitting: 2.7878403663635254
flux_point: 0.8517463207244873
