n_obs: 10
data_preparation: 40.10016751289368
writing: 0.1862647533416748
reading: 0.04011869430541992
data_fitting: 2.577866792678833
flux_point: 0.9961941242218018
