n_obs: 10
data_preparation: 38.70425605773926
writing: 0.18828821182250977
reading: 0.0442500114440918
data_fitting: 2.75917649269104
flux_point: 1.002351999282837
