n_obs: 10
data_preparation: 14.234591722488403
writing: 0.3657262325286865
reading: 0.060048818588256836
data_fitting: 1.7358999252319336
flux_point: 0.7760140895843506
