n_obs: 10
data_preparation: 15.237420558929443
writing: 0.14844059944152832
reading: 0.06762218475341797
data_fitting: 2.9369819164276123
flux_point: 0.8408229351043701
