n_obs: 10
data_preparation: 15.111747741699219
writing: 0.3028883934020996
reading: 0.039220333099365234
data_fitting: 2.0296096801757812
flux_point: 0.6382865905761719
