n_obs: 10
data_preparation: 48.22997498512268
writing: 0.26714515686035156
reading: 0.06408190727233887
data_fitting: 6.404364347457886
flux_point: 1.4938075542449951
