n_obs: 10
data_preparation: 14.196577310562134
writing: 0.35627174377441406
reading: 0.0591578483581543
data_fitting: 1.732713222503662
flux_point: 0.7850573062896729
