n_obs: 10
data_preparation: 14.652908563613892
writing: 0.143599271774292
reading: 0.06401705741882324
data_fitting: 2.7349908351898193
flux_point: 0.8088757991790771
