n_obs: 10
data_preparation: 13.696571826934814
writing: 0.13541054725646973
reading: 0.06654834747314453
data_fitting: 3.3040812015533447
flux_point: 0.8288767337799072
