n_obs: 10
data_preparation: 48.262032985687256
writing: 0.18124842643737793
reading: 0.1273500919342041
data_fitting: 3.6156771183013916
flux_point: 2.3048782348632812
