n_obs: 10
data_preparation: 40.75616908073425
writing: 0.32573390007019043
reading: 0.06927871704101562
data_fitting: 4.238534688949585
flux_point: 1.22206449508667
