n_obs: 10
data_preparation: 14.990297079086304
writing: 0.15318059921264648
reading: 0.06274700164794922
data_fitting: 2.7844531536102295
flux_point: 0.8561906814575195
