n_obs: 10
data_preparation: 40.63966178894043
writing: 0.20133280754089355
reading: 0.04556679725646973
data_fitting: 2.6137359142303467
flux_point: 0.7524683475494385
