n_obs: 10
data_preparation: 15.058858633041382
writing: 0.31368422508239746
reading: 0.04191136360168457
data_fitting: 2.133920669555664
flux_point: 0.6381275653839111
