n_obs: 10
data_preparation: 37.213526487350464
writing: 0.22228121757507324
reading: 0.06221175193786621
data_fitting: 3.5629019737243652
flux_point: 3.287539005279541
