n_obs: 10
data_preparation: 16.431849241256714
writing: 0.1641082763671875
reading: 0.12347841262817383
data_fitting: 3.6959662437438965
flux_point: 2.3587636947631836
