n_obs: 10
data_preparation: 41.263535022735596
writing: 0.1905043125152588
reading: 0.04235029220581055
data_fitting: 2.686817169189453
flux_point: 0.9668445587158203
