n_obs: 10
data_preparation: 14.909640073776245
writing: 0.43222808837890625
reading: 0.06597232818603516
data_fitting: 1.7977683544158936
flux_point: 0.8160998821258545
