n_obs: 10
data_preparation: 43.50657653808594
writing: 0.22085809707641602
reading: 0.04518747329711914
data_fitting: 2.5576131343841553
flux_point: 0.8924832344055176
