n_obs: 10
data_preparation: 10.271102666854858
writing: 0.0917208194732666
reading: 0.041379690170288086
data_fitting: 2.048542022705078
flux_point: 0.5535197257995605
