n_obs: 10
data_preparation: 14.211917638778687
writing: 0.3654639720916748
reading: 0.058274269104003906
data_fitting: 1.7361092567443848
flux_point: 0.793764591217041
