n_obs: 10
data_preparation: 14.822717189788818
writing: 0.39243507385253906
reading: 0.06319713592529297
data_fitting: 1.771270751953125
flux_point: 0.8035800457000732
