n_obs: 10
data_preparation: 14.568309783935547
writing: 0.14481139183044434
reading: 0.061685800552368164
data_fitting: 3.3643133640289307
flux_point: 0.8171894550323486
