n_obs: 10
data_preparation: 43.54887890815735
writing: 0.18790221214294434
reading: 0.2107086181640625
data_fitting: 2.979893684387207
flux_point: 2.387111186981201
