n_obs: 10
data_preparation: 44.64366388320923
writing: 0.21644997596740723
reading: 0.050341129302978516
data_fitting: 3.2702486515045166
flux_point: 1.1529057025909424
