n_obs: 10
data_preparation: 44.8924994468689
writing: 0.17082667350769043
reading: 0.129286527633667
data_fitting: 3.5060434341430664
flux_point: 2.1735122203826904
