n_obs: 10
data_preparation: 41.13711142539978
writing: 0.1934194564819336
reading: 0.04492592811584473
data_fitting: 2.990046501159668
flux_point: 1.038827896118164
