n_obs: 10
data_preparation: 42.47938776016235
writing: 0.23603272438049316
reading: 0.05382037162780762
data_fitting: 3.162727117538452
flux_point: 0.8716964721679688
