n_obs: 10
data_preparation: 52.47900581359863
writing: 0.2560231685638428
reading: 0.0635378360748291
data_fitting: 4.17118763923645
flux_point: 1.449718952178955
