n_obs: 10
data_preparation: 41.859299421310425
writing: 0.23627781867980957
reading: 0.0536344051361084
data_fitting: 3.337972640991211
flux_point: 0.9237411022186279
