n_obs: 10
data_preparation: 14.974719762802124
writing: 0.36060142517089844
reading: 0.03926682472229004
data_fitting: 2.0249416828155518
flux_point: 0.580176591873169
