n_obs: 10
data_preparation: 42.62415385246277
writing: 0.22845792770385742
reading: 0.053801774978637695
data_fitting: 5.596400737762451
flux_point: 1.2169077396392822
