n_obs: 10
data_preparation: 14.55528998374939
writing: 0.3997635841369629
reading: 0.058316946029663086
data_fitting: 1.721879482269287
flux_point: 0.783911943435669
