n_obs: 10
data_preparation: 52.638954162597656
writing: 0.29212355613708496
reading: 0.07037997245788574
data_fitting: 3.886547803878784
flux_point: 1.0776898860931396
