n_obs: 10
data_preparation: 13.534515380859375
writing: 0.13062238693237305
reading: 0.06567788124084473
data_fitting: 3.1813595294952393
flux_point: 0.7922554016113281
