n_obs: 10
data_preparation: 44.90093803405762
writing: 0.23585081100463867
reading: 0.05373120307922363
data_fitting: 3.2146127223968506
flux_point: 0.9452519416809082
