n_obs: 10
data_preparation: 14.656448125839233
writing: 0.377779483795166
reading: 0.05932474136352539
data_fitting: 1.7122459411621094
flux_point: 0.7854926586151123
