n_obs: 10
data_preparation: 42.5020694732666
writing: 0.1881725788116455
reading: 0.04424023628234863
data_fitting: 2.759495735168457
flux_point: 1.0274555683135986
