n_obs: 10
data_preparation: 15.475767135620117
writing: 0.14356184005737305
reading: 0.06220841407775879
data_fitting: 2.7508044242858887
flux_point: 0.8196988105773926
