n_obs: 10
data_preparation: 14.716082096099854
writing: 0.37273526191711426
reading: 0.03668832778930664
data_fitting: 2.176579713821411
flux_point: 0.5877478122711182
