n_obs: 10
data_preparation: 43.63803267478943
writing: 0.19780302047729492
reading: 0.2204608917236328
data_fitting: 3.161940097808838
flux_point: 2.3109469413757324
