n_obs: 10
data_preparation: 52.670494079589844
writing: 0.28785181045532227
reading: 0.07009410858154297
data_fitting: 4.248953342437744
flux_point: 1.1486101150512695
