n_obs: 10
data_preparation: 42.56606960296631
writing: 0.23897266387939453
reading: 0.0540013313293457
data_fitting: 3.0613901615142822
flux_point: 0.8425061702728271
