n_obs: 10
data_preparation: 14.789812564849854
writing: 0.3781924247741699
reading: 0.06089639663696289
data_fitting: 1.8772807121276855
flux_point: 0.8558363914489746
