n_obs: 10
data_preparation: 13.356975317001343
writing: 0.13133955001831055
reading: 0.06794476509094238
data_fitting: 3.211193561553955
flux_point: 0.7998149394989014
