n_obs: 10
data_preparation: 40.21086621284485
writing: 0.23642230033874512
reading: 0.062441349029541016
data_fitting: 5.427855014801025
flux_point: 1.1283273696899414
