n_obs: 10
data_preparation: 14.67752981185913
writing: 0.40305113792419434
reading: 0.05867958068847656
data_fitting: 1.7374944686889648
flux_point: 0.7959630489349365
