n_obs: 10
data_preparation: 14.790292501449585
writing: 0.3999617099761963
reading: 0.060270071029663086
data_fitting: 1.7192633152008057
flux_point: 0.7914941310882568
