n_obs: 10
data_preparation: 14.297849416732788
writing: 0.3604581356048584
reading: 0.05808401107788086
data_fitting: 1.7193193435668945
flux_point: 0.8043603897094727
