n_obs: 10
data_preparation: 50.755125522613525
writing: 0.2938389778137207
reading: 0.07117819786071777
data_fitting: 4.9648072719573975
flux_point: 1.2473232746124268
