n_obs: 10
data_preparation: 40.291532039642334
writing: 0.1792910099029541
reading: 0.21002960205078125
data_fitting: 2.9787485599517822
flux_point: 2.40065336227417
