n_obs: 10
data_preparation: 14.205854892730713
writing: 0.3642890453338623
reading: 0.02877950668334961
data_fitting: 1.6219534873962402
flux_point: 0.5395240783691406
