n_obs: 10
data_preparation: 41.388641595840454
writing: 0.1922001838684082
reading: 0.045424461364746094
data_fitting: 3.1125473976135254
flux_point: 1.050079345703125
