n_obs: 10
data_preparation: 14.436684846878052
writing: 0.14480948448181152
reading: 0.06074118614196777
data_fitting: 2.7941300868988037
flux_point: 0.7868180274963379
