n_obs: 10
data_preparation: 46.888874769210815
writing: 0.16168785095214844
reading: 0.12244868278503418
data_fitting: 3.2744545936584473
flux_point: 2.2095959186553955
