n_obs: 10
data_preparation: 13.460336685180664
writing: 0.1316509246826172
reading: 0.06494379043579102
data_fitting: 3.275346517562866
flux_point: 0.8396368026733398
