n_obs: 10
data_preparation: 14.178580522537231
writing: 0.3630049228668213
reading: 0.058420658111572266
data_fitting: 1.7706942558288574
flux_point: 0.7867000102996826
