n_obs: 10
data_preparation: 15.868643045425415
writing: 0.15990233421325684
reading: 0.1079709529876709
data_fitting: 3.4823122024536133
flux_point: 2.1999504566192627
