n_obs: 10
data_preparation: 14.439040660858154
writing: 0.39589524269104004
reading: 0.06011772155761719
data_fitting: 2.6764473915100098
flux_point: 0.804290771484375
