n_obs: 10
data_preparation: 43.528944969177246
writing: 0.21400856971740723
reading: 0.051846981048583984
data_fitting: 4.463523864746094
flux_point: 1.068289041519165
