n_obs: 10
data_preparation: 16.06907606124878
writing: 0.16061925888061523
reading: 0.12706232070922852
data_fitting: 3.691549301147461
flux_point: 2.3149516582489014
