n_obs: 10
data_preparation: 45.54766583442688
writing: 0.1665949821472168
reading: 0.13834691047668457
data_fitting: 6.486857175827026
flux_point: 4.550988674163818
