n_obs: 10
data_preparation: 40.40991163253784
writing: 0.19803118705749512
reading: 0.04563474655151367
data_fitting: 2.6914780139923096
flux_point: 0.757265567779541
