n_obs: 10
data_preparation: 14.664493799209595
writing: 0.41618990898132324
reading: 0.06405258178710938
data_fitting: 2.7401936054229736
flux_point: 0.8323335647583008
