n_obs: 10
data_preparation: 14.707038640975952
writing: 0.1425795555114746
reading: 0.06578612327575684
data_fitting: 2.724501848220825
flux_point: 0.8055055141448975
