n_obs: 10
data_preparation: 53.22900056838989
writing: 0.2832188606262207
reading: 0.07075262069702148
data_fitting: 3.9277021884918213
flux_point: 1.5396435260772705
