n_obs: 10
data_preparation: 52.64622354507446
writing: 0.18856573104858398
reading: 0.08282232284545898
data_fitting: 3.127707004547119
flux_point: 2.2342772483825684
