n_obs: 10
data_preparation: 44.4744873046875
writing: 0.1760997772216797
reading: 0.08231806755065918
data_fitting: 3.1300837993621826
flux_point: 1.813065528869629
