n_obs: 10
data_preparation: 33.764803409576416
writing: 0.20317292213439941
reading: 0.04072380065917969
data_fitting: 2.262624979019165
flux_point: 0.9132499694824219
