n_obs: 10
data_preparation: 47.48038649559021
writing: 0.25777101516723633
reading: 0.06387114524841309
data_fitting: 6.41010046005249
flux_point: 1.4663028717041016
