n_obs: 10
data_preparation: 42.43667435646057
writing: 0.21209001541137695
reading: 0.04809975624084473
data_fitting: 2.7705161571502686
flux_point: 0.7827661037445068
