n_obs: 10
data_preparation: 42.802984952926636
writing: 0.19983530044555664
reading: 0.045137643814086914
data_fitting: 2.5627148151397705
flux_point: 0.7220094203948975
