n_obs: 10
data_preparation: 15.008221864700317
writing: 0.15088129043579102
reading: 0.06711125373840332
data_fitting: 2.9510555267333984
flux_point: 0.85162353515625
