n_obs: 10
data_preparation: 14.23654055595398
writing: 0.3035461902618408
reading: 0.05882859230041504
data_fitting: 1.8079307079315186
flux_point: 0.786261796951294
