n_obs: 10
data_preparation: 14.810948133468628
writing: 0.30575132369995117
reading: 0.04405331611633301
data_fitting: 2.1111438274383545
flux_point: 0.6448671817779541
