n_obs: 10
data_preparation: 13.374900817871094
writing: 0.13617992401123047
reading: 0.06722402572631836
data_fitting: 3.2246127128601074
flux_point: 0.8022439479827881
