n_obs: 10
data_preparation: 14.152332067489624
writing: 0.3632228374481201
reading: 0.05763053894042969
data_fitting: 1.8383493423461914
flux_point: 0.8762979507446289
