n_obs: 10
data_preparation: 14.813404321670532
writing: 0.4043307304382324
reading: 0.061794281005859375
data_fitting: 2.752840757369995
flux_point: 0.8314437866210938
