n_obs: 10
data_preparation: 13.381766557693481
writing: 0.12377333641052246
reading: 0.055905818939208984
data_fitting: 2.7074317932128906
flux_point: 0.7408063411712646
