n_obs: 10
data_preparation: 50.60978627204895
writing: 0.2529125213623047
reading: 0.061692237854003906
data_fitting: 3.98685884475708
flux_point: 1.4240970611572266
