n_obs: 10
data_preparation: 14.01227068901062
writing: 0.3554418087005615
reading: 0.05734562873840332
data_fitting: 1.751427412033081
flux_point: 0.7797999382019043
