n_obs: 10
data_preparation: 14.777210712432861
writing: 0.14107608795166016
reading: 0.06163930892944336
data_fitting: 2.8078486919403076
flux_point: 0.7931959629058838
