n_obs: 10
data_preparation: 46.652719259262085
writing: 0.2271568775177002
reading: 0.05413198471069336
data_fitting: 3.6853725910186768
flux_point: 1.2690718173980713
