n_obs: 10
data_preparation: 45.28606557846069
writing: 0.23671293258666992
reading: 0.049714088439941406
data_fitting: 2.8186721801757812
flux_point: 0.9850161075592041
