n_obs: 10
data_preparation: 37.34238076210022
writing: 0.1272869110107422
reading: 0.08869624137878418
data_fitting: 1.9209465980529785
flux_point: 0.9017205238342285
