n_obs: 10
data_preparation: 14.675782203674316
writing: 0.3012654781341553
reading: 0.0393366813659668
data_fitting: 2.0089914798736572
flux_point: 0.626089334487915
