n_obs: 10
data_preparation: 41.578492879867554
writing: 0.3011648654937744
reading: 0.06611490249633789
data_fitting: 4.45164942741394
flux_point: 1.2826879024505615
