n_obs: 10
data_preparation: 43.13691306114197
writing: 0.202805757522583
reading: 0.04565119743347168
data_fitting: 2.711294412612915
flux_point: 0.811213493347168
