n_obs: 10
data_preparation: 14.291087865829468
writing: 0.36932969093322754
reading: 0.05726170539855957
data_fitting: 1.7564311027526855
flux_point: 0.7700958251953125
