n_obs: 10
data_preparation: 15.077454805374146
writing: 0.29900336265563965
reading: 0.03924727439880371
data_fitting: 1.982675552368164
flux_point: 0.6262166500091553
