n_obs: 10
data_preparation: 42.50694179534912
writing: 0.26124024391174316
reading: 0.0603330135345459
data_fitting: 5.8080525398254395
flux_point: 1.2544238567352295
