n_obs: 10
data_preparation: 15.267277479171753
writing: 0.41176486015319824
reading: 0.06189918518066406
data_fitting: 1.7911436557769775
flux_point: 0.8107767105102539
