n_obs: 10
data_preparation: 35.79325580596924
writing: 0.19818520545959473
reading: 0.04407167434692383
data_fitting: 2.8930554389953613
flux_point: 1.0180368423461914
