n_obs: 10
data_preparation: 14.794501066207886
writing: 0.39322400093078613
reading: 0.06210660934448242
data_fitting: 2.7986631393432617
flux_point: 0.8332884311676025
