n_obs: 10
data_preparation: 44.742520809173584
writing: 0.2399609088897705
reading: 0.054050445556640625
data_fitting: 2.9902286529541016
flux_point: 0.8518757820129395
