n_obs: 10
data_preparation: 33.412442207336426
writing: 0.19233036041259766
reading: 0.043828725814819336
data_fitting: 2.589897871017456
flux_point: 0.9543673992156982
