n_obs: 10
data_preparation: 43.475159883499146
writing: 0.198042631149292
reading: 0.05112576484680176
data_fitting: 3.117218255996704
flux_point: 2.690638303756714
