n_obs: 10
data_preparation: 34.15691089630127
writing: 0.19307827949523926
reading: 0.043616294860839844
data_fitting: 2.5868680477142334
flux_point: 0.9632141590118408
