n_obs: 10
data_preparation: 15.086765766143799
writing: 0.30803656578063965
reading: 0.036890506744384766
data_fitting: 2.2684059143066406
flux_point: 0.6082990169525146
