n_obs: 10
data_preparation: 35.17591953277588
writing: 0.1935722827911377
reading: 0.04400038719177246
data_fitting: 2.7525746822357178
flux_point: 0.9850893020629883
