n_obs: 10
data_preparation: 42.894827365875244
writing: 0.19340252876281738
reading: 0.04331517219543457
data_fitting: 3.0201127529144287
flux_point: 0.996326208114624
