n_obs: 10
data_preparation: 44.542091369628906
writing: 0.16522789001464844
reading: 0.1277906894683838
data_fitting: 6.086280584335327
flux_point: 4.22736120223999
