n_obs: 10
data_preparation: 13.853907823562622
writing: 0.35533761978149414
reading: 0.057230234146118164
data_fitting: 1.7372052669525146
flux_point: 0.775007963180542
