n_obs: 10
data_preparation: 14.855496168136597
writing: 0.30178284645080566
reading: 0.03640174865722656
data_fitting: 2.080742120742798
flux_point: 0.6173138618469238
