n_obs: 10
data_preparation: 49.2584388256073
writing: 0.16993093490600586
reading: 0.08491921424865723
data_fitting: 3.23469877243042
flux_point: 1.742218255996704
