n_obs: 10
data_preparation: 47.38214421272278
writing: 0.24732398986816406
reading: 0.052582502365112305
data_fitting: 3.129039764404297
flux_point: 0.9426679611206055
