n_obs: 10
data_preparation: 57.30019521713257
writing: 0.2989058494567871
reading: 0.06361651420593262
data_fitting: 4.123804330825806
flux_point: 1.2699346542358398
