n_obs: 10
data_preparation: 14.718929767608643
writing: 0.35918641090393066
reading: 0.033743858337402344
data_fitting: 1.9122629165649414
flux_point: 0.6070961952209473
