n_obs: 10
data_preparation: 45.6047523021698
writing: 0.2337346076965332
reading: 0.048123836517333984
data_fitting: 2.655583143234253
flux_point: 0.9404928684234619
