n_obs: 10
data_preparation: 14.431877613067627
writing: 0.36164069175720215
reading: 0.02979874610900879
data_fitting: 1.688093900680542
flux_point: 0.5509994029998779
