n_obs: 10
data_preparation: 43.08931493759155
writing: 0.22699737548828125
reading: 0.05350446701049805
data_fitting: 3.2916910648345947
flux_point: 0.8930726051330566
