n_obs: 10
data_preparation: 14.73738145828247
writing: 0.407562255859375
reading: 0.05966830253601074
data_fitting: 1.7527754306793213
flux_point: 0.7933599948883057
