n_obs: 10
data_preparation: 32.3238251209259
writing: 0.19169163703918457
reading: 0.04138493537902832
data_fitting: 2.5498266220092773
flux_point: 0.9260518550872803
