n_obs: 10
data_preparation: 41.05531287193298
writing: 0.20702481269836426
reading: 0.04877495765686035
data_fitting: 2.9153530597686768
flux_point: 0.8205165863037109
