n_obs: 10
data_preparation: 14.21984314918518
writing: 0.3775155544281006
reading: 0.05903506278991699
data_fitting: 1.7962696552276611
flux_point: 0.8361670970916748
