n_obs: 10
data_preparation: 33.65216374397278
writing: 0.18983745574951172
reading: 0.043280839920043945
data_fitting: 2.5998542308807373
flux_point: 0.9494640827178955
