n_obs: 10
data_preparation: 45.51643085479736
writing: 0.2326045036315918
reading: 0.04720616340637207
data_fitting: 2.791623115539551
flux_point: 1.1039209365844727
