n_obs: 10
data_preparation: 45.095179080963135
writing: 0.2629218101501465
reading: 0.06203961372375488
data_fitting: 3.7753682136535645
flux_point: 1.3423571586608887
