n_obs: 10
data_preparation: 15.08144235610962
writing: 0.3864774703979492
reading: 0.06238818168640137
data_fitting: 1.8180580139160156
flux_point: 0.8124580383300781
