n_obs: 10
data_preparation: 14.58102560043335
writing: 0.3580491542816162
reading: 0.03942251205444336
data_fitting: 2.0658912658691406
flux_point: 0.5821225643157959
