n_obs: 10
data_preparation: 51.90278458595276
writing: 0.30146121978759766
reading: 0.07283639907836914
data_fitting: 6.843294382095337
flux_point: 1.5505588054656982
