n_obs: 10
data_preparation: 39.45959281921387
writing: 0.1891324520111084
reading: 0.043755292892456055
data_fitting: 2.814542293548584
flux_point: 1.0260744094848633
