n_obs: 10
data_preparation: 31.907166719436646
writing: 0.195587158203125
reading: 0.04416465759277344
data_fitting: 2.5373270511627197
flux_point: 0.9568862915039062
