n_obs: 10
data_preparation: 44.459494829177856
writing: 0.22409725189208984
reading: 0.051479339599609375
data_fitting: 3.368842601776123
flux_point: 1.219965934753418
