n_obs: 10
data_preparation: 42.72498059272766
writing: 0.14454030990600586
reading: 0.06177353858947754
data_fitting: 2.33616304397583
flux_point: 1.7819223403930664
