n_obs: 10
data_preparation: 14.259299039840698
writing: 0.37149715423583984
reading: 0.0588381290435791
data_fitting: 1.7653043270111084
flux_point: 0.8000507354736328
