n_obs: 10
data_preparation: 40.49176549911499
writing: 0.20404529571533203
reading: 0.046581268310546875
data_fitting: 4.749157428741455
flux_point: 1.0338857173919678
