n_obs: 10
data_preparation: 14.76675295829773
writing: 0.4066126346588135
reading: 0.06235957145690918
data_fitting: 2.7592899799346924
flux_point: 0.8348274230957031
