n_obs: 10
data_preparation: 14.552208185195923
writing: 1.4237909317016602
reading: 0.060608625411987305
data_fitting: 2.708096742630005
flux_point: 0.8157734870910645
