n_obs: 10
data_preparation: 31.962443113327026
writing: 0.18955707550048828
reading: 0.04301738739013672
data_fitting: 2.5864977836608887
flux_point: 0.942547082901001
