n_obs: 10
data_preparation: 41.3587429523468
writing: 0.232041597366333
reading: 0.052957773208618164
data_fitting: 3.201425790786743
flux_point: 2.959669589996338
