n_obs: 10
data_preparation: 16.007014513015747
writing: 0.16371917724609375
reading: 0.1143789291381836
data_fitting: 3.48850417137146
flux_point: 2.2293779850006104
