n_obs: 10
data_preparation: 40.76972460746765
writing: 0.24393987655639648
reading: 0.058745622634887695
data_fitting: 5.394336700439453
flux_point: 1.2059087753295898
