n_obs: 10
data_preparation: 40.36513113975525
writing: 0.20379161834716797
reading: 0.047448158264160156
data_fitting: 4.863603353500366
flux_point: 1.0459773540496826
