n_obs: 10
data_preparation: 44.45705056190491
writing: 0.22920632362365723
reading: 0.050249576568603516
data_fitting: 3.4356296062469482
flux_point: 1.1786820888519287
