n_obs: 10
data_preparation: 14.384627342224121
writing: 0.3771052360534668
reading: 0.04018998146057129
data_fitting: 1.81248140335083
flux_point: 0.6350822448730469
