n_obs: 10
data_preparation: 16.727188110351562
writing: 0.17778706550598145
reading: 0.1381523609161377
data_fitting: 3.8083455562591553
flux_point: 2.4235565662384033
