n_obs: 10
data_preparation: 14.966752529144287
writing: 0.40577054023742676
reading: 0.06354594230651855
data_fitting: 2.773764133453369
flux_point: 0.8334615230560303
