n_obs: 10
data_preparation: 39.41210055351257
writing: 0.18909645080566406
reading: 0.044690847396850586
data_fitting: 2.8574280738830566
flux_point: 1.0017008781433105
