n_obs: 10
data_preparation: 14.794724464416504
writing: 0.30750155448913574
reading: 0.04128742218017578
data_fitting: 2.012193202972412
flux_point: 0.6321136951446533
