n_obs: 10
data_preparation: 13.161559581756592
writing: 0.1298048496246338
reading: 0.06507229804992676
data_fitting: 3.2347726821899414
flux_point: 0.8238494396209717
