n_obs: 10
data_preparation: 15.435206174850464
writing: 0.32166528701782227
reading: 0.06101036071777344
data_fitting: 1.8528587818145752
flux_point: 0.809335470199585
