n_obs: 10
data_preparation: 44.384779930114746
writing: 0.240617036819458
reading: 0.05779910087585449
data_fitting: 3.1242904663085938
flux_point: 0.9344520568847656
