n_obs: 10
data_preparation: 29.682311296463013
writing: 0.20493173599243164
reading: 0.043686628341674805
data_fitting: 2.5662131309509277
flux_point: 0.8066732883453369
