n_obs: 10
data_preparation: 14.429013967514038
writing: 0.3242926597595215
reading: 0.08407092094421387
data_fitting: 1.8461599349975586
flux_point: 0.806708812713623
