n_obs: 10
data_preparation: 14.31153917312622
writing: 0.3727705478668213
reading: 0.059708595275878906
data_fitting: 1.75809907913208
flux_point: 0.784691333770752
