n_obs: 10
data_preparation: 14.857894659042358
writing: 0.3796825408935547
reading: 0.06143975257873535
data_fitting: 1.8540458679199219
flux_point: 0.8061904907226562
