n_obs: 10
data_preparation: 18.36784863471985
writing: 0.20025134086608887
reading: 0.14884710311889648
data_fitting: 4.464050769805908
flux_point: 2.916455030441284
