n_obs: 10
data_preparation: 36.848937034606934
writing: 0.17938685417175293
reading: 0.04084157943725586
data_fitting: 2.29474139213562
flux_point: 0.6571946144104004
