n_obs: 10
data_preparation: 14.603899717330933
writing: 0.2978544235229492
reading: 0.039353370666503906
data_fitting: 1.9944510459899902
flux_point: 0.6302461624145508
