n_obs: 10
data_preparation: 14.483917713165283
writing: 0.14594030380249023
reading: 0.062094688415527344
data_fitting: 2.727260112762451
flux_point: 0.8141636848449707
