n_obs: 10
data_preparation: 14.770752429962158
writing: 0.1484684944152832
reading: 0.0626688003540039
data_fitting: 2.722620725631714
flux_point: 0.8130152225494385
