n_obs: 10
data_preparation: 45.659467697143555
writing: 0.22394037246704102
reading: 0.04682183265686035
data_fitting: 2.750077724456787
flux_point: 1.0874435901641846
