n_obs: 10
data_preparation: 53.69675540924072
writing: 0.29422473907470703
reading: 0.07092881202697754
data_fitting: 7.085405111312866
flux_point: 1.5219743251800537
