n_obs: 10
data_preparation: 13.23692011833191
writing: 0.12582874298095703
reading: 0.05738019943237305
data_fitting: 2.9599313735961914
flux_point: 0.7701480388641357
