n_obs: 10
data_preparation: 41.817058086395264
writing: 0.23497796058654785
reading: 0.057044029235839844
data_fitting: 5.328611850738525
flux_point: 1.2273564338684082
