n_obs: 10
data_preparation: 36.711270570755005
writing: 0.17102289199829102
reading: 0.04122734069824219
data_fitting: 2.479430675506592
flux_point: 0.922947883605957
