n_obs: 10
data_preparation: 15.797897100448608
writing: 0.38404345512390137
reading: 0.061792850494384766
data_fitting: 1.7822775840759277
flux_point: 0.8187906742095947
