n_obs: 10
data_preparation: 14.7562575340271
writing: 0.3833141326904297
reading: 0.02998042106628418
data_fitting: 1.7759380340576172
flux_point: 0.5570931434631348
