n_obs: 10
data_preparation: 14.112319231033325
writing: 0.3703885078430176
reading: 0.0610506534576416
data_fitting: 1.8379747867584229
flux_point: 0.8727626800537109
