n_obs: 10
data_preparation: 14.31026029586792
writing: 0.35573482513427734
reading: 0.057990312576293945
data_fitting: 1.7479312419891357
flux_point: 0.7916631698608398
