n_obs: 10
data_preparation: 14.880821228027344
writing: 0.39885449409484863
reading: 0.0617067813873291
data_fitting: 2.7281336784362793
flux_point: 0.8219778537750244
