n_obs: 10
data_preparation: 43.84628629684448
writing: 0.1498579978942871
reading: 0.0675497055053711
data_fitting: 2.5440621376037598
flux_point: 1.5708515644073486
