n_obs: 10
data_preparation: 14.577813863754272
writing: 0.384110689163208
reading: 0.06241893768310547
data_fitting: 2.720818519592285
flux_point: 0.8264093399047852
