n_obs: 10
data_preparation: 14.42203426361084
writing: 0.3577876091003418
reading: 0.029288530349731445
data_fitting: 1.668311357498169
flux_point: 0.5376062393188477
