n_obs: 10
data_preparation: 14.93979811668396
writing: 0.36318445205688477
reading: 0.034169912338256836
data_fitting: 1.942805290222168
flux_point: 0.6076078414916992
