n_obs: 10
data_preparation: 42.24334979057312
writing: 0.1870284080505371
reading: 0.043444156646728516
data_fitting: 2.6565680503845215
flux_point: 0.9919202327728271
