n_obs: 10
data_preparation: 42.43926286697388
writing: 0.24363470077514648
reading: 0.05397462844848633
data_fitting: 4.881415605545044
flux_point: 1.1265790462493896
