n_obs: 10
data_preparation: 45.30361580848694
writing: 0.22539353370666504
reading: 0.05290651321411133
data_fitting: 3.589634418487549
flux_point: 1.2661290168762207
