n_obs: 10
data_preparation: 48.2077431678772
writing: 0.1760389804840088
reading: 0.08272790908813477
data_fitting: 3.184644937515259
flux_point: 1.7981131076812744
