n_obs: 10
data_preparation: 50.90544819831848
writing: 0.23384761810302734
reading: 0.27307701110839844
data_fitting: 3.830235481262207
flux_point: 2.974146604537964
