n_obs: 10
data_preparation: 40.416542768478394
writing: 0.20222163200378418
reading: 0.04776358604431152
data_fitting: 4.967287063598633
flux_point: 1.094003677368164
