n_obs: 10
data_preparation: 12.856206893920898
writing: 0.1327219009399414
reading: 0.06178545951843262
data_fitting: 3.2943129539489746
flux_point: 0.7734932899475098
