n_obs: 10
data_preparation: 14.722079753875732
writing: 0.36928319931030273
reading: 0.03877592086791992
data_fitting: 2.124138355255127
flux_point: 0.5984799861907959
