n_obs: 10
data_preparation: 14.86108136177063
writing: 0.14462733268737793
reading: 0.061553239822387695
data_fitting: 2.863719940185547
flux_point: 0.8006868362426758
