n_obs: 10
data_preparation: 44.9279670715332
writing: 0.2437901496887207
reading: 0.05625009536743164
data_fitting: 3.4960947036743164
flux_point: 0.9216492176055908
