n_obs: 10
data_preparation: 39.45061993598938
writing: 0.19011855125427246
reading: 0.04412674903869629
data_fitting: 2.751877784729004
flux_point: 0.991581916809082
