n_obs: 10
data_preparation: 51.59046816825867
writing: 0.27080821990966797
reading: 0.0690000057220459
data_fitting: 3.4659461975097656
flux_point: 1.0509681701660156
