n_obs: 10
data_preparation: 14.444920063018799
writing: 0.14647555351257324
reading: 0.06124401092529297
data_fitting: 3.346186876296997
flux_point: 0.8159546852111816
