n_obs: 10
data_preparation: 42.24697923660278
writing: 0.23209238052368164
reading: 0.05425620079040527
data_fitting: 5.41827654838562
flux_point: 1.246973991394043
