n_obs: 10
data_preparation: 14.17071270942688
writing: 0.37277746200561523
reading: 0.038433074951171875
data_fitting: 1.774644136428833
flux_point: 0.6126785278320312
