n_obs: 10
data_preparation: 41.81955623626709
writing: 0.19460058212280273
reading: 0.04242205619812012
data_fitting: 2.738466739654541
flux_point: 0.9824404716491699
