n_obs: 10
data_preparation: 15.402395248413086
writing: 0.14193010330200195
reading: 0.10662984848022461
data_fitting: 3.400381088256836
flux_point: 2.176729440689087
