n_obs: 10
data_preparation: 15.329700946807861
writing: 0.4112720489501953
reading: 0.06379485130310059
data_fitting: 1.7546412944793701
flux_point: 0.8096048831939697
