n_obs: 10
data_preparation: 41.15445637702942
writing: 0.19019341468811035
reading: 0.04496574401855469
data_fitting: 2.7556960582733154
flux_point: 0.9972167015075684
