n_obs: 10
data_preparation: 35.856462478637695
writing: 0.2060704231262207
reading: 0.04226541519165039
data_fitting: 2.385610818862915
flux_point: 0.9396250247955322
