n_obs: 10
data_preparation: 44.41346478462219
writing: 0.26960229873657227
reading: 0.06478404998779297
data_fitting: 5.8132665157318115
flux_point: 1.2999897003173828
