n_obs: 10
data_preparation: 47.864415645599365
writing: 0.24497747421264648
reading: 0.06073403358459473
data_fitting: 3.6209115982055664
flux_point: 1.2990589141845703
