n_obs: 10
data_preparation: 14.754615068435669
writing: 0.1476900577545166
reading: 0.06466293334960938
data_fitting: 2.718473196029663
flux_point: 0.8118762969970703
