n_obs: 10
data_preparation: 15.16505241394043
writing: 0.31664323806762695
reading: 0.04145050048828125
data_fitting: 2.191971778869629
flux_point: 0.662158727645874
