n_obs: 10
data_preparation: 14.80955719947815
writing: 0.3856186866760254
reading: 0.0622713565826416
data_fitting: 2.7543022632598877
flux_point: 0.8286428451538086
