n_obs: 10
data_preparation: 14.276499032974243
writing: 0.1427018642425537
reading: 0.06145024299621582
data_fitting: 2.8193485736846924
flux_point: 0.7924463748931885
