n_obs: 10
data_preparation: 29.424421072006226
writing: 0.21192049980163574
reading: 0.04558229446411133
data_fitting: 3.043168067932129
flux_point: 0.8250799179077148
