n_obs: 10
data_preparation: 51.21601343154907
writing: 0.291949987411499
reading: 0.08328604698181152
data_fitting: 6.639122009277344
flux_point: 1.5413320064544678
