n_obs: 10
data_preparation: 16.18846321105957
writing: 0.3821711540222168
reading: 0.029962778091430664
data_fitting: 1.7176949977874756
flux_point: 0.5650839805603027
