n_obs: 10
data_preparation: 40.14727592468262
writing: 0.20337224006652832
reading: 0.04605269432067871
data_fitting: 2.6831305027008057
flux_point: 0.7439091205596924
