n_obs: 10
data_preparation: 40.955416440963745
writing: 0.1905534267425537
reading: 0.04355883598327637
data_fitting: 2.6538259983062744
flux_point: 0.988140344619751
