n_obs: 10
data_preparation: 40.3054723739624
writing: 0.2036738395690918
reading: 0.047263383865356445
data_fitting: 4.813018321990967
flux_point: 1.1045935153961182
