n_obs: 10
data_preparation: 38.872642517089844
writing: 0.16278529167175293
reading: 0.18376708030700684
data_fitting: 2.540297508239746
flux_point: 1.8680005073547363
