n_obs: 10
data_preparation: 14.849129676818848
writing: 0.4124770164489746
reading: 0.06119561195373535
data_fitting: 1.7714905738830566
flux_point: 0.8020040988922119
