n_obs: 10
data_preparation: 38.29486441612244
writing: 0.28026437759399414
reading: 0.06654143333435059
data_fitting: 3.8594908714294434
flux_point: 1.160707712173462
