n_obs: 10
data_preparation: 14.616673707962036
writing: 0.14568877220153809
reading: 0.06515359878540039
data_fitting: 2.772866725921631
flux_point: 0.8171424865722656
