n_obs: 10
data_preparation: 50.84025454521179
writing: 0.27194857597351074
reading: 0.06346845626831055
data_fitting: 4.105129241943359
flux_point: 1.1099004745483398
