n_obs: 10
data_preparation: 42.69427800178528
writing: 0.275693416595459
reading: 0.06383776664733887
data_fitting: 6.094834804534912
flux_point: 1.316467523574829
