n_obs: 10
data_preparation: 43.44298553466797
writing: 0.22865724563598633
reading: 0.051660776138305664
data_fitting: 2.9777607917785645
flux_point: 0.9155445098876953
