n_obs: 10
data_preparation: 14.436867952346802
writing: 0.39554905891418457
reading: 0.05828452110290527
data_fitting: 1.7141332626342773
flux_point: 0.7845637798309326
