n_obs: 10
data_preparation: 15.05059003829956
writing: 0.14752507209777832
reading: 0.06450366973876953
data_fitting: 2.994309902191162
flux_point: 0.8127024173736572
