n_obs: 10
data_preparation: 14.262142181396484
writing: 0.36959385871887207
reading: 0.0578160285949707
data_fitting: 1.8643369674682617
flux_point: 0.8846080303192139
