n_obs: 10
data_preparation: 38.6120719909668
writing: 0.19353318214416504
reading: 0.04457664489746094
data_fitting: 3.2069082260131836
flux_point: 1.026473045349121
