n_obs: 10
data_preparation: 15.107713460922241
writing: 0.13675713539123535
reading: 0.07092571258544922
data_fitting: 3.7580230236053467
flux_point: 0.8555748462677002
