n_obs: 10
data_preparation: 14.660134553909302
writing: 0.1556227207183838
reading: 0.06614542007446289
data_fitting: 2.8013713359832764
flux_point: 0.8265233039855957
