n_obs: 10
data_preparation: 42.55102491378784
writing: 0.23492002487182617
reading: 0.0541379451751709
data_fitting: 3.1298608779907227
flux_point: 0.8771829605102539
