n_obs: 10
data_preparation: 38.15183734893799
writing: 0.19951987266540527
reading: 0.04610610008239746
data_fitting: 2.805851697921753
flux_point: 0.7591969966888428
