n_obs: 10
data_preparation: 14.889314889907837
writing: 0.3796520233154297
reading: 0.06240701675415039
data_fitting: 1.8123891353607178
flux_point: 0.8204455375671387
