n_obs: 10
data_preparation: 40.5463171005249
writing: 0.19231104850769043
reading: 0.04276227951049805
data_fitting: 2.6370179653167725
flux_point: 0.9640047550201416
