n_obs: 10
data_preparation: 30.900354385375977
writing: 0.2100231647491455
reading: 0.045313358306884766
data_fitting: 2.915785789489746
flux_point: 0.8204600811004639
