n_obs: 10
data_preparation: 14.77407431602478
writing: 0.40234994888305664
reading: 0.059508323669433594
data_fitting: 1.6832854747772217
flux_point: 0.788860559463501
