n_obs: 10
data_preparation: 14.585867881774902
writing: 0.29997849464416504
reading: 0.040918588638305664
data_fitting: 2.0122690200805664
flux_point: 0.6338901519775391
