n_obs: 10
data_preparation: 16.19823908805847
writing: 0.15395164489746094
reading: 0.12039661407470703
data_fitting: 3.6603355407714844
flux_point: 2.287919759750366
