n_obs: 10
data_preparation: 47.264480113983154
writing: 0.25945353507995605
reading: 0.08560514450073242
data_fitting: 3.652062177658081
flux_point: 2.0640597343444824
