n_obs: 10
data_preparation: 13.055530071258545
writing: 0.13168954849243164
reading: 0.06465578079223633
data_fitting: 3.312138795852661
flux_point: 0.7789437770843506
