n_obs: 10
data_preparation: 14.947292804718018
writing: 0.14734721183776855
reading: 0.0663301944732666
data_fitting: 2.865353584289551
flux_point: 0.8352930545806885
