n_obs: 10
data_preparation: 14.631932735443115
writing: 0.31084370613098145
reading: 0.03734254837036133
data_fitting: 2.1952860355377197
flux_point: 0.5982451438903809
