n_obs: 10
data_preparation: 14.430792331695557
writing: 0.14409637451171875
reading: 0.06514477729797363
data_fitting: 2.942037582397461
flux_point: 0.8203864097595215
