n_obs: 10
data_preparation: 42.88468885421753
writing: 0.15696024894714355
reading: 0.11998438835144043
data_fitting: 5.956649303436279
flux_point: 4.2457075119018555
