n_obs: 10
data_preparation: 44.643057346343994
writing: 0.19701385498046875
reading: 0.23126626014709473
data_fitting: 3.321341037750244
flux_point: 2.5532190799713135
