n_obs: 10
data_preparation: 40.77485966682434
writing: 0.22182774543762207
reading: 0.05259823799133301
data_fitting: 5.278827428817749
flux_point: 1.177006483078003
