n_obs: 10
data_preparation: 14.44226861000061
writing: 0.1436939239501953
reading: 0.06121945381164551
data_fitting: 2.8252639770507812
flux_point: 0.7934503555297852
