n_obs: 10
data_preparation: 39.479214906692505
writing: 0.19107961654663086
reading: 0.044386863708496094
data_fitting: 2.80069899559021
flux_point: 0.9856441020965576
