n_obs: 10
data_preparation: 14.650212049484253
writing: 0.39539027214050293
reading: 0.0607142448425293
data_fitting: 2.728468179702759
flux_point: 0.8245792388916016
