n_obs: 10
data_preparation: 14.352865219116211
writing: 0.36067700386047363
reading: 0.05932259559631348
data_fitting: 1.7998754978179932
flux_point: 0.813204288482666
