n_obs: 10
data_preparation: 14.78868579864502
writing: 0.31912851333618164
reading: 0.06036567687988281
data_fitting: 1.9110074043273926
flux_point: 0.8187322616577148
