n_obs: 10
data_preparation: 42.8197762966156
writing: 0.2370290756225586
reading: 0.055551767349243164
data_fitting: 5.966558218002319
flux_point: 1.2914986610412598
