n_obs: 10
data_preparation: 46.035680294036865
writing: 0.18883442878723145
reading: 0.04410362243652344
data_fitting: 2.6807680130004883
flux_point: 0.9879059791564941
