n_obs: 10
data_preparation: 42.242323875427246
writing: 0.19424176216125488
reading: 0.042769670486450195
data_fitting: 2.8152120113372803
flux_point: 0.9797544479370117
