n_obs: 10
data_preparation: 49.57837724685669
writing: 0.1846919059753418
reading: 0.14145660400390625
data_fitting: 3.760030508041382
flux_point: 2.4422109127044678
