n_obs: 10
data_preparation: 35.64025616645813
writing: 0.20532751083374023
reading: 0.04153847694396973
data_fitting: 2.336860179901123
flux_point: 0.9356741905212402
