n_obs: 10
data_preparation: 14.141995906829834
writing: 0.3658943176269531
reading: 0.057216644287109375
data_fitting: 1.820138692855835
flux_point: 0.7881040573120117
