n_obs: 10
data_preparation: 14.537486791610718
writing: 0.4038393497467041
reading: 0.06261610984802246
data_fitting: 1.692307472229004
flux_point: 0.7942078113555908
