n_obs: 10
data_preparation: 47.74268555641174
writing: 0.2769303321838379
reading: 0.06305503845214844
data_fitting: 3.9135491847991943
flux_point: 1.3558294773101807
