n_obs: 10
data_preparation: 43.48904275894165
writing: 0.19975948333740234
reading: 0.0709381103515625
data_fitting: 6.6053924560546875
flux_point: 1.6017181873321533
