n_obs: 10
data_preparation: 40.59996199607849
writing: 0.1796720027923584
reading: 0.040976762771606445
data_fitting: 2.31445574760437
flux_point: 0.6592864990234375
