n_obs: 10
data_preparation: 42.66845631599426
writing: 0.20443987846374512
reading: 0.04674553871154785
data_fitting: 3.0944626331329346
flux_point: 0.7859354019165039
