n_obs: 10
data_preparation: 14.787905931472778
writing: 0.3850424289703369
reading: 0.06388115882873535
data_fitting: 2.726369857788086
flux_point: 0.8317465782165527
