n_obs: 10
data_preparation: 14.925399780273438
writing: 0.41060447692871094
reading: 0.06418013572692871
data_fitting: 2.714993715286255
flux_point: 0.8292465209960938
