n_obs: 10
data_preparation: 14.746988534927368
writing: 0.1490004062652588
reading: 0.0634303092956543
data_fitting: 2.8207385540008545
flux_point: 0.8353855609893799
