n_obs: 10
data_preparation: 13.901839256286621
writing: 0.12446284294128418
reading: 0.09462285041809082
data_fitting: 2.8172316551208496
flux_point: 1.961716651916504
