n_obs: 10
data_preparation: 14.930600881576538
writing: 0.40914082527160645
reading: 0.06135082244873047
data_fitting: 2.817253351211548
flux_point: 0.8332428932189941
