n_obs: 10
data_preparation: 17.06836199760437
writing: 0.1800999641418457
reading: 0.1367342472076416
data_fitting: 4.031461238861084
flux_point: 2.6113295555114746
