n_obs: 10
data_preparation: 46.91534924507141
writing: 0.2694051265716553
reading: 0.061937808990478516
data_fitting: 4.038615942001343
flux_point: 1.0785150527954102
