n_obs: 10
data_preparation: 45.94084692001343
writing: 0.25255870819091797
reading: 0.058709144592285156
data_fitting: 3.7555549144744873
flux_point: 1.30305814743042
