n_obs: 10
data_preparation: 43.27624726295471
writing: 0.21352362632751465
reading: 0.050843238830566406
data_fitting: 3.1879732608795166
flux_point: 1.1665449142456055
