n_obs: 10
data_preparation: 38.79726600646973
writing: 0.25792551040649414
reading: 0.05862712860107422
data_fitting: 3.5467567443847656
flux_point: 3.3216633796691895
