n_obs: 10
data_preparation: 14.123816967010498
writing: 0.37157225608825684
reading: 0.05737423896789551
data_fitting: 1.7328753471374512
flux_point: 0.7663455009460449
