n_obs: 10
data_preparation: 42.82410407066345
writing: 0.2055058479309082
reading: 0.048029184341430664
data_fitting: 2.960500478744507
flux_point: 0.7849464416503906
