n_obs: 10
data_preparation: 15.071037769317627
writing: 0.40862584114074707
reading: 0.06749701499938965
data_fitting: 2.7548720836639404
flux_point: 0.8213980197906494
