n_obs: 10
data_preparation: 15.085874795913696
writing: 0.41081762313842773
reading: 0.05861473083496094
data_fitting: 1.773179292678833
flux_point: 0.7965552806854248
