n_obs: 10
data_preparation: 40.7746479511261
writing: 0.1941065788269043
reading: 0.04410552978515625
data_fitting: 2.6425130367279053
flux_point: 0.7861242294311523
