n_obs: 10
data_preparation: 42.05529832839966
writing: 0.23336052894592285
reading: 0.05326128005981445
data_fitting: 4.637378692626953
flux_point: 1.1885278224945068
