n_obs: 10
data_preparation: 47.49895930290222
writing: 0.16328907012939453
reading: 0.05407261848449707
data_fitting: 2.850437879562378
flux_point: 1.4801039695739746
