n_obs: 10
data_preparation: 14.816238164901733
writing: 0.39690661430358887
reading: 0.06314492225646973
data_fitting: 2.830113649368286
flux_point: 0.8413827419281006
