n_obs: 10
data_preparation: 41.0088574886322
writing: 0.18605279922485352
reading: 0.04213762283325195
data_fitting: 2.7417562007904053
flux_point: 0.7824044227600098
