n_obs: 10
data_preparation: 46.887166261672974
writing: 0.1804344654083252
reading: 0.078094482421875
data_fitting: 3.1857240200042725
flux_point: 1.8085689544677734
