n_obs: 10
data_preparation: 15.01265287399292
writing: 0.3116421699523926
reading: 0.04099607467651367
data_fitting: 2.184148073196411
flux_point: 0.6621277332305908
