n_obs: 10
data_preparation: 14.755218267440796
writing: 0.37719011306762695
reading: 0.03034043312072754
data_fitting: 1.8055944442749023
flux_point: 0.5601541996002197
