n_obs: 10
data_preparation: 42.636085748672485
writing: 0.2516367435455322
reading: 0.05937075614929199
data_fitting: 5.822748184204102
flux_point: 1.2651522159576416
