n_obs: 10
data_preparation: 35.23138093948364
writing: 0.20321154594421387
reading: 0.04115653038024902
data_fitting: 2.3257524967193604
flux_point: 0.9285941123962402
