n_obs: 10
data_preparation: 42.397411584854126
writing: 0.19257068634033203
reading: 0.045919179916381836
data_fitting: 2.937067985534668
flux_point: 1.0209999084472656
