n_obs: 10
data_preparation: 55.335798501968384
writing: 0.21245479583740234
reading: 0.05024862289428711
data_fitting: 5.627901792526245
flux_point: 1.160689353942871
