n_obs: 10
data_preparation: 37.952218532562256
writing: 0.2708160877227783
reading: 0.059359073638916016
data_fitting: 3.791229009628296
flux_point: 1.1653308868408203
