n_obs: 10
data_preparation: 14.769541501998901
writing: 0.36264753341674805
reading: 0.03388810157775879
data_fitting: 1.9306623935699463
flux_point: 0.603456974029541
