n_obs: 10
data_preparation: 26.925172805786133
writing: 0.21373319625854492
reading: 0.044838666915893555
data_fitting: 2.8650121688842773
flux_point: 0.8012936115264893
