n_obs: 10
data_preparation: 15.12001895904541
writing: 0.3820195198059082
reading: 0.040685415267944336
data_fitting: 2.27821946144104
flux_point: 0.6204218864440918
