n_obs: 10
data_preparation: 45.35679912567139
writing: 0.23262763023376465
reading: 0.05727362632751465
data_fitting: 3.641136646270752
flux_point: 1.2351784706115723
