n_obs: 10
data_preparation: 44.121763467788696
writing: 0.22605419158935547
reading: 0.0531313419342041
data_fitting: 3.7410547733306885
flux_point: 1.2228496074676514
