n_obs: 10
data_preparation: 19.234743118286133
writing: 0.12582159042358398
reading: 0.05809211730957031
data_fitting: 3.390787363052368
flux_point: 0.8305225372314453
