n_obs: 10
data_preparation: 13.992192268371582
writing: 0.35909271240234375
reading: 0.05805778503417969
data_fitting: 1.7354483604431152
flux_point: 0.8246910572052002
