n_obs: 10
data_preparation: 14.643853902816772
writing: 0.14273858070373535
reading: 0.06131696701049805
data_fitting: 3.384657859802246
flux_point: 0.8214032649993896
