n_obs: 10
data_preparation: 37.42603611946106
writing: 0.17366409301757812
reading: 0.045333147048950195
data_fitting: 3.9307610988616943
flux_point: 2.558838129043579
