n_obs: 10
data_preparation: 14.53381896018982
writing: 0.1417067050933838
reading: 0.06117868423461914
data_fitting: 2.700995683670044
flux_point: 0.8025288581848145
