n_obs: 10
data_preparation: 42.87157225608826
writing: 0.26438426971435547
reading: 0.06531953811645508
data_fitting: 5.781040668487549
flux_point: 1.2829458713531494
