n_obs: 10
data_preparation: 43.59329056739807
writing: 0.2629096508026123
reading: 0.06075263023376465
data_fitting: 3.8470020294189453
flux_point: 1.3800342082977295
