n_obs: 10
data_preparation: 38.68823170661926
writing: 0.17638230323791504
reading: 0.04578757286071777
data_fitting: 4.336228370666504
flux_point: 2.6638333797454834
