n_obs: 10
data_preparation: 50.67086458206177
writing: 0.1754169464111328
reading: 0.07532978057861328
data_fitting: 3.0052285194396973
flux_point: 2.0269558429718018
