n_obs: 10
data_preparation: 14.717339515686035
writing: 0.35918354988098145
reading: 0.04091763496398926
data_fitting: 1.9853901863098145
flux_point: 0.5815243721008301
