n_obs: 10
data_preparation: 14.168484449386597
writing: 0.385387659072876
reading: 0.05756807327270508
data_fitting: 1.6950440406799316
flux_point: 0.7729671001434326
