n_obs: 10
data_preparation: 43.99050426483154
writing: 0.24235272407531738
reading: 0.0577542781829834
data_fitting: 4.700702667236328
flux_point: 1.134352445602417
