n_obs: 10
data_preparation: 45.23096418380737
writing: 0.2304985523223877
reading: 0.05460810661315918
data_fitting: 3.7054662704467773
flux_point: 1.294158935546875
