n_obs: 10
data_preparation: 40.51944541931152
writing: 0.18950581550598145
reading: 0.04413485527038574
data_fitting: 2.86515212059021
flux_point: 1.033083200454712
