n_obs: 10
data_preparation: 28.45270538330078
writing: 0.20125627517700195
reading: 0.04317307472229004
data_fitting: 2.444958209991455
flux_point: 0.7742481231689453
