n_obs: 10
data_preparation: 33.948004722595215
writing: 0.19246721267700195
reading: 0.04412484169006348
data_fitting: 2.64642333984375
flux_point: 0.9581644535064697
