n_obs: 10
data_preparation: 14.69599461555481
writing: 0.14412879943847656
reading: 0.062482595443725586
data_fitting: 2.710012435913086
flux_point: 0.8081951141357422
