n_obs: 10
data_preparation: 36.083274841308594
writing: 0.20408368110656738
reading: 0.04188895225524902
data_fitting: 2.3324668407440186
flux_point: 0.9281446933746338
