n_obs: 10
data_preparation: 35.072142124176025
writing: 0.20360946655273438
reading: 0.04018878936767578
data_fitting: 2.2569985389709473
flux_point: 0.7859585285186768
