n_obs: 10
data_preparation: 19.119221687316895
writing: 0.12691116333007812
reading: 0.05953264236450195
data_fitting: 3.5007781982421875
flux_point: 0.8134591579437256
