n_obs: 10
data_preparation: 14.684806823730469
writing: 0.3570444583892822
reading: 0.038866281509399414
data_fitting: 1.989041805267334
flux_point: 0.5769624710083008
