n_obs: 10
data_preparation: 35.177417516708374
writing: 0.19516777992248535
reading: 0.04265403747558594
data_fitting: 2.844187021255493
flux_point: 0.9855868816375732
