n_obs: 10
data_preparation: 15.426531553268433
writing: 0.1528620719909668
reading: 0.06525230407714844
data_fitting: 3.021486759185791
flux_point: 0.8823363780975342
