n_obs: 10
data_preparation: 32.273385763168335
writing: 0.23969054222106934
reading: 0.052420616149902344
data_fitting: 3.294029951095581
flux_point: 0.930321216583252
