n_obs: 10
data_preparation: 12.556517601013184
writing: 0.117706298828125
reading: 0.053661346435546875
data_fitting: 2.6190624237060547
flux_point: 0.706160306930542
