n_obs: 10
data_preparation: 42.24344325065613
writing: 0.1954798698425293
reading: 0.04486203193664551
data_fitting: 2.8584604263305664
flux_point: 1.0261976718902588
