n_obs: 10
data_preparation: 67.4461739063263
writing: 0.2643113136291504
reading: 0.06731390953063965
data_fitting: 4.494049549102783
flux_point: 1.6218814849853516
