n_obs: 10
data_preparation: 42.96402955055237
writing: 0.19506287574768066
reading: 0.042742013931274414
data_fitting: 2.808140993118286
flux_point: 0.9736270904541016
