n_obs: 10
data_preparation: 14.570183992385864
writing: 0.3121907711029053
reading: 0.05871415138244629
data_fitting: 1.925323247909546
flux_point: 0.8518111705780029
