n_obs: 10
data_preparation: 19.65913701057434
writing: 0.36993861198425293
reading: 0.06121993064880371
data_fitting: 3.3266708850860596
flux_point: 0.8248825073242188
