n_obs: 10
data_preparation: 14.733897924423218
writing: 0.36592936515808105
reading: 0.03368210792541504
data_fitting: 1.9393424987792969
flux_point: 0.6088085174560547
