n_obs: 10
data_preparation: 43.49525856971741
writing: 0.24369025230407715
reading: 0.07523727416992188
data_fitting: 2.8340208530426025
flux_point: 1.4774816036224365
