n_obs: 10
data_preparation: 39.34241557121277
writing: 0.21131682395935059
reading: 0.04896235466003418
data_fitting: 4.8295066356658936
flux_point: 1.0943896770477295
