n_obs: 10
data_preparation: 14.817687273025513
writing: 0.4001200199127197
reading: 0.06536483764648438
data_fitting: 1.7260475158691406
flux_point: 0.788916826248169
