n_obs: 10
data_preparation: 14.379598617553711
writing: 0.3929872512817383
reading: 0.06062197685241699
data_fitting: 1.9372801780700684
flux_point: 0.8650522232055664
