n_obs: 10
data_preparation: 43.830840826034546
writing: 0.19206881523132324
reading: 0.04558444023132324
data_fitting: 3.20454478263855
flux_point: 1.0776746273040771
