n_obs: 10
data_preparation: 14.677505254745483
writing: 0.40627121925354004
reading: 0.060370683670043945
data_fitting: 2.683121681213379
flux_point: 0.8146815299987793
