n_obs: 10
data_preparation: 37.942943811416626
writing: 0.17789888381958008
reading: 0.041471242904663086
data_fitting: 4.282829284667969
flux_point: 0.9526500701904297
