n_obs: 10
data_preparation: 24.995912075042725
writing: 0.20498013496398926
reading: 0.04287886619567871
data_fitting: 2.396681547164917
flux_point: 0.7649211883544922
