n_obs: 10
data_preparation: 43.29781913757324
writing: 0.22013115882873535
reading: 0.04960513114929199
data_fitting: 3.1041924953460693
flux_point: 1.1182303428649902
