n_obs: 10
data_preparation: 45.72333383560181
writing: 0.2378857135772705
reading: 0.04892230033874512
data_fitting: 2.853283405303955
flux_point: 0.9799442291259766
