n_obs: 10
data_preparation: 14.586225032806396
writing: 0.38168764114379883
reading: 0.060263872146606445
data_fitting: 2.669349431991577
flux_point: 0.8085319995880127
