n_obs: 10
data_preparation: 29.539066553115845
writing: 0.21146130561828613
reading: 0.04604387283325195
data_fitting: 2.6818222999572754
flux_point: 0.8249716758728027
