n_obs: 10
data_preparation: 51.609859228134155
writing: 0.23824310302734375
reading: 0.27199459075927734
data_fitting: 3.586221933364868
flux_point: 2.819446325302124
