n_obs: 10
data_preparation: 12.708314895629883
writing: 0.1172630786895752
reading: 0.05336260795593262
data_fitting: 2.6110951900482178
flux_point: 0.7042052745819092
