n_obs: 10
data_preparation: 46.26374673843384
writing: 0.2582838535308838
reading: 0.06958198547363281
data_fitting: 3.848052740097046
flux_point: 1.3580381870269775
