n_obs: 10
data_preparation: 42.0118522644043
writing: 0.20703411102294922
reading: 0.042951107025146484
data_fitting: 2.6968607902526855
flux_point: 0.7440073490142822
