n_obs: 10
data_preparation: 25.928426504135132
writing: 0.20659112930297852
reading: 0.0435786247253418
data_fitting: 2.6930582523345947
flux_point: 0.7901263236999512
