n_obs: 10
data_preparation: 14.76815938949585
writing: 0.2981455326080322
reading: 0.036416053771972656
data_fitting: 2.0270872116088867
flux_point: 0.6298060417175293
