n_obs: 10
data_preparation: 26.162792682647705
writing: 0.35799098014831543
reading: 0.04455137252807617
data_fitting: 2.51888370513916
flux_point: 0.7802493572235107
