n_obs: 10
data_preparation: 40.02768015861511
writing: 0.20144057273864746
reading: 0.04695463180541992
data_fitting: 4.7581257820129395
flux_point: 1.0419812202453613
