n_obs: 10
data_preparation: 39.85808086395264
writing: 0.1842026710510254
reading: 0.042314767837524414
data_fitting: 2.6894402503967285
flux_point: 0.7248783111572266
