n_obs: 10
data_preparation: 14.858349561691284
writing: 0.35975003242492676
reading: 0.0367732048034668
data_fitting: 2.1358556747436523
flux_point: 0.5960931777954102
