n_obs: 10
data_preparation: 14.160840272903442
writing: 0.35904741287231445
reading: 0.05800914764404297
data_fitting: 1.7246217727661133
flux_point: 0.7770318984985352
