n_obs: 10
data_preparation: 40.88832688331604
writing: 0.20357561111450195
reading: 0.04620051383972168
data_fitting: 4.101425647735596
flux_point: 0.9644529819488525
