n_obs: 10
data_preparation: 14.467816591262817
writing: 0.3644273281097412
reading: 0.060286760330200195
data_fitting: 1.7849311828613281
flux_point: 0.813321590423584
