n_obs: 10
data_preparation: 26.13317561149597
writing: 0.20902109146118164
reading: 0.04398155212402344
data_fitting: 2.503864049911499
flux_point: 0.7851741313934326
