n_obs: 10
data_preparation: 41.65551948547363
writing: 0.2165842056274414
reading: 0.04657316207885742
data_fitting: 2.905247926712036
flux_point: 1.0704896450042725
