n_obs: 10
data_preparation: 43.92900085449219
writing: 0.22987008094787598
reading: 0.05367732048034668
data_fitting: 3.3138840198516846
flux_point: 0.8925018310546875
