n_obs: 10
data_preparation: 14.390194177627563
writing: 0.3781583309173584
reading: 0.05852556228637695
data_fitting: 1.8351101875305176
flux_point: 0.8238344192504883
