n_obs: 10
data_preparation: 26.455537796020508
writing: 0.2107400894165039
reading: 0.043450117111206055
data_fitting: 2.7197859287261963
flux_point: 0.7816650867462158
