n_obs: 10
data_preparation: 14.626699686050415
writing: 0.40323805809020996
reading: 0.06267857551574707
data_fitting: 1.713329792022705
flux_point: 0.7958087921142578
