n_obs: 10
data_preparation: 46.26928377151489
writing: 0.2738535404205322
reading: 0.05960226058959961
data_fitting: 4.1345391273498535
flux_point: 1.3751847743988037
