n_obs: 10
data_preparation: 48.89512062072754
writing: 0.2504706382751465
reading: 0.06332206726074219
data_fitting: 3.4457406997680664
flux_point: 1.0446679592132568
