n_obs: 10
data_preparation: 16.468522310256958
writing: 0.17326807975769043
reading: 0.12726259231567383
data_fitting: 3.754953622817993
flux_point: 2.3424222469329834
