n_obs: 10
data_preparation: 37.89132022857666
writing: 0.2225782871246338
reading: 0.051622629165649414
data_fitting: 2.7517752647399902
flux_point: 2.6387219429016113
