n_obs: 10
data_preparation: 41.568546772003174
writing: 0.24453973770141602
reading: 0.05867624282836914
data_fitting: 5.419515132904053
flux_point: 1.2498176097869873
