n_obs: 10
data_preparation: 33.320194244384766
writing: 0.25200605392456055
reading: 0.05443143844604492
data_fitting: 3.626394510269165
flux_point: 0.9834232330322266
