n_obs: 10
data_preparation: 15.057809114456177
writing: 0.4350752830505371
reading: 0.0646202564239502
data_fitting: 2.88342022895813
flux_point: 0.8522119522094727
