n_obs: 10
data_preparation: 35.42535328865051
writing: 0.20351409912109375
reading: 0.04141688346862793
data_fitting: 2.230699300765991
flux_point: 0.7814674377441406
