n_obs: 10
data_preparation: 46.343207120895386
writing: 0.17380404472351074
reading: 0.12534165382385254
data_fitting: 2.860875368118286
flux_point: 1.351259708404541
