n_obs: 10
data_preparation: 14.513573408126831
writing: 0.350461483001709
reading: 0.1409461498260498
data_fitting: 2.735229253768921
flux_point: 0.8177623748779297
