n_obs: 10
data_preparation: 52.2333300113678
writing: 0.21522045135498047
reading: 0.05044054985046387
data_fitting: 5.72933292388916
flux_point: 1.1704373359680176
