n_obs: 10
data_preparation: 46.619877338409424
writing: 0.23938465118408203
reading: 0.04836678504943848
data_fitting: 2.6924636363983154
flux_point: 0.937535285949707
