n_obs: 10
data_preparation: 15.083082914352417
writing: 0.1451249122619629
reading: 0.06702494621276855
data_fitting: 2.9008877277374268
flux_point: 0.8328959941864014
