n_obs: 10
data_preparation: 35.3792941570282
writing: 0.19877052307128906
reading: 0.0447840690612793
data_fitting: 2.9245638847351074
flux_point: 1.0197904109954834
