n_obs: 10
data_preparation: 14.564136266708374
writing: 0.4071235656738281
reading: 0.060389041900634766
data_fitting: 1.767388105392456
flux_point: 0.7987136840820312
