n_obs: 10
data_preparation: 49.060497999191284
writing: 0.2792518138885498
reading: 0.06289029121398926
data_fitting: 3.663141965866089
flux_point: 1.0856218338012695
