n_obs: 10
data_preparation: 42.685869216918945
writing: 0.21324539184570312
reading: 0.049024105072021484
data_fitting: 3.105783462524414
flux_point: 0.8203263282775879
