n_obs: 10
data_preparation: 14.037218570709229
writing: 0.35767555236816406
reading: 0.058302879333496094
data_fitting: 1.7407965660095215
flux_point: 0.780468225479126
