n_obs: 10
data_preparation: 15.135195016860962
writing: 0.3198363780975342
reading: 0.06095004081726074
data_fitting: 2.0620455741882324
flux_point: 0.8504245281219482
