n_obs: 10
data_preparation: 44.41242170333862
writing: 0.20678377151489258
reading: 0.043129920959472656
data_fitting: 2.5010018348693848
flux_point: 0.8672056198120117
