n_obs: 10
data_preparation: 14.593314409255981
writing: 0.3729259967803955
reading: 0.030164718627929688
data_fitting: 1.7991535663604736
flux_point: 0.568305253982544
