n_obs: 10
data_preparation: 46.786829710006714
writing: 0.18134450912475586
reading: 0.08280801773071289
data_fitting: 3.101764678955078
flux_point: 1.9130041599273682
