n_obs: 10
data_preparation: 50.70432949066162
writing: 0.2571525573730469
reading: 0.06383943557739258
data_fitting: 4.077237129211426
flux_point: 1.435633659362793
