n_obs: 10
data_preparation: 43.26071548461914
writing: 0.2247631549835205
reading: 0.04911065101623535
data_fitting: 3.11502742767334
flux_point: 1.1056923866271973
