n_obs: 10
data_preparation: 40.36392259597778
writing: 0.19121694564819336
reading: 0.04452371597290039
data_fitting: 2.8749237060546875
flux_point: 1.0319445133209229
