n_obs: 10
data_preparation: 41.603697538375854
writing: 0.14263296127319336
reading: 0.06329774856567383
data_fitting: 2.372136354446411
flux_point: 1.7376213073730469
