n_obs: 10
data_preparation: 40.156269550323486
writing: 0.20205140113830566
reading: 0.04213404655456543
data_fitting: 2.308717966079712
flux_point: 0.8202354907989502
