n_obs: 10
data_preparation: 47.5680205821991
writing: 0.23703336715698242
reading: 0.060216426849365234
data_fitting: 3.845871925354004
flux_point: 1.0312767028808594
