n_obs: 10
data_preparation: 14.516079902648926
writing: 1.4362664222717285
reading: 0.06441068649291992
data_fitting: 2.763061761856079
flux_point: 0.8359231948852539
