n_obs: 10
data_preparation: 15.821925163269043
writing: 0.38931798934936523
reading: 0.06047511100769043
data_fitting: 1.7420365810394287
flux_point: 0.8038749694824219
