n_obs: 10
data_preparation: 15.232337474822998
writing: 0.36901235580444336
reading: 0.03381490707397461
data_fitting: 1.9173402786254883
flux_point: 0.605994701385498
