n_obs: 10
data_preparation: 14.720719814300537
writing: 0.3645765781402588
reading: 0.03496384620666504
data_fitting: 1.9488589763641357
flux_point: 0.6050350666046143
