n_obs: 10
data_preparation: 14.893517971038818
writing: 0.1459653377532959
reading: 0.06679201126098633
data_fitting: 3.084609270095825
flux_point: 0.8336484432220459
