n_obs: 10
data_preparation: 33.990149974823
writing: 0.1946415901184082
reading: 0.041947364807128906
data_fitting: 2.7074661254882812
flux_point: 0.9410989284515381
