n_obs: 10
data_preparation: 28.08267831802368
writing: 0.20862841606140137
reading: 0.044260263442993164
data_fitting: 2.682884454727173
flux_point: 0.7923545837402344
