n_obs: 10
data_preparation: 14.993717193603516
writing: 0.36995649337768555
reading: 0.03384232521057129
data_fitting: 1.9405434131622314
flux_point: 0.6102752685546875
