n_obs: 10
data_preparation: 45.19223403930664
writing: 0.17561912536621094
reading: 0.20523929595947266
data_fitting: 3.1520192623138428
flux_point: 2.1563704013824463
