n_obs: 10
data_preparation: 13.726549863815308
writing: 0.1377711296081543
reading: 0.06647109985351562
data_fitting: 3.2802278995513916
flux_point: 0.8108425140380859
