n_obs: 10
data_preparation: 14.045743227005005
writing: 0.34650349617004395
reading: 0.05919504165649414
data_fitting: 1.7630627155303955
flux_point: 0.846825361251831
