n_obs: 10
data_preparation: 41.11885666847229
writing: 0.2137928009033203
reading: 0.04494810104370117
data_fitting: 2.7127583026885986
flux_point: 0.8777356147766113
