n_obs: 10
data_preparation: 14.06403374671936
writing: 0.3605663776397705
reading: 0.060776472091674805
data_fitting: 1.795792818069458
flux_point: 0.8201987743377686
