n_obs: 10
data_preparation: 33.75817561149597
writing: 0.2528340816497803
reading: 0.05498337745666504
data_fitting: 3.746220827102661
flux_point: 0.9867222309112549
