n_obs: 10
data_preparation: 14.371409893035889
writing: 0.31278109550476074
reading: 0.03755831718444824
data_fitting: 2.2971715927124023
flux_point: 0.6084215641021729
