n_obs: 10
data_preparation: 42.90759801864624
writing: 0.21840214729309082
reading: 0.05133557319641113
data_fitting: 3.3720178604125977
flux_point: 1.1081037521362305
