n_obs: 10
data_preparation: 35.31790471076965
writing: 0.20472145080566406
reading: 0.04162788391113281
data_fitting: 2.441361427307129
flux_point: 0.9653944969177246
