n_obs: 10
data_preparation: 14.4761483669281
writing: 0.1401815414428711
reading: 0.06405520439147949
data_fitting: 2.674877405166626
flux_point: 0.7918078899383545
