n_obs: 10
data_preparation: 33.110915422439575
writing: 0.20350408554077148
reading: 0.045729875564575195
data_fitting: 2.6375322341918945
flux_point: 0.7289419174194336
