n_obs: 10
data_preparation: 44.00431442260742
writing: 0.2317514419555664
reading: 0.054633378982543945
data_fitting: 3.441821575164795
flux_point: 0.9086809158325195
