n_obs: 10
data_preparation: 42.489460706710815
writing: 0.19605708122253418
reading: 0.04671525955200195
data_fitting: 3.1765592098236084
flux_point: 1.069854736328125
