n_obs: 10
data_preparation: 54.56473684310913
writing: 0.33100152015686035
reading: 0.07645797729492188
data_fitting: 4.761509418487549
flux_point: 1.163221836090088
