n_obs: 10
data_preparation: 14.511985540390015
writing: 0.39577221870422363
reading: 0.060298919677734375
data_fitting: 1.7372944355010986
flux_point: 0.7907660007476807
