n_obs: 10
data_preparation: 14.626319646835327
writing: 0.14159250259399414
reading: 0.06439900398254395
data_fitting: 2.71871018409729
flux_point: 0.7980251312255859
