n_obs: 10
data_preparation: 36.42569851875305
writing: 0.16710472106933594
reading: 0.03925299644470215
data_fitting: 2.4281067848205566
flux_point: 0.8935496807098389
