n_obs: 10
data_preparation: 40.374661684036255
writing: 0.20077085494995117
reading: 0.04152941703796387
data_fitting: 2.327186107635498
flux_point: 0.9391434192657471
