n_obs: 10
data_preparation: 14.668378353118896
writing: 0.38027238845825195
reading: 0.029959440231323242
data_fitting: 1.746253490447998
flux_point: 0.561579704284668
