n_obs: 10
data_preparation: 41.49908685684204
writing: 0.15624737739562988
reading: 0.1087491512298584
data_fitting: 2.7664954662323
flux_point: 1.8951454162597656
