n_obs: 10
data_preparation: 13.098189353942871
writing: 0.13076186180114746
reading: 0.06580924987792969
data_fitting: 3.0294666290283203
flux_point: 0.7762777805328369
