n_obs: 10
data_preparation: 46.47820234298706
writing: 0.2560842037200928
reading: 0.057149410247802734
data_fitting: 3.2722718715667725
flux_point: 1.0677454471588135
