n_obs: 10
data_preparation: 14.979450225830078
writing: 0.3153412342071533
reading: 0.039443016052246094
data_fitting: 2.1921894550323486
flux_point: 0.6311910152435303
