n_obs: 10
data_preparation: 45.52198004722595
writing: 0.24438118934631348
reading: 0.06426167488098145
data_fitting: 3.3078930377960205
flux_point: 0.9207632541656494
