n_obs: 10
data_preparation: 44.87245440483093
writing: 0.2699861526489258
reading: 0.06421518325805664
data_fitting: 3.6342668533325195
flux_point: 0.9756641387939453
