n_obs: 10
data_preparation: 43.87829637527466
writing: 0.1927802562713623
reading: 0.04488420486450195
data_fitting: 3.0419061183929443
flux_point: 1.055387258529663
