n_obs: 10
data_preparation: 39.41455101966858
writing: 0.19006896018981934
reading: 0.04439878463745117
data_fitting: 2.678969621658325
flux_point: 0.9938302040100098
