n_obs: 10
data_preparation: 42.40746212005615
writing: 0.2400655746459961
reading: 0.0549314022064209
data_fitting: 3.5180916786193848
flux_point: 1.2740607261657715
