n_obs: 10
data_preparation: 50.92698526382446
writing: 0.26911282539367676
reading: 0.06602096557617188
data_fitting: 6.678036451339722
flux_point: 1.5178399085998535
