n_obs: 10
data_preparation: 40.58125400543213
writing: 0.14449071884155273
reading: 0.05003499984741211
data_fitting: 2.4599432945251465
flux_point: 1.3231980800628662
