n_obs: 10
data_preparation: 47.36007523536682
writing: 0.23104500770568848
reading: 0.05193805694580078
data_fitting: 3.197179079055786
flux_point: 0.9342296123504639
