n_obs: 10
data_preparation: 14.843473672866821
writing: 0.4101865291595459
reading: 0.0629122257232666
data_fitting: 2.7892303466796875
flux_point: 0.8426449298858643
