n_obs: 10
data_preparation: 52.283690452575684
writing: 0.24718189239501953
reading: 0.07860994338989258
data_fitting: 3.9616219997406006
flux_point: 1.5045971870422363
