n_obs: 10
data_preparation: 14.250187873840332
writing: 0.37993550300598145
reading: 0.05777335166931152
data_fitting: 1.7594163417816162
flux_point: 0.7867953777313232
