n_obs: 10
data_preparation: 43.65318775177002
writing: 0.19423794746398926
reading: 0.04333090782165527
data_fitting: 2.855071544647217
flux_point: 0.9848039150238037
