n_obs: 10
data_preparation: 14.912249326705933
writing: 0.42347192764282227
reading: 0.06140494346618652
data_fitting: 1.753244400024414
flux_point: 0.7912344932556152
