n_obs: 10
data_preparation: 40.07350707054138
writing: 0.19225096702575684
reading: 0.044556379318237305
data_fitting: 2.867891788482666
flux_point: 1.001817226409912
