n_obs: 10
data_preparation: 15.214941263198853
writing: 0.43770480155944824
reading: 0.0609283447265625
data_fitting: 1.7966933250427246
flux_point: 0.8046000003814697
