n_obs: 10
data_preparation: 44.75342130661011
writing: 0.25909948348999023
reading: 0.06609272956848145
data_fitting: 3.603577136993408
flux_point: 0.9539616107940674
