n_obs: 10
data_preparation: 43.80826473236084
writing: 0.22366833686828613
reading: 0.04864645004272461
data_fitting: 3.223095417022705
flux_point: 1.1462695598602295
