n_obs: 10
data_preparation: 14.82073187828064
writing: 0.3906388282775879
reading: 0.06307768821716309
data_fitting: 2.7704970836639404
flux_point: 0.8273580074310303
