n_obs: 10
data_preparation: 41.46652293205261
writing: 0.2202599048614502
reading: 0.05022001266479492
data_fitting: 2.9455678462982178
flux_point: 0.8241493701934814
