n_obs: 10
data_preparation: 46.837958335876465
writing: 0.16483640670776367
reading: 0.12117791175842285
data_fitting: 2.6710052490234375
flux_point: 1.23836088180542
