n_obs: 10
data_preparation: 13.624716520309448
writing: 0.3548736572265625
reading: 0.05826306343078613
data_fitting: 1.7374494075775146
flux_point: 0.7776923179626465
