n_obs: 10
data_preparation: 14.561295509338379
writing: 0.13994598388671875
reading: 0.06094241142272949
data_fitting: 3.3062448501586914
flux_point: 0.8080055713653564
