n_obs: 10
data_preparation: 52.77394247055054
writing: 0.29886698722839355
reading: 0.07057046890258789
data_fitting: 3.891348123550415
flux_point: 1.12095308303833
