n_obs: 10
data_preparation: 14.657592535018921
writing: 0.37207865715026855
reading: 0.03216886520385742
data_fitting: 1.7402575016021729
flux_point: 0.559795618057251
