n_obs: 10
data_preparation: 49.79047751426697
writing: 0.26021909713745117
reading: 0.06525349617004395
data_fitting: 4.161769866943359
flux_point: 1.0919654369354248
