n_obs: 10
data_preparation: 14.811916828155518
writing: 0.14354658126831055
reading: 0.06394171714782715
data_fitting: 2.7030646800994873
flux_point: 0.8033771514892578
