n_obs: 10
data_preparation: 35.46853494644165
writing: 0.20253872871398926
reading: 0.04131293296813965
data_fitting: 2.385707378387451
flux_point: 0.9322443008422852
