n_obs: 10
data_preparation: 16.507833242416382
writing: 0.16642165184020996
reading: 0.12624216079711914
data_fitting: 3.8100733757019043
flux_point: 2.4171528816223145
