n_obs: 10
data_preparation: 14.695643424987793
writing: 0.40769457817077637
reading: 0.06215071678161621
data_fitting: 1.7308664321899414
flux_point: 0.8018956184387207
