n_obs: 10
data_preparation: 14.44881796836853
writing: 0.14211106300354004
reading: 0.061513662338256836
data_fitting: 2.770685911178589
flux_point: 0.7876005172729492
