n_obs: 10
data_preparation: 42.85928964614868
writing: 0.23790693283081055
reading: 0.054939985275268555
data_fitting: 5.604814529418945
flux_point: 1.2450051307678223
