n_obs: 10
data_preparation: 42.918315172195435
writing: 0.23959040641784668
reading: 0.0548093318939209
data_fitting: 3.301682233810425
flux_point: 0.8880460262298584
