n_obs: 10
data_preparation: 14.056764125823975
writing: 0.35657715797424316
reading: 0.05874156951904297
data_fitting: 1.799509048461914
flux_point: 0.7922680377960205
