n_obs: 10
data_preparation: 14.60304594039917
writing: 0.3025035858154297
reading: 0.039528608322143555
data_fitting: 2.027219533920288
flux_point: 0.6223978996276855
