n_obs: 10
data_preparation: 14.288902282714844
writing: 0.3878006935119629
reading: 0.06225705146789551
data_fitting: 1.980499267578125
flux_point: 0.8406720161437988
