n_obs: 10
data_preparation: 39.34378957748413
writing: 0.19446086883544922
reading: 0.04297161102294922
data_fitting: 2.8908941745758057
flux_point: 1.0163052082061768
