n_obs: 10
data_preparation: 12.997794389724731
writing: 0.12861990928649902
reading: 0.06560564041137695
data_fitting: 3.111410617828369
flux_point: 0.7897372245788574
