n_obs: 10
data_preparation: 40.48274064064026
writing: 0.2052919864654541
reading: 0.04214644432067871
data_fitting: 2.4428138732910156
flux_point: 0.9690170288085938
