n_obs: 10
data_preparation: 13.985283613204956
writing: 0.36626148223876953
reading: 0.03862905502319336
data_fitting: 1.7610509395599365
flux_point: 0.6207480430603027
