n_obs: 10
data_preparation: 14.829821109771729
writing: 0.14554643630981445
reading: 0.06263160705566406
data_fitting: 2.8450427055358887
flux_point: 0.810344934463501
