n_obs: 10
data_preparation: 45.209882497787476
writing: 0.25727200508117676
reading: 0.06391096115112305
data_fitting: 5.8602988719940186
flux_point: 1.326667308807373
