n_obs: 10
data_preparation: 14.904721021652222
writing: 0.30068302154541016
reading: 0.03615117073059082
data_fitting: 2.0419106483459473
flux_point: 0.6336715221405029
