n_obs: 10
data_preparation: 39.84068989753723
writing: 0.2047863006591797
reading: 0.04523277282714844
data_fitting: 3.9459316730499268
flux_point: 1.0276224613189697
