n_obs: 10
data_preparation: 15.36030888557434
writing: 0.15361618995666504
reading: 0.06395220756530762
data_fitting: 2.8497185707092285
flux_point: 0.83821702003479
