n_obs: 10
data_preparation: 39.87482666969299
writing: 0.2395792007446289
reading: 0.05575728416442871
data_fitting: 5.343817949295044
flux_point: 1.2468974590301514
