n_obs: 10
data_preparation: 41.726593017578125
writing: 0.20958304405212402
reading: 0.049217939376831055
data_fitting: 5.368157386779785
flux_point: 1.0758790969848633
