n_obs: 10
data_preparation: 14.827213525772095
writing: 0.3911631107330322
reading: 0.06288337707519531
data_fitting: 2.7345285415649414
flux_point: 0.8252596855163574
