n_obs: 10
data_preparation: 14.923503875732422
writing: 0.1492934226989746
reading: 0.06331729888916016
data_fitting: 2.744811534881592
flux_point: 0.8138399124145508
