n_obs: 10
data_preparation: 13.209989786148071
writing: 0.1365523338317871
reading: 0.0622251033782959
data_fitting: 3.305605411529541
flux_point: 0.7809417247772217
