n_obs: 10
data_preparation: 46.6223406791687
writing: 0.2547934055328369
reading: 0.06728696823120117
data_fitting: 5.075075626373291
flux_point: 3.573033094406128
