n_obs: 10
data_preparation: 14.77485966682434
writing: 0.1506645679473877
reading: 0.06537890434265137
data_fitting: 2.9267754554748535
flux_point: 0.8473379611968994
