n_obs: 10
data_preparation: 43.07237434387207
writing: 0.19268345832824707
reading: 0.04428505897521973
data_fitting: 2.8398427963256836
flux_point: 1.0439457893371582
