n_obs: 10
data_preparation: 13.294308423995972
writing: 0.1207125186920166
reading: 0.05656933784484863
data_fitting: 2.7622873783111572
flux_point: 0.701685905456543
