n_obs: 10
data_preparation: 51.60406851768494
writing: 0.2935910224914551
reading: 0.06586074829101562
data_fitting: 3.4358510971069336
flux_point: 0.9761345386505127
