n_obs: 10
data_preparation: 14.456806182861328
writing: 0.3806881904602051
reading: 0.06343984603881836
data_fitting: 2.7197697162628174
flux_point: 0.8179912567138672
