n_obs: 10
data_preparation: 13.4474618434906
writing: 0.13764023780822754
reading: 0.06362748146057129
data_fitting: 3.5270743370056152
flux_point: 0.8231935501098633
