n_obs: 10
data_preparation: 41.89349317550659
writing: 0.22327876091003418
reading: 0.051718711853027344
data_fitting: 3.093243360519409
flux_point: 0.845853328704834
