n_obs: 10
data_preparation: 12.81660771369934
writing: 0.11625194549560547
reading: 0.05524420738220215
data_fitting: 2.679229736328125
flux_point: 0.7198276519775391
