n_obs: 10
data_preparation: 49.13467478752136
writing: 0.27420473098754883
reading: 0.05961155891418457
data_fitting: 3.460763931274414
flux_point: 1.028341293334961
