n_obs: 10
data_preparation: 14.472962379455566
writing: 0.14866280555725098
reading: 0.06445622444152832
data_fitting: 2.753629446029663
flux_point: 0.8170602321624756
