n_obs: 10
data_preparation: 40.85151791572571
writing: 0.18222284317016602
reading: 0.04165530204772949
data_fitting: 2.5170741081237793
flux_point: 0.7409634590148926
