n_obs: 10
data_preparation: 37.26426839828491
writing: 0.1880791187286377
reading: 0.04488015174865723
data_fitting: 2.7288055419921875
flux_point: 0.9750363826751709
