n_obs: 10
data_preparation: 42.916865825653076
writing: 0.17406749725341797
reading: 0.045174360275268555
data_fitting: 2.708838939666748
flux_point: 2.048077344894409
