n_obs: 10
data_preparation: 38.52712821960449
writing: 0.19138765335083008
reading: 0.04388141632080078
data_fitting: 2.7502427101135254
flux_point: 1.0038480758666992
