n_obs: 10
data_preparation: 45.06071853637695
writing: 0.2838864326477051
reading: 0.06744575500488281
data_fitting: 3.6414525508880615
flux_point: 0.9752902984619141
