n_obs: 10
data_preparation: 15.563082456588745
writing: 0.3104665279388428
reading: 0.042055606842041016
data_fitting: 2.2586307525634766
flux_point: 0.6934859752655029
