n_obs: 10
data_preparation: 51.10741400718689
writing: 0.28470873832702637
reading: 0.07798624038696289
data_fitting: 6.74482798576355
flux_point: 1.540623664855957
