n_obs: 10
data_preparation: 47.290266036987305
writing: 0.1867222785949707
reading: 0.13098978996276855
data_fitting: 4.381249904632568
flux_point: 2.616413116455078
