n_obs: 10
data_preparation: 41.65263795852661
writing: 0.21629047393798828
reading: 0.049530744552612305
data_fitting: 2.723224401473999
flux_point: 0.7761480808258057
