n_obs: 10
data_preparation: 15.404881000518799
writing: 0.3201441764831543
reading: 0.03993058204650879
data_fitting: 2.2989654541015625
flux_point: 0.683490514755249
