n_obs: 10
data_preparation: 14.431793689727783
writing: 0.37790799140930176
reading: 0.06052088737487793
data_fitting: 1.777928113937378
flux_point: 0.8026671409606934
