n_obs: 10
data_preparation: 39.887839794158936
writing: 0.19266748428344727
reading: 0.04523110389709473
data_fitting: 2.90775728225708
flux_point: 1.0350375175476074
