n_obs: 10
data_preparation: 14.7258882522583
writing: 0.2984588146209717
reading: 0.0357823371887207
data_fitting: 2.0227198600769043
flux_point: 0.6297752857208252
