n_obs: 10
data_preparation: 31.939950466156006
writing: 0.2276604175567627
reading: 0.04520726203918457
data_fitting: 2.8054041862487793
flux_point: 0.91233229637146
