n_obs: 10
data_preparation: 15.862565755844116
writing: 0.38452839851379395
reading: 0.05860257148742676
data_fitting: 1.7226808071136475
flux_point: 0.7991106510162354
