n_obs: 10
data_preparation: 41.61378073692322
writing: 0.21072864532470703
reading: 0.04375171661376953
data_fitting: 2.550625801086426
flux_point: 0.857017993927002
