n_obs: 10
data_preparation: 39.57002592086792
writing: 0.18577861785888672
reading: 0.042634010314941406
data_fitting: 2.6328115463256836
flux_point: 0.7425477504730225
