n_obs: 10
data_preparation: 42.832674741744995
writing: 0.21937179565429688
reading: 0.05125689506530762
data_fitting: 3.31935715675354
flux_point: 0.8984439373016357
