n_obs: 10
data_preparation: 14.740227699279785
writing: 0.35273194313049316
reading: 0.036455631256103516
data_fitting: 1.987703561782837
flux_point: 0.5728933811187744
