n_obs: 10
data_preparation: 14.207075595855713
writing: 0.36988139152526855
reading: 0.05815744400024414
data_fitting: 1.840745449066162
flux_point: 0.7881824970245361
