n_obs: 10
data_preparation: 14.998771905899048
writing: 0.30548524856567383
reading: 0.04018902778625488
data_fitting: 2.1506853103637695
flux_point: 0.6509878635406494
