n_obs: 10
data_preparation: 40.71262550354004
writing: 0.20193123817443848
reading: 0.04680633544921875
data_fitting: 4.769647836685181
flux_point: 1.0581583976745605
