n_obs: 10
data_preparation: 32.87717294692993
writing: 0.19167566299438477
reading: 0.04092836380004883
data_fitting: 2.560255289077759
flux_point: 0.9260532855987549
