n_obs: 10
data_preparation: 31.887226104736328
writing: 0.23044633865356445
reading: 0.0488734245300293
data_fitting: 2.857794761657715
flux_point: 0.9047348499298096
