n_obs: 10
data_preparation: 41.97472357749939
writing: 0.23495793342590332
reading: 0.05287528038024902
data_fitting: 4.529830694198608
flux_point: 1.10465407371521
