n_obs: 10
data_preparation: 14.42924451828003
writing: 0.388913631439209
reading: 0.061942338943481445
data_fitting: 2.692899703979492
flux_point: 0.8176324367523193
