n_obs: 10
data_preparation: 14.522589921951294
writing: 0.14348053932189941
reading: 0.0646359920501709
data_fitting: 2.738020181655884
flux_point: 0.8134872913360596
