n_obs: 10
data_preparation: 48.406832218170166
writing: 0.26459717750549316
reading: 0.06270790100097656
data_fitting: 4.013378620147705
flux_point: 1.1116793155670166
