n_obs: 10
data_preparation: 38.1765456199646
writing: 0.2042679786682129
reading: 0.04688906669616699
data_fitting: 2.754535436630249
flux_point: 0.7602057456970215
