n_obs: 10
data_preparation: 16.048850059509277
writing: 0.14301538467407227
reading: 0.06168198585510254
data_fitting: 2.7555971145629883
flux_point: 0.8285253047943115
