n_obs: 10
data_preparation: 13.8366539478302
writing: 0.3606150150299072
reading: 0.057912349700927734
data_fitting: 1.7212388515472412
flux_point: 0.8317904472351074
