n_obs: 10
data_preparation: 49.24404764175415
writing: 0.28415942192077637
reading: 0.06719326972961426
data_fitting: 4.05411696434021
flux_point: 1.0695502758026123
