n_obs: 10
data_preparation: 13.670947074890137
writing: 0.3503885269165039
reading: 0.057097434997558594
data_fitting: 1.721839427947998
flux_point: 0.8260130882263184
