n_obs: 10
data_preparation: 14.738076448440552
writing: 0.3591799736022949
reading: 0.037317752838134766
data_fitting: 2.0203206539154053
flux_point: 0.5961427688598633
