n_obs: 10
data_preparation: 41.671231269836426
writing: 0.23450422286987305
reading: 0.0532681941986084
data_fitting: 4.596577882766724
flux_point: 1.1111197471618652
