n_obs: 10
data_preparation: 29.434478759765625
writing: 0.20934104919433594
reading: 0.044156789779663086
data_fitting: 2.647876739501953
flux_point: 0.8172609806060791
