n_obs: 10
data_preparation: 41.47845435142517
writing: 0.20734763145446777
reading: 0.047156333923339844
data_fitting: 3.0171971321105957
flux_point: 0.7786996364593506
