n_obs: 10
data_preparation: 45.54066061973572
writing: 0.16137170791625977
reading: 0.12431478500366211
data_fitting: 2.6572155952453613
flux_point: 1.2401809692382812
