n_obs: 10
data_preparation: 13.433570623397827
writing: 0.12067222595214844
reading: 0.05870628356933594
data_fitting: 2.837371349334717
flux_point: 0.7550466060638428
