n_obs: 10
data_preparation: 14.86923360824585
writing: 0.39582085609436035
reading: 0.0626835823059082
data_fitting: 2.7260775566101074
flux_point: 0.8344094753265381
