n_obs: 10
data_preparation: 14.9244544506073
writing: 0.4086034297943115
reading: 0.06238365173339844
data_fitting: 2.7367355823516846
flux_point: 0.8398666381835938
