n_obs: 10
data_preparation: 24.650238513946533
writing: 0.2059638500213623
reading: 0.04269742965698242
data_fitting: 2.4141175746917725
flux_point: 0.7598752975463867
