n_obs: 10
data_preparation: 44.97863245010376
writing: 0.22353744506835938
reading: 0.052495479583740234
data_fitting: 3.3289272785186768
flux_point: 1.1605315208435059
