n_obs: 10
data_preparation: 15.015989780426025
writing: 0.15207457542419434
reading: 0.06627988815307617
data_fitting: 3.0151169300079346
flux_point: 0.8723151683807373
