n_obs: 10
data_preparation: 45.84506964683533
writing: 0.2402040958404541
reading: 0.055878639221191406
data_fitting: 3.255420207977295
flux_point: 0.9726886749267578
