n_obs: 10
data_preparation: 14.925105333328247
writing: 0.3541829586029053
reading: 0.03750038146972656
data_fitting: 2.033266067504883
flux_point: 0.6127355098724365
