n_obs: 10
data_preparation: 44.087605237960815
writing: 0.1922159194946289
reading: 0.21985340118408203
data_fitting: 2.9817304611206055
flux_point: 2.346254587173462
