n_obs: 10
data_preparation: 13.200187921524048
writing: 0.13604211807250977
reading: 0.061287641525268555
data_fitting: 3.269732713699341
flux_point: 0.7734262943267822
