n_obs: 10
data_preparation: 44.232728004455566
writing: 0.240142822265625
reading: 0.05429983139038086
data_fitting: 3.27913236618042
flux_point: 0.9238653182983398
