n_obs: 10
data_preparation: 45.537497758865356
writing: 0.16153621673583984
reading: 0.12477707862854004
data_fitting: 3.4903275966644287
flux_point: 2.2411856651306152
