n_obs: 10
data_preparation: 44.058000802993774
writing: 0.2332592010498047
reading: 0.06264543533325195
data_fitting: 4.084324359893799
flux_point: 0.9759862422943115
