n_obs: 10
data_preparation: 40.178250312805176
writing: 0.20867252349853516
reading: 0.04770779609680176
data_fitting: 2.7442386150360107
flux_point: 0.7390573024749756
