n_obs: 10
data_preparation: 43.76222109794617
writing: 0.16384577751159668
reading: 0.1262974739074707
data_fitting: 6.125646591186523
flux_point: 4.328879356384277
