n_obs: 10
data_preparation: 14.686961650848389
writing: 0.3608212471008301
reading: 0.030560731887817383
data_fitting: 1.7053282260894775
flux_point: 0.5561060905456543
