n_obs: 10
data_preparation: 39.249470710754395
writing: 0.29282212257385254
reading: 0.06501936912536621
data_fitting: 4.014871120452881
flux_point: 1.1652770042419434
