n_obs: 10
data_preparation: 39.60836386680603
writing: 0.2599148750305176
reading: 0.05865812301635742
data_fitting: 3.562066078186035
flux_point: 3.3502626419067383
