n_obs: 10
data_preparation: 14.279895544052124
writing: 0.36766910552978516
reading: 0.06003069877624512
data_fitting: 1.7621171474456787
flux_point: 0.7845726013183594
