n_obs: 10
data_preparation: 24.942492485046387
writing: 0.16496014595031738
reading: 0.03591513633728027
data_fitting: 2.4616024494171143
flux_point: 0.7686235904693604
