n_obs: 10
data_preparation: 25.304473638534546
writing: 0.20700383186340332
reading: 0.04381537437438965
data_fitting: 2.450144052505493
flux_point: 0.7766473293304443
