n_obs: 10
data_preparation: 14.888363599777222
writing: 0.3134651184082031
reading: 0.0433659553527832
data_fitting: 2.0729541778564453
flux_point: 0.637683629989624
