n_obs: 10
data_preparation: 14.610741376876831
writing: 0.30937933921813965
reading: 0.12463116645812988
data_fitting: 1.7184035778045654
flux_point: 0.7763791084289551
