n_obs: 10
data_preparation: 14.576326370239258
writing: 0.14511394500732422
reading: 0.06273293495178223
data_fitting: 2.7639687061309814
flux_point: 0.815058708190918
