n_obs: 10
data_preparation: 14.681286573410034
writing: 0.41386866569519043
reading: 0.06290745735168457
data_fitting: 2.7615416049957275
flux_point: 0.8326492309570312
