n_obs: 10
data_preparation: 45.87846899032593
writing: 0.2387230396270752
reading: 0.04891371726989746
data_fitting: 2.881995439529419
flux_point: 0.9968533515930176
