n_obs: 10
data_preparation: 37.787248373031616
writing: 0.19126510620117188
reading: 0.042725563049316406
data_fitting: 2.664777994155884
flux_point: 0.966376543045044
