n_obs: 10
data_preparation: 14.289597034454346
writing: 0.37366175651550293
reading: 0.05829429626464844
data_fitting: 1.7862753868103027
flux_point: 0.7740645408630371
