n_obs: 10
data_preparation: 14.82398247718811
writing: 0.3079252243041992
reading: 0.0415036678314209
data_fitting: 2.0256187915802
flux_point: 0.641463041305542
