n_obs: 10
data_preparation: 45.982380390167236
writing: 0.23825430870056152
reading: 0.055417776107788086
data_fitting: 3.7182371616363525
flux_point: 1.2577433586120605
