n_obs: 10
data_preparation: 14.633019208908081
writing: 0.3060884475708008
reading: 0.036603450775146484
data_fitting: 2.1361186504364014
flux_point: 0.6045792102813721
