n_obs: 10
data_preparation: 39.59382176399231
writing: 0.1964092254638672
reading: 0.04625105857849121
data_fitting: 4.7324628829956055
flux_point: 1.0494449138641357
