n_obs: 10
data_preparation: 40.39929008483887
writing: 0.20343494415283203
reading: 0.04578113555908203
data_fitting: 4.085685968399048
flux_point: 0.95735764503479
