n_obs: 10
data_preparation: 14.748166561126709
writing: 0.3581862449645996
reading: 0.03378486633300781
data_fitting: 1.9061956405639648
flux_point: 0.5966594219207764
