n_obs: 10
data_preparation: 14.850674867630005
writing: 0.315929651260376
reading: 0.062035560607910156
data_fitting: 1.91902756690979
flux_point: 0.8182938098907471
