n_obs: 10
data_preparation: 41.93362832069397
writing: 0.2080526351928711
reading: 0.04305577278137207
data_fitting: 2.7778937816619873
flux_point: 1.0498762130737305
