n_obs: 10
data_preparation: 24.24459433555603
writing: 0.20206952095031738
reading: 0.03995370864868164
data_fitting: 2.3459928035736084
flux_point: 0.7583274841308594
