n_obs: 10
data_preparation: 40.693310499191284
writing: 0.18756437301635742
reading: 0.04367327690124512
data_fitting: 2.8446879386901855
flux_point: 0.9752545356750488
