n_obs: 10
data_preparation: 32.89630389213562
writing: 0.24072051048278809
reading: 0.05090808868408203
data_fitting: 3.2004287242889404
flux_point: 0.956627368927002
