n_obs: 10
data_preparation: 39.764899253845215
writing: 0.20041608810424805
reading: 0.04519820213317871
data_fitting: 2.863286018371582
flux_point: 1.018362283706665
