n_obs: 10
data_preparation: 29.13535785675049
writing: 0.20489501953125
reading: 0.04214954376220703
data_fitting: 2.5807933807373047
flux_point: 0.7982611656188965
