n_obs: 10
data_preparation: 42.68672156333923
writing: 0.20145869255065918
reading: 0.04688572883605957
data_fitting: 3.067821502685547
flux_point: 0.773078441619873
