n_obs: 10
data_preparation: 45.99314069747925
writing: 0.27112865447998047
reading: 0.06946706771850586
data_fitting: 6.593488931655884
flux_point: 1.4100759029388428
