n_obs: 10
data_preparation: 33.399898290634155
writing: 0.18952703475952148
reading: 0.04317617416381836
data_fitting: 2.5749270915985107
flux_point: 0.9474737644195557
