n_obs: 10
data_preparation: 39.21438264846802
writing: 0.20087909698486328
reading: 0.04464864730834961
data_fitting: 2.505552291870117
flux_point: 0.7106010913848877
