n_obs: 10
data_preparation: 15.075355529785156
writing: 0.3152291774749756
reading: 0.044124603271484375
data_fitting: 2.1124520301818848
flux_point: 0.6382336616516113
