n_obs: 10
data_preparation: 41.53183889389038
writing: 0.2322378158569336
reading: 0.055264949798583984
data_fitting: 3.4108593463897705
flux_point: 1.3055872917175293
