n_obs: 10
data_preparation: 14.651888370513916
writing: 0.3162364959716797
reading: 0.06027340888977051
data_fitting: 1.924499273300171
flux_point: 0.8221209049224854
