n_obs: 10
data_preparation: 14.609126091003418
writing: 0.3692972660064697
reading: 0.05878949165344238
data_fitting: 1.7521536350250244
flux_point: 0.7941486835479736
