n_obs: 10
data_preparation: 41.43281626701355
writing: 0.24825167655944824
reading: 0.053600311279296875
data_fitting: 2.807558298110962
flux_point: 0.7770888805389404
