n_obs: 10
data_preparation: 37.0883424282074
writing: 0.18152642250061035
reading: 0.042949676513671875
data_fitting: 2.744616746902466
flux_point: 0.7429337501525879
