n_obs: 10
data_preparation: 51.73154973983765
writing: 0.24324297904968262
reading: 0.06030774116516113
data_fitting: 4.017604351043701
flux_point: 1.4482622146606445
