n_obs: 10
data_preparation: 40.28735017776489
writing: 0.17826104164123535
reading: 0.03958249092102051
data_fitting: 2.6130971908569336
flux_point: 0.9422528743743896
