n_obs: 10
data_preparation: 14.552239656448364
writing: 0.29980897903442383
reading: 0.03601431846618652
data_fitting: 2.019089937210083
flux_point: 0.6261427402496338
