n_obs: 10
data_preparation: 14.431796312332153
writing: 0.41074085235595703
reading: 0.06068134307861328
data_fitting: 2.7677512168884277
flux_point: 0.8196396827697754
