n_obs: 10
data_preparation: 14.361066341400146
writing: 0.39872241020202637
reading: 0.058840036392211914
data_fitting: 2.0433897972106934
flux_point: 0.9096519947052002
