n_obs: 10
data_preparation: 14.202870607376099
writing: 0.3853185176849365
reading: 0.06095170974731445
data_fitting: 1.8438196182250977
flux_point: 0.7961678504943848
