n_obs: 10
data_preparation: 14.774302244186401
writing: 0.1454296112060547
reading: 0.062368154525756836
data_fitting: 2.6854827404022217
flux_point: 0.8069939613342285
