n_obs: 10
data_preparation: 38.43283653259277
writing: 0.20253419876098633
reading: 0.04580378532409668
data_fitting: 2.6167900562286377
flux_point: 0.7500832080841064
