n_obs: 10
data_preparation: 14.958797693252563
writing: 0.30683326721191406
reading: 0.03641057014465332
data_fitting: 2.0772838592529297
flux_point: 0.5909874439239502
