n_obs: 10
data_preparation: 12.992676258087158
writing: 0.13024401664733887
reading: 0.06219315528869629
data_fitting: 3.0387380123138428
flux_point: 0.7684493064880371
