n_obs: 10
data_preparation: 14.646243810653687
writing: 0.32952022552490234
reading: 0.060001373291015625
data_fitting: 1.8880627155303955
flux_point: 0.8234343528747559
