n_obs: 10
data_preparation: 14.56089997291565
writing: 0.35538578033447266
reading: 0.05956292152404785
data_fitting: 1.7904088497161865
flux_point: 0.8150291442871094
