n_obs: 10
data_preparation: 40.0851833820343
writing: 0.2015845775604248
reading: 0.0455935001373291
data_fitting: 2.5755226612091064
flux_point: 0.7451846599578857
