n_obs: 10
data_preparation: 14.745537281036377
writing: 0.37328243255615234
reading: 0.02987957000732422
data_fitting: 1.7082178592681885
flux_point: 0.5507216453552246
