n_obs: 10
data_preparation: 14.274149656295776
writing: 0.36814045906066895
reading: 0.06041550636291504
data_fitting: 1.8390192985534668
flux_point: 0.8674583435058594
