n_obs: 10
data_preparation: 45.82020449638367
writing: 0.2106945514678955
reading: 0.04377603530883789
data_fitting: 2.6676292419433594
flux_point: 0.8835899829864502
