n_obs: 10
data_preparation: 34.667190074920654
writing: 0.192840576171875
reading: 0.04340553283691406
data_fitting: 2.6740882396698
flux_point: 0.9685845375061035
