n_obs: 10
data_preparation: 12.636633157730103
writing: 0.11612892150878906
reading: 0.0532841682434082
data_fitting: 2.6933722496032715
flux_point: 0.7170817852020264
