n_obs: 10
data_preparation: 42.12612247467041
writing: 0.20582079887390137
reading: 0.04714035987854004
data_fitting: 2.928403615951538
flux_point: 0.7977554798126221
