n_obs: 10
data_preparation: 14.422703504562378
writing: 0.14177608489990234
reading: 0.06418633460998535
data_fitting: 2.7951159477233887
flux_point: 0.7932660579681396
