n_obs: 10
data_preparation: 44.156543254852295
writing: 0.24499106407165527
reading: 0.055132150650024414
data_fitting: 3.4633803367614746
flux_point: 0.9706571102142334
