n_obs: 10
data_preparation: 38.8938627243042
writing: 0.20101642608642578
reading: 0.045953989028930664
data_fitting: 2.5901079177856445
flux_point: 0.7263741493225098
