n_obs: 10
data_preparation: 46.00844979286194
writing: 0.17681217193603516
reading: 0.08180642127990723
data_fitting: 2.979887008666992
flux_point: 1.8370418548583984
