n_obs: 10
data_preparation: 43.27753472328186
writing: 0.22875094413757324
reading: 0.05096173286437988
data_fitting: 2.8967621326446533
flux_point: 0.8056950569152832
