n_obs: 10
data_preparation: 38.4449245929718
writing: 0.20083832740783691
reading: 0.0446934700012207
data_fitting: 2.6365551948547363
flux_point: 0.7957961559295654
