n_obs: 10
data_preparation: 14.032500267028809
writing: 0.3744838237762451
reading: 0.0382533073425293
data_fitting: 1.7587194442749023
flux_point: 0.62705397605896
