n_obs: 10
data_preparation: 14.701248168945312
writing: 0.1430199146270752
reading: 0.06547808647155762
data_fitting: 2.8461191654205322
flux_point: 0.7982370853424072
