n_obs: 10
data_preparation: 14.207547187805176
writing: 0.3061177730560303
reading: 0.0586087703704834
data_fitting: 1.856593132019043
flux_point: 0.8140294551849365
