n_obs: 10
data_preparation: 37.96124529838562
writing: 0.19066071510314941
reading: 0.04215598106384277
data_fitting: 2.573747158050537
flux_point: 0.9472956657409668
