n_obs: 10
data_preparation: 13.490813493728638
writing: 0.1347949504852295
reading: 0.06482267379760742
data_fitting: 3.1528480052948
flux_point: 0.7922375202178955
