n_obs: 10
data_preparation: 14.473373889923096
writing: 0.3816254138946533
reading: 0.05949139595031738
data_fitting: 1.871786117553711
flux_point: 0.8139662742614746
