n_obs: 10
data_preparation: 14.974285125732422
writing: 0.1467905044555664
reading: 0.0637044906616211
data_fitting: 3.5300331115722656
flux_point: 0.8580501079559326
