n_obs: 10
data_preparation: 45.548415422439575
writing: 0.24978876113891602
reading: 0.05656313896179199
data_fitting: 3.6794373989105225
flux_point: 0.96421217918396
