n_obs: 10
data_preparation: 42.816911935806274
writing: 0.22113370895385742
reading: 0.051474809646606445
data_fitting: 3.4700326919555664
flux_point: 1.1614668369293213
