n_obs: 10
data_preparation: 45.55562710762024
writing: 0.20088434219360352
reading: 0.23340606689453125
data_fitting: 3.37591814994812
flux_point: 2.578928232192993
