n_obs: 10
data_preparation: 14.553846597671509
writing: 0.14400696754455566
reading: 0.06339120864868164
data_fitting: 2.7388081550598145
flux_point: 0.8059213161468506
