n_obs: 10
data_preparation: 47.46963119506836
writing: 0.2103564739227295
reading: 0.2413032054901123
data_fitting: 3.533555269241333
flux_point: 2.8390512466430664
