n_obs: 10
data_preparation: 13.118308067321777
writing: 0.1175687313079834
reading: 0.05280876159667969
data_fitting: 2.6020848751068115
flux_point: 0.7063348293304443
