n_obs: 10
data_preparation: 31.994271516799927
writing: 0.19060444831848145
reading: 0.04385542869567871
data_fitting: 2.5539448261260986
flux_point: 0.9565510749816895
