n_obs: 10
data_preparation: 14.995209455490112
writing: 0.36933469772338867
reading: 0.03776741027832031
data_fitting: 2.076112747192383
flux_point: 0.5875005722045898
