n_obs: 10
data_preparation: 13.706130027770996
writing: 0.36122941970825195
reading: 0.05775117874145508
data_fitting: 1.749194860458374
flux_point: 0.8231909275054932
