n_obs: 10
data_preparation: 44.679152488708496
writing: 0.2771120071411133
reading: 0.0642538070678711
data_fitting: 6.371788263320923
flux_point: 1.4352428913116455
