n_obs: 10
data_preparation: 14.708841562271118
writing: 0.14635753631591797
reading: 0.06314516067504883
data_fitting: 3.372084140777588
flux_point: 0.8207995891571045
