n_obs: 10
data_preparation: 36.28085470199585
writing: 0.2397475242614746
reading: 0.05132889747619629
data_fitting: 3.246032238006592
flux_point: 1.0483253002166748
