n_obs: 10
data_preparation: 36.80755400657654
writing: 0.18681693077087402
reading: 0.04454779624938965
data_fitting: 2.8241770267486572
flux_point: 0.771690845489502
