n_obs: 10
data_preparation: 41.925583839416504
writing: 0.18138670921325684
reading: 0.043227434158325195
data_fitting: 2.931304454803467
flux_point: 0.7951493263244629
