n_obs: 10
data_preparation: 14.6638023853302
writing: 0.14847660064697266
reading: 0.06431889533996582
data_fitting: 2.7121496200561523
flux_point: 0.7995307445526123
