n_obs: 10
data_preparation: 18.627217292785645
writing: 0.12665486335754395
reading: 0.0607454776763916
data_fitting: 3.3453969955444336
flux_point: 0.8062512874603271
