n_obs: 10
data_preparation: 14.627798080444336
writing: 0.3965880870819092
reading: 0.06198716163635254
data_fitting: 2.677722692489624
flux_point: 0.8180480003356934
