n_obs: 10
data_preparation: 14.52780532836914
writing: 0.362015962600708
reading: 0.03827404975891113
data_fitting: 2.0551252365112305
flux_point: 0.6136791706085205
