n_obs: 10
data_preparation: 14.438363075256348
writing: 0.40254807472229004
reading: 0.05938601493835449
data_fitting: 1.8236148357391357
flux_point: 0.7904880046844482
