n_obs: 10
data_preparation: 51.12304329872131
writing: 0.29787468910217285
reading: 0.07097125053405762
data_fitting: 3.7429704666137695
flux_point: 1.097728967666626
