n_obs: 10
data_preparation: 38.78382706642151
writing: 0.19275307655334473
reading: 0.04443645477294922
data_fitting: 2.7992916107177734
flux_point: 1.0118279457092285
