n_obs: 10
data_preparation: 45.12491965293884
writing: 0.20050811767578125
reading: 0.23235464096069336
data_fitting: 3.2618558406829834
flux_point: 2.557875633239746
