n_obs: 10
data_preparation: 14.09265923500061
writing: 0.35311222076416016
reading: 0.05913519859313965
data_fitting: 1.746656894683838
flux_point: 0.7807540893554688
