n_obs: 10
data_preparation: 50.63584661483765
writing: 0.2512383460998535
reading: 0.06021881103515625
data_fitting: 4.170016765594482
flux_point: 1.4725370407104492
