n_obs: 10
data_preparation: 26.925750255584717
writing: 0.2125556468963623
reading: 0.04473614692687988
data_fitting: 2.6798715591430664
flux_point: 0.8240797519683838
