n_obs: 10
data_preparation: 43.348105669021606
writing: 0.2124032974243164
reading: 0.04966235160827637
data_fitting: 3.1191935539245605
flux_point: 1.20469331741333
