n_obs: 10
data_preparation: 14.691684484481812
writing: 0.37471818923950195
reading: 0.03621196746826172
data_fitting: 2.024343729019165
flux_point: 0.6200160980224609
