n_obs: 10
data_preparation: 14.549137115478516
writing: 0.14765071868896484
reading: 0.06182074546813965
data_fitting: 2.7096340656280518
flux_point: 0.807368278503418
