n_obs: 10
data_preparation: 15.13248062133789
writing: 0.4023780822753906
reading: 0.06196260452270508
data_fitting: 1.716165542602539
flux_point: 0.8070452213287354
