n_obs: 10
data_preparation: 27.44316840171814
writing: 0.21076059341430664
reading: 0.04487919807434082
data_fitting: 2.6986196041107178
flux_point: 0.8158760070800781
