n_obs: 10
data_preparation: 14.754212617874146
writing: 0.14705634117126465
reading: 0.0654604434967041
data_fitting: 2.9615466594696045
flux_point: 0.8133366107940674
