n_obs: 10
data_preparation: 35.24554777145386
writing: 0.20547795295715332
reading: 0.04152417182922363
data_fitting: 2.239140748977661
flux_point: 0.7896432876586914
