n_obs: 10
data_preparation: 55.15533900260925
writing: 0.2941410541534424
reading: 0.06384921073913574
data_fitting: 4.054340839385986
flux_point: 1.2176477909088135
