n_obs: 10
data_preparation: 15.38547682762146
writing: 0.15557599067687988
reading: 0.06325912475585938
data_fitting: 2.842447519302368
flux_point: 0.8345575332641602
