n_obs: 10
data_preparation: 16.03755235671997
writing: 0.15465927124023438
reading: 0.06299901008605957
data_fitting: 2.8024306297302246
flux_point: 0.8353719711303711
