n_obs: 10
data_preparation: 43.07184910774231
writing: 0.19246506690979004
reading: 0.043020009994506836
data_fitting: 3.01035475730896
flux_point: 1.0344481468200684
