n_obs: 10
data_preparation: 32.0538535118103
writing: 0.22795724868774414
reading: 0.0474853515625
data_fitting: 2.792056083679199
flux_point: 0.9040696620941162
