n_obs: 10
data_preparation: 13.278068542480469
writing: 0.13328027725219727
reading: 0.061875104904174805
data_fitting: 3.3676810264587402
flux_point: 0.8112564086914062
