n_obs: 10
data_preparation: 13.221552610397339
writing: 0.13151001930236816
reading: 0.0628504753112793
data_fitting: 3.1399624347686768
flux_point: 0.7907586097717285
