n_obs: 10
data_preparation: 15.074264526367188
writing: 0.4104609489440918
reading: 0.061185359954833984
data_fitting: 1.7780418395996094
flux_point: 0.7992935180664062
