n_obs: 10
data_preparation: 14.488362550735474
writing: 0.3106069564819336
reading: 0.04108786582946777
data_fitting: 2.0526227951049805
flux_point: 0.6334273815155029
