n_obs: 10
data_preparation: 15.687884330749512
writing: 0.428119421005249
reading: 0.06366777420043945
data_fitting: 2.936755418777466
flux_point: 0.8880176544189453
