n_obs: 10
data_preparation: 13.618236064910889
writing: 0.12902069091796875
reading: 0.06241202354431152
data_fitting: 3.086595296859741
flux_point: 0.7871825695037842
