n_obs: 10
data_preparation: 35.4592866897583
writing: 0.20041680335998535
reading: 0.04351305961608887
data_fitting: 2.8975119590759277
flux_point: 0.9414465427398682
