n_obs: 10
data_preparation: 52.05420756340027
writing: 0.2518734931945801
reading: 0.0684664249420166
data_fitting: 6.424853086471558
flux_point: 1.5739035606384277
