n_obs: 10
data_preparation: 55.5697820186615
writing: 0.30885863304138184
reading: 0.06667661666870117
data_fitting: 5.058293342590332
flux_point: 1.6918022632598877
