n_obs: 10
data_preparation: 31.882437229156494
writing: 0.19028449058532715
reading: 0.04248809814453125
data_fitting: 2.7137253284454346
flux_point: 0.9320671558380127
