n_obs: 10
data_preparation: 42.191723108291626
writing: 0.24227237701416016
reading: 0.05683636665344238
data_fitting: 5.71483039855957
flux_point: 1.2524945735931396
