n_obs: 10
data_preparation: 14.791893720626831
writing: 0.417083740234375
reading: 0.0594785213470459
data_fitting: 1.7986555099487305
flux_point: 0.8127341270446777
