n_obs: 10
data_preparation: 15.037478685379028
writing: 0.31941795349121094
reading: 0.06052565574645996
data_fitting: 2.0360758304595947
flux_point: 0.8058757781982422
