n_obs: 10
data_preparation: 55.47136926651001
writing: 0.2892749309539795
reading: 0.06206631660461426
data_fitting: 3.9177405834198
flux_point: 1.2340502738952637
