n_obs: 10
data_preparation: 45.419963121414185
writing: 0.2546212673187256
reading: 0.05638718605041504
data_fitting: 3.412336587905884
flux_point: 0.9837646484375
