n_obs: 10
data_preparation: 39.59352087974548
writing: 0.18687009811401367
reading: 0.043434858322143555
data_fitting: 2.7659008502960205
flux_point: 1.0094611644744873
