n_obs: 10
data_preparation: 15.35888385772705
writing: 0.4325847625732422
reading: 0.06618356704711914
data_fitting: 3.0013930797576904
flux_point: 0.8822543621063232
