n_obs: 10
data_preparation: 26.412242650985718
writing: 0.21027612686157227
reading: 0.04438209533691406
data_fitting: 2.7877018451690674
flux_point: 0.7947938442230225
