n_obs: 10
data_preparation: 14.897601842880249
writing: 0.4218306541442871
reading: 0.0615537166595459
data_fitting: 2.786667823791504
flux_point: 0.8424735069274902
