n_obs: 10
data_preparation: 31.59196662902832
writing: 0.22248530387878418
reading: 0.04695534706115723
data_fitting: 2.792567253112793
flux_point: 0.9169878959655762
