n_obs: 10
data_preparation: 17.35578441619873
writing: 0.1833643913269043
reading: 0.13636279106140137
data_fitting: 4.21771502494812
flux_point: 2.742635488510132
