n_obs: 10
data_preparation: 33.821248054504395
writing: 0.1910076141357422
reading: 0.041823387145996094
data_fitting: 2.6095337867736816
flux_point: 0.9436392784118652
