n_obs: 10
data_preparation: 37.760173320770264
writing: 0.18944478034973145
reading: 0.04162096977233887
data_fitting: 2.587533473968506
flux_point: 0.9468264579772949
