n_obs: 10
data_preparation: 18.092488527297974
writing: 0.3551211357116699
reading: 0.04371380805969238
data_fitting: 2.5049023628234863
flux_point: 0.6907193660736084
