n_obs: 10
data_preparation: 14.56503939628601
writing: 0.3571920394897461
reading: 0.03344273567199707
data_fitting: 1.9189424514770508
flux_point: 0.6043353080749512
