n_obs: 10
data_preparation: 14.634562492370605
writing: 0.37669849395751953
reading: 0.06334137916564941
data_fitting: 1.7385663986206055
flux_point: 0.7898399829864502
