n_obs: 10
data_preparation: 44.79699754714966
writing: 0.19830775260925293
reading: 0.22820258140563965
data_fitting: 3.1841650009155273
flux_point: 2.5565035343170166
