n_obs: 10
data_preparation: 40.039955139160156
writing: 0.20129156112670898
reading: 0.04727029800415039
data_fitting: 3.0856077671051025
flux_point: 0.8142087459564209
