n_obs: 10
data_preparation: 32.975484132766724
writing: 0.19115328788757324
reading: 0.043939828872680664
data_fitting: 2.55922532081604
flux_point: 0.940941572189331
