n_obs: 10
data_preparation: 32.81488347053528
writing: 0.23737788200378418
reading: 0.05162453651428223
data_fitting: 3.0151264667510986
flux_point: 0.9096815586090088
