n_obs: 10
data_preparation: 38.02318859100342
writing: 0.2030162811279297
reading: 0.045287370681762695
data_fitting: 3.1527864933013916
flux_point: 0.696699857711792
