n_obs: 10
data_preparation: 14.635706663131714
writing: 0.3704988956451416
reading: 0.029384613037109375
data_fitting: 1.7011480331420898
flux_point: 0.5377538204193115
