n_obs: 10
data_preparation: 41.63249492645264
writing: 0.15218734741210938
reading: 0.11293959617614746
data_fitting: 2.964484691619873
flux_point: 2.0232019424438477
