n_obs: 10
data_preparation: 14.049803256988525
writing: 0.3598954677581787
reading: 0.03790616989135742
data_fitting: 1.731421709060669
flux_point: 0.6101386547088623
