n_obs: 10
data_preparation: 41.94345498085022
writing: 0.20986151695251465
reading: 0.047997474670410156
data_fitting: 2.8742451667785645
flux_point: 0.7942230701446533
