n_obs: 10
data_preparation: 41.93298959732056
writing: 0.2314138412475586
reading: 0.05386519432067871
data_fitting: 5.616458177566528
flux_point: 1.2176332473754883
