n_obs: 10
data_preparation: 13.157017946243286
writing: 0.1270732879638672
reading: 0.06140899658203125
data_fitting: 3.0839943885803223
flux_point: 0.7819912433624268
