n_obs: 10
data_preparation: 14.48141884803772
writing: 0.1430509090423584
reading: 0.06337189674377441
data_fitting: 2.7281911373138428
flux_point: 0.8076364994049072
