n_obs: 10
data_preparation: 14.860449075698853
writing: 0.14878082275390625
reading: 0.06281661987304688
data_fitting: 2.757718086242676
flux_point: 0.8177807331085205
