n_obs: 10
data_preparation: 46.30967473983765
writing: 0.30421018600463867
reading: 0.0714728832244873
data_fitting: 4.089867353439331
flux_point: 1.0820233821868896
