n_obs: 10
data_preparation: 42.24005675315857
writing: 0.21847295761108398
reading: 0.04709815979003906
data_fitting: 2.877812623977661
flux_point: 0.7911453247070312
