n_obs: 10
data_preparation: 14.778409481048584
writing: 0.30472373962402344
reading: 0.040743350982666016
data_fitting: 2.143139362335205
flux_point: 0.657172441482544
