n_obs: 10
data_preparation: 33.0839729309082
writing: 0.19189214706420898
reading: 0.04265594482421875
data_fitting: 2.6099765300750732
flux_point: 0.9462392330169678
