n_obs: 10
data_preparation: 15.007778406143188
writing: 0.36942458152770996
reading: 0.034159183502197266
data_fitting: 1.9355595111846924
flux_point: 0.6094121932983398
