n_obs: 10
data_preparation: 14.570955753326416
writing: 0.40177154541015625
reading: 0.05995965003967285
data_fitting: 1.746788740158081
flux_point: 0.8003129959106445
