n_obs: 10
data_preparation: 13.397355556488037
writing: 0.14941072463989258
reading: 0.06258511543273926
data_fitting: 3.113314390182495
flux_point: 0.7968940734863281
