n_obs: 10
data_preparation: 14.604823350906372
writing: 0.1458420753479004
reading: 0.0647740364074707
data_fitting: 2.7537965774536133
flux_point: 0.8204944133758545
