n_obs: 10
data_preparation: 49.264453172683716
writing: 0.26145005226135254
reading: 0.06353998184204102
data_fitting: 3.294396162033081
flux_point: 0.9683358669281006
