n_obs: 10
data_preparation: 15.387979745864868
writing: 0.1623396873474121
reading: 0.0678098201751709
data_fitting: 3.0180859565734863
flux_point: 0.8888061046600342
