n_obs: 10
data_preparation: 47.8483099937439
writing: 0.29880762100219727
reading: 0.06641483306884766
data_fitting: 4.4027159214019775
flux_point: 3.901160955429077
