n_obs: 10
data_preparation: 14.629111051559448
writing: 0.3146240711212158
reading: 0.042957305908203125
data_fitting: 2.0264458656311035
flux_point: 0.6442415714263916
