n_obs: 10
data_preparation: 37.09614562988281
writing: 0.2615382671356201
reading: 0.06113600730895996
data_fitting: 3.3375356197357178
flux_point: 1.0575668811798096
