n_obs: 10
data_preparation: 25.16405487060547
writing: 0.2089083194732666
reading: 0.042970895767211914
data_fitting: 2.432462692260742
flux_point: 0.7740066051483154
