n_obs: 10
data_preparation: 43.70502066612244
writing: 0.17001080513000488
reading: 0.07269716262817383
data_fitting: 2.6992034912109375
flux_point: 1.7704198360443115
