n_obs: 10
data_preparation: 14.915273427963257
writing: 0.3098142147064209
reading: 0.06095123291015625
data_fitting: 1.9569587707519531
flux_point: 0.8226509094238281
