n_obs: 10
data_preparation: 54.34602665901184
writing: 0.2950446605682373
reading: 0.0721731185913086
data_fitting: 4.9663848876953125
flux_point: 1.693620204925537
