n_obs: 10
data_preparation: 43.61637568473816
writing: 0.19170522689819336
reading: 0.2157599925994873
data_fitting: 2.942408561706543
flux_point: 2.3585896492004395
