n_obs: 10
data_preparation: 14.62576150894165
writing: 0.14755678176879883
reading: 0.06310486793518066
data_fitting: 2.7461371421813965
flux_point: 0.8179454803466797
