n_obs: 10
data_preparation: 14.35163164138794
writing: 0.142470121383667
reading: 0.06249427795410156
data_fitting: 2.8474555015563965
flux_point: 0.8009302616119385
