n_obs: 10
data_preparation: 14.683955907821655
writing: 0.14383649826049805
reading: 0.06276249885559082
data_fitting: 2.7784767150878906
flux_point: 0.8207395076751709
