n_obs: 10
data_preparation: 49.129355669021606
writing: 0.28125619888305664
reading: 0.09214234352111816
data_fitting: 3.627883195877075
flux_point: 1.9466195106506348
