n_obs: 10
data_preparation: 14.785914659500122
writing: 0.2981877326965332
reading: 0.04174089431762695
data_fitting: 2.0004591941833496
flux_point: 0.6283092498779297
