n_obs: 10
data_preparation: 14.535508632659912
writing: 0.36528635025024414
reading: 0.06087374687194824
data_fitting: 1.7132437229156494
flux_point: 0.7904119491577148
