n_obs: 10
data_preparation: 14.85034728050232
writing: 0.35520434379577637
reading: 0.033838748931884766
data_fitting: 1.9097397327423096
flux_point: 0.6051638126373291
