n_obs: 10
data_preparation: 46.776758909225464
writing: 0.24177122116088867
reading: 0.05041337013244629
data_fitting: 3.1207852363586426
flux_point: 1.1899290084838867
