n_obs: 10
data_preparation: 46.02022695541382
writing: 0.29628968238830566
reading: 0.07774710655212402
data_fitting: 3.720111846923828
flux_point: 0.9668054580688477
