n_obs: 10
data_preparation: 29.265747547149658
writing: 0.2128431797027588
reading: 0.04491233825683594
data_fitting: 2.6973259449005127
flux_point: 0.81679368019104
