n_obs: 10
data_preparation: 14.949385166168213
writing: 0.30219125747680664
reading: 0.04041409492492676
data_fitting: 2.095707416534424
flux_point: 0.6375176906585693
