n_obs: 10
data_preparation: 44.23051834106445
writing: 0.2465510368347168
reading: 0.05675315856933594
data_fitting: 3.623211145401001
flux_point: 1.2839844226837158
