n_obs: 10
data_preparation: 48.64504098892212
writing: 0.2689180374145508
reading: 0.06489872932434082
data_fitting: 3.152374029159546
flux_point: 0.8873186111450195
