n_obs: 10
data_preparation: 14.332679510116577
writing: 0.3076660633087158
reading: 0.05970120429992676
data_fitting: 1.7545201778411865
flux_point: 0.7988667488098145
