n_obs: 10
data_preparation: 45.297181606292725
writing: 0.23915529251098633
reading: 0.053937435150146484
data_fitting: 3.3186848163604736
flux_point: 0.8947038650512695
