n_obs: 10
data_preparation: 52.629143953323364
writing: 0.3013274669647217
reading: 0.0718989372253418
data_fitting: 7.03501558303833
flux_point: 1.5178263187408447
