n_obs: 10
data_preparation: 14.571351766586304
writing: 0.3975808620452881
reading: 0.0614619255065918
data_fitting: 1.9394779205322266
flux_point: 0.8572287559509277
