n_obs: 10
data_preparation: 13.258172750473022
writing: 0.11882328987121582
reading: 0.05404043197631836
data_fitting: 2.7060210704803467
flux_point: 0.7221870422363281
