n_obs: 10
data_preparation: 41.64016628265381
writing: 0.22124767303466797
reading: 0.05077552795410156
data_fitting: 3.0763344764709473
flux_point: 1.1366071701049805
