n_obs: 10
data_preparation: 13.894180536270142
writing: 0.3561391830444336
reading: 0.060211181640625
data_fitting: 1.7564284801483154
flux_point: 0.787419319152832
