n_obs: 10
data_preparation: 14.51371955871582
writing: 0.39032697677612305
reading: 0.06033205986022949
data_fitting: 2.0109384059906006
flux_point: 0.8570454120635986
