n_obs: 10
data_preparation: 31.659685134887695
writing: 0.19541668891906738
reading: 0.04403877258300781
data_fitting: 2.5468947887420654
flux_point: 0.9491307735443115
