n_obs: 10
data_preparation: 41.993921995162964
writing: 0.20991945266723633
reading: 0.047944068908691406
data_fitting: 3.088486909866333
flux_point: 1.0372960567474365
