n_obs: 10
data_preparation: 44.29575967788696
writing: 0.20968127250671387
reading: 0.2271108627319336
data_fitting: 3.596824884414673
flux_point: 3.2162463665008545
