n_obs: 10
data_preparation: 45.93782830238342
writing: 0.2609996795654297
reading: 0.052497148513793945
data_fitting: 3.3942415714263916
flux_point: 1.0732674598693848
