n_obs: 10
data_preparation: 14.909130573272705
writing: 0.14603447914123535
reading: 0.06806063652038574
data_fitting: 3.0004265308380127
flux_point: 0.8440477848052979
