n_obs: 10
data_preparation: 40.54536843299866
writing: 0.22519969940185547
reading: 0.05138707160949707
data_fitting: 5.340019226074219
flux_point: 1.153954267501831
