n_obs: 10
data_preparation: 17.072376489639282
writing: 0.17719030380249023
reading: 0.1276407241821289
data_fitting: 3.874401807785034
flux_point: 2.5356667041778564
