n_obs: 10
data_preparation: 41.05283999443054
writing: 0.1987438201904297
reading: 0.046083927154541016
data_fitting: 4.824444532394409
flux_point: 1.02193021774292
