n_obs: 10
data_preparation: 47.011568546295166
writing: 0.2433006763458252
reading: 0.06240415573120117
data_fitting: 3.8267598152160645
flux_point: 1.3547163009643555
