n_obs: 10
data_preparation: 14.650508642196655
writing: 0.3560798168182373
reading: 0.03660130500793457
data_fitting: 2.018097162246704
flux_point: 0.5823335647583008
