n_obs: 10
data_preparation: 46.19773840904236
writing: 0.2409679889678955
reading: 0.05061173439025879
data_fitting: 2.9673614501953125
flux_point: 0.9995770454406738
