n_obs: 10
data_preparation: 14.729840517044067
writing: 0.3771047592163086
reading: 0.041024208068847656
data_fitting: 2.051973581314087
flux_point: 0.5790901184082031
