n_obs: 10
data_preparation: 40.09746766090393
writing: 0.17051005363464355
reading: 0.19881200790405273
data_fitting: 2.686394453048706
flux_point: 2.016674518585205
