n_obs: 10
data_preparation: 12.960941314697266
writing: 0.1213228702545166
reading: 0.05448722839355469
data_fitting: 2.666489601135254
flux_point: 0.7093236446380615
