n_obs: 10
data_preparation: 43.590630769729614
writing: 0.1886000633239746
reading: 0.16812825202941895
data_fitting: 2.8896324634552
flux_point: 2.3502209186553955
