n_obs: 10
data_preparation: 15.24975061416626
writing: 0.14972567558288574
reading: 0.10629725456237793
data_fitting: 3.489083766937256
flux_point: 2.1325721740722656
