n_obs: 10
data_preparation: 14.995640277862549
writing: 0.3919830322265625
reading: 0.03831291198730469
data_fitting: 2.3094406127929688
flux_point: 0.6301403045654297
