n_obs: 10
data_preparation: 14.273099899291992
writing: 0.3685886859893799
reading: 0.057694196701049805
data_fitting: 1.7464752197265625
flux_point: 0.7982997894287109
