n_obs: 10
data_preparation: 34.32055377960205
writing: 0.20376825332641602
reading: 0.04073476791381836
data_fitting: 2.292121410369873
flux_point: 0.9220690727233887
