n_obs: 10
data_preparation: 14.531679153442383
writing: 0.3691847324371338
reading: 0.0620265007019043
data_fitting: 1.7453720569610596
flux_point: 0.7996718883514404
