n_obs: 10
data_preparation: 46.319135904312134
writing: 0.26635217666625977
reading: 0.05941128730773926
data_fitting: 3.4165382385253906
flux_point: 1.351679801940918
