n_obs: 10
data_preparation: 14.775745630264282
writing: 0.4098019599914551
reading: 0.06324553489685059
data_fitting: 1.711944580078125
flux_point: 0.7938559055328369
