n_obs: 10
data_preparation: 42.8309280872345
writing: 0.16158270835876465
reading: 0.07142996788024902
data_fitting: 2.3872735500335693
flux_point: 1.440255880355835
