n_obs: 10
data_preparation: 30.945469856262207
writing: 0.21357274055480957
reading: 0.04508256912231445
data_fitting: 2.9992942810058594
flux_point: 0.8335530757904053
