n_obs: 10
data_preparation: 14.821930885314941
writing: 0.1439228057861328
reading: 0.06267189979553223
data_fitting: 2.7743496894836426
flux_point: 0.8256771564483643
