n_obs: 10
data_preparation: 14.375283479690552
writing: 0.3614952564239502
reading: 0.05692410469055176
data_fitting: 1.7435355186462402
flux_point: 0.798243522644043
