n_obs: 10
data_preparation: 14.717676877975464
writing: 0.37540340423583984
reading: 0.060708045959472656
data_fitting: 2.669395923614502
flux_point: 0.8101933002471924
