n_obs: 10
data_preparation: 39.379011154174805
writing: 0.19282221794128418
reading: 0.04495811462402344
data_fitting: 2.853013753890991
flux_point: 0.9891571998596191
