n_obs: 10
data_preparation: 14.777759552001953
writing: 0.30991554260253906
reading: 0.041758060455322266
data_fitting: 2.0559003353118896
flux_point: 0.6383512020111084
