n_obs: 10
data_preparation: 13.21099042892456
writing: 0.14206910133361816
reading: 0.06210756301879883
data_fitting: 3.3223276138305664
flux_point: 0.7857797145843506
