n_obs: 10
data_preparation: 43.57705330848694
writing: 0.22924017906188965
reading: 0.05289196968078613
data_fitting: 3.3987624645233154
flux_point: 0.9429306983947754
