n_obs: 10
data_preparation: 14.797392845153809
writing: 0.14680862426757812
reading: 0.06359982490539551
data_fitting: 2.966503143310547
flux_point: 0.827775239944458
