n_obs: 10
data_preparation: 38.67727971076965
writing: 0.23554015159606934
reading: 0.05320239067077637
data_fitting: 4.805518627166748
flux_point: 3.0615108013153076
