n_obs: 10
data_preparation: 51.883203744888306
writing: 0.2909202575683594
reading: 0.07289266586303711
data_fitting: 3.8001015186309814
flux_point: 1.094933271408081
