n_obs: 10
data_preparation: 14.23972749710083
writing: 0.35432910919189453
reading: 0.05747246742248535
data_fitting: 1.7947347164154053
flux_point: 0.8217000961303711
