n_obs: 10
data_preparation: 13.601167678833008
writing: 0.1493067741394043
reading: 0.06719589233398438
data_fitting: 3.237325429916382
flux_point: 0.7988376617431641
