n_obs: 10
data_preparation: 44.12340688705444
writing: 0.15615534782409668
reading: 0.07285547256469727
data_fitting: 2.861055612564087
flux_point: 1.8081815242767334
