n_obs: 10
data_preparation: 42.75695562362671
writing: 0.20125484466552734
reading: 0.04522371292114258
data_fitting: 2.707298755645752
flux_point: 0.8005590438842773
