n_obs: 10
data_preparation: 14.50198769569397
writing: 0.39957237243652344
reading: 0.06058073043823242
data_fitting: 2.6977458000183105
flux_point: 0.821601152420044
