n_obs: 10
data_preparation: 14.81455397605896
writing: 0.14510416984558105
reading: 0.061859846115112305
data_fitting: 3.3466298580169678
flux_point: 0.8211843967437744
