n_obs: 10
data_preparation: 15.376455068588257
writing: 0.1443803310394287
reading: 0.06156349182128906
data_fitting: 2.693803310394287
flux_point: 0.812272310256958
