n_obs: 10
data_preparation: 28.868683576583862
writing: 0.2023000717163086
reading: 0.04065585136413574
data_fitting: 2.4382834434509277
flux_point: 0.7896132469177246
