n_obs: 10
data_preparation: 44.638076305389404
writing: 0.1542203426361084
reading: 0.11503863334655762
data_fitting: 3.1825201511383057
flux_point: 2.137986898422241
