n_obs: 10
data_preparation: 43.41032862663269
writing: 0.23177528381347656
reading: 0.05287742614746094
data_fitting: 3.2705812454223633
flux_point: 0.8815863132476807
