n_obs: 10
data_preparation: 43.66531848907471
writing: 0.22374677658081055
reading: 0.05750322341918945
data_fitting: 3.430316209793091
flux_point: 1.1867566108703613
