n_obs: 10
data_preparation: 38.113154888153076
writing: 0.2003164291381836
reading: 0.04489874839782715
data_fitting: 3.3699984550476074
flux_point: 1.0914373397827148
