n_obs: 10
data_preparation: 14.225947141647339
writing: 0.3639488220214844
reading: 0.057286739349365234
data_fitting: 1.7590653896331787
flux_point: 0.8196654319763184
