n_obs: 10
data_preparation: 42.15082287788391
writing: 0.19450736045837402
reading: 0.04582548141479492
data_fitting: 2.7844855785369873
flux_point: 1.024078369140625
