n_obs: 10
data_preparation: 39.257758378982544
writing: 0.1924448013305664
reading: 0.04273629188537598
data_fitting: 2.777115821838379
flux_point: 0.9843699932098389
