n_obs: 10
data_preparation: 14.245481729507446
writing: 0.37056803703308105
reading: 0.05760669708251953
data_fitting: 1.7466838359832764
flux_point: 0.839165449142456
