n_obs: 10
data_preparation: 14.703928232192993
writing: 0.14785051345825195
reading: 0.06400537490844727
data_fitting: 2.8851687908172607
flux_point: 0.8437120914459229
