n_obs: 10
data_preparation: 49.652400493621826
writing: 0.17690730094909668
reading: 0.14690756797790527
data_fitting: 4.012434720993042
flux_point: 2.430500030517578
