n_obs: 10
data_preparation: 33.448487520217896
writing: 0.24057769775390625
reading: 0.05054497718811035
data_fitting: 3.1360700130462646
flux_point: 0.987083911895752
