n_obs: 10
data_preparation: 14.099641561508179
writing: 0.36339426040649414
reading: 0.05818796157836914
data_fitting: 1.7699782848358154
flux_point: 0.8207235336303711
