n_obs: 10
data_preparation: 38.070780515670776
writing: 0.20654702186584473
reading: 0.04159355163574219
data_fitting: 2.2391812801361084
flux_point: 0.8117885589599609
