n_obs: 10
data_preparation: 40.21825194358826
writing: 0.18923449516296387
reading: 0.042534589767456055
data_fitting: 2.4858031272888184
flux_point: 0.6993453502655029
