n_obs: 10
data_preparation: 22.381813526153564
writing: 0.13811612129211426
reading: 0.06222414970397949
data_fitting: 2.9165380001068115
flux_point: 0.883519172668457
