n_obs: 10
data_preparation: 36.228399991989136
writing: 0.20269107818603516
reading: 0.041243553161621094
data_fitting: 2.211634874343872
flux_point: 0.7834751605987549
