n_obs: 10
data_preparation: 44.70236563682556
writing: 0.2573971748352051
reading: 0.057211875915527344
data_fitting: 3.219029664993286
flux_point: 0.9573571681976318
