n_obs: 10
data_preparation: 14.89404010772705
writing: 0.30059218406677246
reading: 0.040067434310913086
data_fitting: 2.0403079986572266
flux_point: 0.6315476894378662
