n_obs: 10
data_preparation: 14.774739503860474
writing: 0.3540184497833252
reading: 0.03953814506530762
data_fitting: 2.019834280014038
flux_point: 0.5880229473114014
