n_obs: 10
data_preparation: 44.208725452423096
writing: 0.2733426094055176
reading: 0.06096696853637695
data_fitting: 3.7525899410247803
flux_point: 3.5515477657318115
