n_obs: 10
data_preparation: 14.963369607925415
writing: 0.1464242935180664
reading: 0.06316518783569336
data_fitting: 2.7670938968658447
flux_point: 0.8230054378509521
