n_obs: 10
data_preparation: 44.10447382926941
writing: 0.2608153820037842
reading: 0.06198573112487793
data_fitting: 5.7300193309783936
flux_point: 1.300621747970581
