n_obs: 10
data_preparation: 45.059484243392944
writing: 0.16406989097595215
reading: 0.04736328125
data_fitting: 3.142148017883301
flux_point: 2.165377616882324
