n_obs: 10
data_preparation: 43.763381242752075
writing: 0.2290782928466797
reading: 0.04939532279968262
data_fitting: 3.3602452278137207
flux_point: 1.1674423217773438
