n_obs: 10
data_preparation: 14.162869691848755
writing: 0.36683154106140137
reading: 0.05939888954162598
data_fitting: 1.830434799194336
flux_point: 0.8026881217956543
