n_obs: 10
data_preparation: 42.28999376296997
writing: 0.23586058616638184
reading: 0.05748581886291504
data_fitting: 5.486012697219849
flux_point: 1.2166554927825928
