n_obs: 10
data_preparation: 14.729597806930542
writing: 0.14319705963134766
reading: 0.06150174140930176
data_fitting: 2.719773054122925
flux_point: 0.8032302856445312
