n_obs: 10
data_preparation: 39.11645984649658
writing: 0.18404483795166016
reading: 0.04247641563415527
data_fitting: 2.5732643604278564
flux_point: 0.7114028930664062
