n_obs: 10
data_preparation: 14.834035634994507
writing: 0.41412949562072754
reading: 0.0692453384399414
data_fitting: 2.760091543197632
flux_point: 0.8338043689727783
