n_obs: 10
data_preparation: 43.1731162071228
writing: 0.1873183250427246
reading: 0.048501014709472656
data_fitting: 2.9814515113830566
flux_point: 2.6433305740356445
