n_obs: 10
data_preparation: 40.34487748146057
writing: 0.18972301483154297
reading: 0.04435086250305176
data_fitting: 2.7268598079681396
flux_point: 0.7544808387756348
