n_obs: 10
data_preparation: 40.87370276451111
writing: 0.14442920684814453
reading: 0.11198759078979492
data_fitting: 5.907379150390625
flux_point: 3.743088483810425
