n_obs: 10
data_preparation: 14.467949867248535
writing: 0.14163517951965332
reading: 0.06512022018432617
data_fitting: 2.7835769653320312
flux_point: 0.8128681182861328
