n_obs: 10
data_preparation: 56.04963302612305
writing: 0.31398558616638184
reading: 0.06510567665100098
data_fitting: 4.597491502761841
flux_point: 1.5067851543426514
