n_obs: 10
data_preparation: 35.89546823501587
writing: 0.20529460906982422
reading: 0.046552419662475586
data_fitting: 2.8499367237091064
flux_point: 2.344513177871704
