n_obs: 10
data_preparation: 39.49651026725769
writing: 0.19532251358032227
reading: 0.04432940483093262
data_fitting: 2.9012553691864014
flux_point: 1.021012783050537
