n_obs: 10
data_preparation: 58.578533411026
writing: 0.3025333881378174
reading: 0.07516098022460938
data_fitting: 4.790303468704224
flux_point: 1.5568428039550781
