n_obs: 10
data_preparation: 30.03649067878723
writing: 0.21490120887756348
reading: 0.04633522033691406
data_fitting: 2.8276145458221436
flux_point: 0.8392632007598877
