n_obs: 10
data_preparation: 26.147391319274902
writing: 0.20905685424804688
reading: 0.04486823081970215
data_fitting: 2.562450885772705
flux_point: 0.7887353897094727
