n_obs: 10
data_preparation: 14.448840856552124
writing: 0.14748573303222656
reading: 0.0624542236328125
data_fitting: 2.733206272125244
flux_point: 0.8094785213470459
