n_obs: 10
data_preparation: 38.84933805465698
writing: 0.1835346221923828
reading: 0.04241657257080078
data_fitting: 2.4812088012695312
flux_point: 0.6958189010620117
