n_obs: 10
data_preparation: 13.74277377128601
writing: 0.14207005500793457
reading: 0.0633401870727539
data_fitting: 2.6952712535858154
flux_point: 0.7978341579437256
