n_obs: 10
data_preparation: 39.780582666397095
writing: 0.3242490291595459
reading: 0.0658257007598877
data_fitting: 4.454495191574097
flux_point: 1.2693736553192139
