n_obs: 10
data_preparation: 14.106674671173096
writing: 0.36099958419799805
reading: 0.057959794998168945
data_fitting: 1.7393152713775635
flux_point: 0.8122494220733643
