n_obs: 10
data_preparation: 41.49030590057373
writing: 0.2023463249206543
reading: 0.047133684158325195
data_fitting: 5.095675945281982
flux_point: 1.0608971118927002
