n_obs: 10
data_preparation: 14.485232830047607
writing: 0.14545750617980957
reading: 0.06363821029663086
data_fitting: 3.4961888790130615
flux_point: 0.8321340084075928
