n_obs: 10
data_preparation: 14.532685041427612
writing: 0.3725450038909912
reading: 0.04024147987365723
data_fitting: 1.767470121383667
flux_point: 0.6177005767822266
