n_obs: 10
data_preparation: 13.87674856185913
writing: 0.14559602737426758
reading: 0.06380510330200195
data_fitting: 3.3458752632141113
flux_point: 0.8148665428161621
