n_obs: 10
data_preparation: 15.1336088180542
writing: 0.4283254146575928
reading: 0.06394267082214355
data_fitting: 1.855639934539795
flux_point: 0.8354921340942383
