n_obs: 10
data_preparation: 14.908529043197632
writing: 0.3150005340576172
reading: 0.04207181930541992
data_fitting: 2.114154815673828
flux_point: 0.6532745361328125
