n_obs: 10
data_preparation: 48.72855615615845
writing: 0.17868423461914062
reading: 0.13666796684265137
data_fitting: 7.439123630523682
flux_point: 4.712112903594971
