n_obs: 10
data_preparation: 14.034430265426636
writing: 0.3565084934234619
reading: 0.05793190002441406
data_fitting: 1.7377138137817383
flux_point: 0.7758288383483887
