n_obs: 10
data_preparation: 14.655627012252808
writing: 0.143418550491333
reading: 0.06265139579772949
data_fitting: 2.769307851791382
flux_point: 0.8154487609863281
