n_obs: 10
data_preparation: 29.619266748428345
writing: 0.21234822273254395
reading: 0.045624494552612305
data_fitting: 2.889167547225952
flux_point: 0.8206706047058105
