n_obs: 10
data_preparation: 18.39404606819153
writing: 0.4535353183746338
reading: 0.04806685447692871
data_fitting: 2.7225372791290283
flux_point: 0.7064952850341797
