n_obs: 10
data_preparation: 38.660510540008545
writing: 0.19418692588806152
reading: 0.04548501968383789
data_fitting: 2.6066386699676514
flux_point: 2.5634286403656006
