n_obs: 10
data_preparation: 15.031229019165039
writing: 0.3814809322357178
reading: 0.03580784797668457
data_fitting: 2.0537328720092773
flux_point: 0.6243453025817871
