n_obs: 10
data_preparation: 14.271277666091919
writing: 0.3059096336364746
reading: 0.05882096290588379
data_fitting: 1.7560830116271973
flux_point: 0.7779273986816406
