n_obs: 10
data_preparation: 33.17146611213684
writing: 0.2711365222930908
reading: 0.06047368049621582
data_fitting: 3.36930513381958
flux_point: 1.1191558837890625
