n_obs: 10
data_preparation: 14.087826490402222
writing: 0.351426362991333
reading: 0.06011199951171875
data_fitting: 1.7451941967010498
flux_point: 0.8416788578033447
