n_obs: 10
data_preparation: 14.298008680343628
writing: 0.3565552234649658
reading: 0.057828664779663086
data_fitting: 1.7094919681549072
flux_point: 0.8353786468505859
