n_obs: 10
data_preparation: 39.08542442321777
writing: 0.19242048263549805
reading: 0.04465508460998535
data_fitting: 2.8877625465393066
flux_point: 1.0144660472869873
