n_obs: 10
data_preparation: 39.09951043128967
writing: 0.18400812149047852
reading: 0.04238581657409668
data_fitting: 2.4837687015533447
flux_point: 0.7132971286773682
