n_obs: 10
data_preparation: 51.25053119659424
writing: 0.18271207809448242
reading: 0.06139063835144043
data_fitting: 3.134018659591675
flux_point: 2.2642974853515625
