n_obs: 10
data_preparation: 49.318055629730225
writing: 0.25952935218811035
reading: 0.05944466590881348
data_fitting: 3.6183922290802
flux_point: 1.0512619018554688
