n_obs: 10
data_preparation: 41.54575824737549
writing: 0.2351975440979004
reading: 0.057024478912353516
data_fitting: 5.354920864105225
flux_point: 1.2151710987091064
