n_obs: 10
data_preparation: 14.456871032714844
writing: 0.3723020553588867
reading: 0.06034970283508301
data_fitting: 1.8142821788787842
flux_point: 0.8504047393798828
