n_obs: 10
data_preparation: 42.82248640060425
writing: 0.21222782135009766
reading: 0.04791831970214844
data_fitting: 2.8167080879211426
flux_point: 0.7812683582305908
