n_obs: 10
data_preparation: 38.81673002243042
writing: 0.20751428604125977
reading: 0.04752230644226074
data_fitting: 2.729163408279419
flux_point: 0.7651960849761963
