n_obs: 10
data_preparation: 44.66886234283447
writing: 0.15676283836364746
reading: 0.1207733154296875
data_fitting: 3.993184804916382
flux_point: 2.6779026985168457
