n_obs: 10
data_preparation: 14.45378828048706
writing: 1.4182226657867432
reading: 0.06176042556762695
data_fitting: 2.771709680557251
flux_point: 0.8183019161224365
