n_obs: 10
data_preparation: 15.21025276184082
writing: 0.31180334091186523
reading: 0.037798404693603516
data_fitting: 2.307035207748413
flux_point: 0.6223101615905762
