n_obs: 10
data_preparation: 14.456645965576172
writing: 0.30825257301330566
reading: 0.06030702590942383
data_fitting: 1.8558580875396729
flux_point: 0.8097772598266602
