n_obs: 10
data_preparation: 14.818104267120361
writing: 0.37090373039245605
reading: 0.02971816062927246
data_fitting: 1.7375764846801758
flux_point: 0.5467276573181152
