n_obs: 10
data_preparation: 15.110405206680298
writing: 0.4016094207763672
reading: 0.03165721893310547
data_fitting: 1.9046649932861328
flux_point: 0.5792222023010254
