n_obs: 10
data_preparation: 14.635397911071777
writing: 0.14270591735839844
reading: 0.06228470802307129
data_fitting: 2.7217719554901123
flux_point: 0.8121213912963867
