n_obs: 10
data_preparation: 14.320168018341064
writing: 0.1421055793762207
reading: 0.060349464416503906
data_fitting: 2.814990282058716
flux_point: 0.7928624153137207
