n_obs: 10
data_preparation: 42.177382707595825
writing: 0.19148993492126465
reading: 0.22333550453186035
data_fitting: 2.967334032058716
flux_point: 2.2277278900146484
