n_obs: 10
data_preparation: 14.4705491065979
writing: 0.1460120677947998
reading: 0.06445908546447754
data_fitting: 2.718398332595825
flux_point: 0.8130495548248291
