n_obs: 10
data_preparation: 42.622896671295166
writing: 0.17257046699523926
reading: 0.04516792297363281
data_fitting: 2.719464063644409
flux_point: 2.345078468322754
