n_obs: 10
data_preparation: 46.31174826622009
writing: 0.2743849754333496
reading: 0.062142372131347656
data_fitting: 3.3905739784240723
flux_point: 1.0010013580322266
