n_obs: 10
data_preparation: 39.11464738845825
writing: 0.19138526916503906
reading: 0.04495048522949219
data_fitting: 3.1877670288085938
flux_point: 1.0090389251708984
