n_obs: 10
data_preparation: 41.370970010757446
writing: 0.20095539093017578
reading: 0.04679560661315918
data_fitting: 2.8545377254486084
flux_point: 0.7642841339111328
