n_obs: 10
data_preparation: 38.16501760482788
writing: 0.18870759010314941
reading: 0.04316282272338867
data_fitting: 2.786234140396118
flux_point: 0.9956858158111572
