n_obs: 10
data_preparation: 16.715242624282837
writing: 0.17961859703063965
reading: 0.12698650360107422
data_fitting: 3.7689919471740723
flux_point: 2.4616808891296387
