n_obs: 10
data_preparation: 52.43101119995117
writing: 0.3043069839477539
reading: 0.07316040992736816
data_fitting: 6.873641490936279
flux_point: 1.5386273860931396
