n_obs: 10
data_preparation: 50.86490058898926
writing: 0.2745819091796875
reading: 0.06883645057678223
data_fitting: 6.769560098648071
flux_point: 1.5993010997772217
