n_obs: 10
data_preparation: 44.34686470031738
writing: 0.2001171112060547
reading: 0.17882251739501953
data_fitting: 3.1261990070343018
flux_point: 2.503544807434082
