n_obs: 10
data_preparation: 15.10835576057434
writing: 0.4016749858856201
reading: 0.0632474422454834
data_fitting: 2.8305485248565674
flux_point: 0.8515281677246094
