n_obs: 10
data_preparation: 41.89332365989685
writing: 0.20912575721740723
reading: 0.04676556587219238
data_fitting: 2.830730676651001
flux_point: 0.7856199741363525
