n_obs: 10
data_preparation: 15.553677797317505
writing: 0.44207286834716797
reading: 0.06097531318664551
data_fitting: 1.9065041542053223
flux_point: 0.8365442752838135
