n_obs: 10
data_preparation: 14.861138582229614
writing: 0.3735213279724121
reading: 0.0374448299407959
data_fitting: 2.0509443283081055
flux_point: 0.5888874530792236
