n_obs: 10
data_preparation: 50.342188358306885
writing: 0.28079724311828613
reading: 0.06801533699035645
data_fitting: 6.635848522186279
flux_point: 1.5019187927246094
