n_obs: 10
data_preparation: 14.255343198776245
writing: 0.13770627975463867
reading: 0.06313300132751465
data_fitting: 2.65388822555542
flux_point: 0.8030805587768555
