n_obs: 10
data_preparation: 43.44789457321167
writing: 0.14846539497375488
reading: 0.11082148551940918
data_fitting: 2.4027633666992188
flux_point: 1.0783436298370361
