n_obs: 10
data_preparation: 14.743105173110962
writing: 0.36110711097717285
reading: 0.0365138053894043
data_fitting: 1.9259371757507324
flux_point: 0.5977580547332764
