n_obs: 10
data_preparation: 35.80776596069336
writing: 0.2699549198150635
reading: 0.054146766662597656
data_fitting: 3.532939910888672
flux_point: 1.1434953212738037
