n_obs: 10
data_preparation: 14.601109027862549
writing: 0.30797505378723145
reading: 0.0366826057434082
data_fitting: 2.159106731414795
flux_point: 0.5973260402679443
