n_obs: 10
data_preparation: 32.287548542022705
writing: 0.1915910243988037
reading: 0.04130363464355469
data_fitting: 2.562516450881958
flux_point: 0.9215395450592041
