n_obs: 10
data_preparation: 49.09872889518738
writing: 0.1893291473388672
reading: 0.04308342933654785
data_fitting: 2.7258548736572266
flux_point: 0.7072701454162598
