n_obs: 10
data_preparation: 32.845627546310425
writing: 0.19240617752075195
reading: 0.043694257736206055
data_fitting: 2.6426870822906494
flux_point: 0.9559381008148193
