n_obs: 10
data_preparation: 14.662867784500122
writing: 0.30433225631713867
reading: 0.036516666412353516
data_fitting: 2.1227498054504395
flux_point: 0.5902371406555176
