n_obs: 10
data_preparation: 14.77579379081726
writing: 0.38122010231018066
reading: 0.03065347671508789
data_fitting: 1.808706283569336
flux_point: 0.5579040050506592
