n_obs: 10
data_preparation: 51.112746477127075
writing: 0.25998783111572266
reading: 0.059992313385009766
data_fitting: 3.7436811923980713
flux_point: 1.1019113063812256
