n_obs: 10
data_preparation: 45.52714824676514
writing: 0.23782706260681152
reading: 0.05357766151428223
data_fitting: 3.4274322986602783
flux_point: 1.2185640335083008
