n_obs: 10
data_preparation: 43.48910880088806
writing: 0.22726678848266602
reading: 0.05420732498168945
data_fitting: 3.4923503398895264
flux_point: 1.1995325088500977
