n_obs: 10
data_preparation: 49.59038329124451
writing: 0.29034972190856934
reading: 0.06645369529724121
data_fitting: 6.371220111846924
flux_point: 1.4869139194488525
