n_obs: 10
data_preparation: 41.11290431022644
writing: 0.2328050136566162
reading: 0.05390310287475586
data_fitting: 5.576967239379883
flux_point: 1.2165579795837402
