n_obs: 10
data_preparation: 36.17969512939453
writing: 0.2658810615539551
reading: 0.05483055114746094
data_fitting: 3.8256659507751465
flux_point: 1.160290002822876
