n_obs: 10
data_preparation: 40.17619490623474
writing: 0.20182538032531738
reading: 0.04574942588806152
data_fitting: 2.6443612575531006
flux_point: 0.7517802715301514
