n_obs: 10
data_preparation: 34.95763850212097
writing: 0.19103455543518066
reading: 0.04341912269592285
data_fitting: 2.668346405029297
flux_point: 0.9510908126831055
