n_obs: 10
data_preparation: 31.655117750167847
writing: 0.21184062957763672
reading: 0.04542064666748047
data_fitting: 2.6577441692352295
flux_point: 0.8210866451263428
