n_obs: 10
data_preparation: 15.040127277374268
writing: 0.15285205841064453
reading: 0.06541132926940918
data_fitting: 2.799964666366577
flux_point: 0.8276910781860352
