n_obs: 10
data_preparation: 44.1906521320343
writing: 0.22179770469665527
reading: 0.05165672302246094
data_fitting: 3.3202338218688965
flux_point: 1.1883690357208252
