n_obs: 10
data_preparation: 40.03450059890747
writing: 0.20131468772888184
reading: 0.042482614517211914
data_fitting: 2.254584550857544
flux_point: 0.8199069499969482
