n_obs: 10
data_preparation: 14.548604726791382
writing: 0.30722904205322266
reading: 0.0579533576965332
data_fitting: 1.8772733211517334
flux_point: 0.8254585266113281
