n_obs: 10
data_preparation: 43.37720441818237
writing: 0.24908852577209473
reading: 0.056205034255981445
data_fitting: 3.145080089569092
flux_point: 3.0591068267822266
