n_obs: 10
data_preparation: 13.523971319198608
writing: 0.13576388359069824
reading: 0.06657266616821289
data_fitting: 3.105975866317749
flux_point: 0.7860062122344971
