n_obs: 10
data_preparation: 28.591771364212036
writing: 0.20597243309020996
reading: 0.04245758056640625
data_fitting: 2.470689296722412
flux_point: 0.7869906425476074
