n_obs: 10
data_preparation: 40.41296100616455
writing: 0.1960132122039795
reading: 0.04526233673095703
data_fitting: 2.7588651180267334
flux_point: 0.7530121803283691
