n_obs: 10
data_preparation: 50.13406157493591
writing: 0.17916154861450195
reading: 0.08706331253051758
data_fitting: 3.393155813217163
flux_point: 1.994812250137329
