n_obs: 10
data_preparation: 42.95489263534546
writing: 0.15063691139221191
reading: 0.11591649055480957
data_fitting: 2.993051767349243
flux_point: 2.1019175052642822
