n_obs: 10
data_preparation: 14.579529762268066
writing: 0.37108778953552246
reading: 0.029980182647705078
data_fitting: 1.7261135578155518
flux_point: 0.5592846870422363
