n_obs: 10
data_preparation: 13.996284246444702
writing: 0.37362241744995117
reading: 0.0586085319519043
data_fitting: 1.779087781906128
flux_point: 0.7923424243927002
