n_obs: 10
data_preparation: 41.63034200668335
writing: 0.2071516513824463
reading: 0.04776906967163086
data_fitting: 2.895519495010376
flux_point: 0.7853829860687256
