n_obs: 10
data_preparation: 42.64437651634216
writing: 0.2257833480834961
reading: 0.05202174186706543
data_fitting: 2.898982524871826
flux_point: 0.9401698112487793
