n_obs: 10
data_preparation: 14.687005281448364
writing: 0.1480104923248291
reading: 0.06429767608642578
data_fitting: 2.8406994342803955
flux_point: 0.8276340961456299
