n_obs: 10
data_preparation: 13.886656999588013
writing: 0.36089611053466797
reading: 0.05960583686828613
data_fitting: 1.7960841655731201
flux_point: 0.7704312801361084
