n_obs: 10
data_preparation: 14.021953582763672
writing: 0.14244771003723145
reading: 0.061376333236694336
data_fitting: 3.35978102684021
flux_point: 0.8359053134918213
