n_obs: 10
data_preparation: 50.52433228492737
writing: 0.2654271125793457
reading: 0.06683969497680664
data_fitting: 4.103109121322632
flux_point: 1.0533924102783203
