n_obs: 10
data_preparation: 14.717022180557251
writing: 0.35388803482055664
reading: 0.04005861282348633
data_fitting: 2.0089595317840576
flux_point: 0.576265811920166
