n_obs: 10
data_preparation: 14.816203594207764
writing: 0.3152759075164795
reading: 0.04134845733642578
data_fitting: 2.0783088207244873
flux_point: 0.6440074443817139
