n_obs: 10
data_preparation: 44.06680917739868
writing: 0.2742438316345215
reading: 0.06343936920166016
data_fitting: 6.243541479110718
flux_point: 1.384199619293213
