n_obs: 10
data_preparation: 15.01729965209961
writing: 0.14820122718811035
reading: 0.06403398513793945
data_fitting: 2.9019925594329834
flux_point: 0.857144832611084
