n_obs: 10
data_preparation: 14.383844137191772
writing: 0.3779113292694092
reading: 0.04071474075317383
data_fitting: 1.7755928039550781
flux_point: 0.6199285984039307
