n_obs: 10
data_preparation: 51.32983636856079
writing: 0.1871657371520996
reading: 0.23246479034423828
data_fitting: 3.8756117820739746
flux_point: 2.673332929611206
