n_obs: 10
data_preparation: 45.18693208694458
writing: 0.20054864883422852
reading: 0.2357776165008545
data_fitting: 3.6583824157714844
flux_point: 2.806570291519165
