n_obs: 10
data_preparation: 14.107945919036865
writing: 0.37191224098205566
reading: 0.05837607383728027
data_fitting: 1.7817597389221191
flux_point: 0.8244383335113525
