n_obs: 10
data_preparation: 14.614416599273682
writing: 0.4017505645751953
reading: 0.06031465530395508
data_fitting: 1.7307136058807373
flux_point: 0.7909140586853027
