n_obs: 10
data_preparation: 14.518616437911987
writing: 0.311629056930542
reading: 0.05952143669128418
data_fitting: 1.7911396026611328
flux_point: 0.7956640720367432
