n_obs: 10
data_preparation: 15.149537086486816
writing: 0.14739465713500977
reading: 0.06409406661987305
data_fitting: 2.9258522987365723
flux_point: 0.8448998928070068
