n_obs: 10
data_preparation: 39.353129386901855
writing: 0.19301891326904297
reading: 0.04471588134765625
data_fitting: 2.8113934993743896
flux_point: 1.0188255310058594
