n_obs: 10
data_preparation: 32.91069746017456
writing: 0.19234442710876465
reading: 0.04154253005981445
data_fitting: 2.594651699066162
flux_point: 0.931926965713501
