n_obs: 10
data_preparation: 14.168495655059814
writing: 0.36542367935180664
reading: 0.06135272979736328
data_fitting: 2.604238748550415
flux_point: 0.8023879528045654
