n_obs: 10
data_preparation: 39.875436782836914
writing: 0.20353198051452637
reading: 0.04642748832702637
data_fitting: 4.559881925582886
flux_point: 1.030195951461792
