n_obs: 10
data_preparation: 14.264590501785278
writing: 0.37681150436401367
reading: 0.061106204986572266
data_fitting: 1.8555481433868408
flux_point: 0.8250226974487305
