n_obs: 10
data_preparation: 14.205385684967041
writing: 0.3644092082977295
reading: 0.0572352409362793
data_fitting: 1.7844586372375488
flux_point: 0.8258368968963623
