n_obs: 10
data_preparation: 13.734485626220703
writing: 0.13367557525634766
reading: 0.0702669620513916
data_fitting: 3.318720579147339
flux_point: 0.8240437507629395
