n_obs: 10
data_preparation: 42.141839265823364
writing: 0.23645639419555664
reading: 0.05408668518066406
data_fitting: 3.2877960205078125
flux_point: 0.8714070320129395
