n_obs: 10
data_preparation: 47.09402418136597
writing: 0.24801254272460938
reading: 0.055086374282836914
data_fitting: 3.601550579071045
flux_point: 0.9529685974121094
