n_obs: 10
data_preparation: 40.4496545791626
writing: 0.20213747024536133
reading: 0.046355247497558594
data_fitting: 4.850256443023682
flux_point: 1.0938467979431152
