n_obs: 10
data_preparation: 13.470884323120117
writing: 0.12522315979003906
reading: 0.05641651153564453
data_fitting: 2.7420661449432373
flux_point: 0.7784392833709717
