n_obs: 10
data_preparation: 15.049132585525513
writing: 0.300386905670166
reading: 0.041803836822509766
data_fitting: 2.0090835094451904
flux_point: 0.6282014846801758
