n_obs: 10
data_preparation: 14.588921785354614
writing: 0.3677208423614502
reading: 0.0301816463470459
data_fitting: 1.716153621673584
flux_point: 0.5559053421020508
