n_obs: 10
data_preparation: 14.753862857818604
writing: 0.3994112014770508
reading: 0.0627446174621582
data_fitting: 2.687129020690918
flux_point: 0.8174335956573486
