n_obs: 10
data_preparation: 40.29539728164673
writing: 0.2254035472869873
reading: 0.05084061622619629
data_fitting: 2.9127113819122314
flux_point: 2.7560348510742188
