n_obs: 10
data_preparation: 14.926177263259888
writing: 0.3080596923828125
reading: 0.041467905044555664
data_fitting: 2.2198562622070312
flux_point: 0.6495888233184814
