n_obs: 10
data_preparation: 14.580028533935547
writing: 0.14273834228515625
reading: 0.06400537490844727
data_fitting: 3.341326951980591
flux_point: 0.8107917308807373
