n_obs: 10
data_preparation: 41.974756479263306
writing: 0.19939923286437988
reading: 0.04674839973449707
data_fitting: 3.001882791519165
flux_point: 0.7984740734100342
