n_obs: 10
data_preparation: 41.58433151245117
writing: 0.2100532054901123
reading: 0.048163652420043945
data_fitting: 2.9748480319976807
flux_point: 1.0765931606292725
