n_obs: 10
data_preparation: 15.033415794372559
writing: 0.14659547805786133
reading: 0.06711626052856445
data_fitting: 2.903425693511963
flux_point: 0.8357369899749756
