n_obs: 10
data_preparation: 44.167229413986206
writing: 0.23774099349975586
reading: 0.05276298522949219
data_fitting: 3.098140239715576
flux_point: 0.9299547672271729
