n_obs: 10
data_preparation: 30.88614320755005
writing: 0.20909333229064941
reading: 0.04711794853210449
data_fitting: 2.5876028537750244
flux_point: 0.8254809379577637
