n_obs: 10
data_preparation: 14.366247177124023
writing: 0.3053569793701172
reading: 0.03650808334350586
data_fitting: 2.05057954788208
flux_point: 0.5916554927825928
