n_obs: 10
data_preparation: 42.72201085090637
writing: 0.21549510955810547
reading: 0.04851698875427246
data_fitting: 2.9257965087890625
flux_point: 0.7921435832977295
