n_obs: 10
data_preparation: 33.28261685371399
writing: 0.24826788902282715
reading: 0.053467512130737305
data_fitting: 3.5100204944610596
flux_point: 0.9717352390289307
