n_obs: 10
data_preparation: 24.976022481918335
writing: 0.20688724517822266
reading: 0.04314899444580078
data_fitting: 2.4390907287597656
flux_point: 0.776740550994873
