n_obs: 10
data_preparation: 40.36728286743164
writing: 0.19195151329040527
reading: 0.046204328536987305
data_fitting: 2.7986512184143066
flux_point: 1.0090477466583252
