n_obs: 10
data_preparation: 31.723103761672974
writing: 0.18899321556091309
reading: 0.04298043251037598
data_fitting: 2.695368766784668
flux_point: 0.9302051067352295
