n_obs: 10
data_preparation: 54.13886570930481
writing: 0.2983667850494385
reading: 0.06835198402404785
data_fitting: 4.279233455657959
flux_point: 1.210486650466919
