n_obs: 10
data_preparation: 51.59617853164673
writing: 0.19447994232177734
reading: 0.04596257209777832
data_fitting: 2.8396756649017334
flux_point: 1.0447711944580078
