n_obs: 10
data_preparation: 41.21277046203613
writing: 0.22517919540405273
reading: 0.052048683166503906
data_fitting: 5.15578293800354
flux_point: 1.170154094696045
