n_obs: 10
data_preparation: 14.71842074394226
writing: 0.15032315254211426
reading: 0.07224678993225098
data_fitting: 2.8238658905029297
flux_point: 0.8403885364532471
