n_obs: 10
data_preparation: 43.623239278793335
writing: 0.15758275985717773
reading: 0.11550664901733398
data_fitting: 3.1843552589416504
flux_point: 2.1249570846557617
