n_obs: 10
data_preparation: 44.37681841850281
writing: 0.2519223690032959
reading: 0.05845999717712402
data_fitting: 3.456664800643921
flux_point: 0.9345211982727051
