n_obs: 10
data_preparation: 14.519326448440552
writing: 0.35382819175720215
reading: 0.03917646408081055
data_fitting: 2.0178322792053223
flux_point: 0.5792858600616455
