n_obs: 10
data_preparation: 33.01895570755005
writing: 0.19216704368591309
reading: 0.04383492469787598
data_fitting: 2.5966782569885254
flux_point: 0.9496555328369141
