n_obs: 10
data_preparation: 47.972893476486206
writing: 0.16238141059875488
reading: 0.07052731513977051
data_fitting: 2.853846311569214
flux_point: 1.6563196182250977
