n_obs: 10
data_preparation: 13.553132772445679
writing: 0.14348983764648438
reading: 0.06173396110534668
data_fitting: 2.716845750808716
flux_point: 0.8073058128356934
