n_obs: 10
data_preparation: 42.438838481903076
writing: 0.2115166187286377
reading: 0.04749584197998047
data_fitting: 2.8209705352783203
flux_point: 0.7795925140380859
