n_obs: 10
data_preparation: 15.209422826766968
writing: 0.4020993709564209
reading: 0.061754465103149414
data_fitting: 1.7382779121398926
flux_point: 0.7983708381652832
