n_obs: 10
data_preparation: 45.03742265701294
writing: 0.22967004776000977
reading: 0.05472898483276367
data_fitting: 3.02868390083313
flux_point: 0.9000611305236816
