n_obs: 10
data_preparation: 14.645136833190918
writing: 0.41667985916137695
reading: 0.06132864952087402
data_fitting: 2.7278425693511963
flux_point: 0.8306005001068115
