n_obs: 10
data_preparation: 14.833861112594604
writing: 0.3764486312866211
reading: 0.03512716293334961
data_fitting: 2.0632693767547607
flux_point: 0.6177730560302734
