n_obs: 10
data_preparation: 14.436859846115112
writing: 0.4048938751220703
reading: 0.0653829574584961
data_fitting: 2.738062858581543
flux_point: 0.8292467594146729
