n_obs: 10
data_preparation: 38.535889625549316
writing: 0.18789911270141602
reading: 0.047301530838012695
data_fitting: 2.546910047531128
flux_point: 0.7468855381011963
