n_obs: 10
data_preparation: 13.865151166915894
writing: 0.36099886894226074
reading: 0.05761981010437012
data_fitting: 1.7368693351745605
flux_point: 0.8326065540313721
