n_obs: 10
data_preparation: 42.554117918014526
writing: 0.2366502285003662
reading: 0.05505824089050293
data_fitting: 3.3053858280181885
flux_point: 0.8776662349700928
