n_obs: 10
data_preparation: 14.256811141967773
writing: 0.3643784523010254
reading: 0.05768013000488281
data_fitting: 1.7721874713897705
flux_point: 0.8405430316925049
