n_obs: 10
data_preparation: 41.06266498565674
writing: 0.21691322326660156
reading: 0.04404473304748535
data_fitting: 3.2599551677703857
flux_point: 0.754328727722168
