n_obs: 10
data_preparation: 15.203132629394531
writing: 0.330294132232666
reading: 0.0444183349609375
data_fitting: 2.2856974601745605
flux_point: 0.6579718589782715
