n_obs: 10
data_preparation: 14.822097778320312
writing: 0.14904022216796875
reading: 0.06484270095825195
data_fitting: 2.7558999061584473
flux_point: 0.8189871311187744
