n_obs: 10
data_preparation: 13.855639457702637
writing: 0.35915350914001465
reading: 0.0578765869140625
data_fitting: 1.7893083095550537
flux_point: 0.8181586265563965
