n_obs: 10
data_preparation: 32.638850688934326
writing: 0.23975753784179688
reading: 0.05121493339538574
data_fitting: 3.2033908367156982
flux_point: 0.9117779731750488
