n_obs: 10
data_preparation: 38.73917627334595
writing: 0.18134737014770508
reading: 0.042108774185180664
data_fitting: 4.7177252769470215
flux_point: 1.0113716125488281
