n_obs: 10
data_preparation: 14.722626209259033
writing: 0.3665149211883545
reading: 0.05925703048706055
data_fitting: 1.7739512920379639
flux_point: 0.8574981689453125
