n_obs: 10
data_preparation: 45.50540590286255
writing: 0.2783381938934326
reading: 0.06282687187194824
data_fitting: 3.2706735134124756
flux_point: 0.905397891998291
