n_obs: 10
data_preparation: 40.567341566085815
writing: 0.20343470573425293
reading: 0.045061588287353516
data_fitting: 3.1181905269622803
flux_point: 1.0015790462493896
