n_obs: 10
data_preparation: 14.919421195983887
writing: 0.36366796493530273
reading: 0.03415822982788086
data_fitting: 1.94895339012146
flux_point: 0.6072425842285156
