n_obs: 10
data_preparation: 14.980387687683105
writing: 0.31920647621154785
reading: 0.06038331985473633
data_fitting: 1.9974229335784912
flux_point: 0.8419320583343506
