n_obs: 10
data_preparation: 41.79735589027405
writing: 0.22147083282470703
reading: 0.05141162872314453
data_fitting: 3.071855068206787
flux_point: 1.121828556060791
