n_obs: 10
data_preparation: 13.250144004821777
writing: 0.1282176971435547
reading: 0.0619962215423584
data_fitting: 3.057657241821289
flux_point: 0.7975213527679443
