n_obs: 10
data_preparation: 55.27363157272339
writing: 0.2938380241394043
reading: 0.06420397758483887
data_fitting: 3.8321733474731445
flux_point: 1.5410864353179932
