n_obs: 10
data_preparation: 14.343544244766235
writing: 0.3978734016418457
reading: 0.06152176856994629
data_fitting: 1.7734968662261963
flux_point: 0.7891511917114258
