n_obs: 10
data_preparation: 14.520762920379639
writing: 0.3659052848815918
reading: 0.05800342559814453
data_fitting: 1.8034532070159912
flux_point: 0.7901279926300049
