n_obs: 10
data_preparation: 25.281457662582397
writing: 0.1387162208557129
reading: 0.05896592140197754
data_fitting: 2.613585948944092
flux_point: 0.831352710723877
