n_obs: 10
data_preparation: 13.158531188964844
writing: 0.12030363082885742
reading: 0.05499744415283203
data_fitting: 2.691229820251465
flux_point: 0.7283611297607422
