n_obs: 10
data_preparation: 14.67301630973816
writing: 0.14624667167663574
reading: 0.06588029861450195
data_fitting: 2.860039234161377
flux_point: 0.8375506401062012
