n_obs: 10
data_preparation: 15.51599907875061
writing: 0.3951272964477539
reading: 0.06164813041687012
data_fitting: 2.7892158031463623
flux_point: 0.8406310081481934
