n_obs: 10
data_preparation: 45.77877855300903
writing: 0.2442927360534668
reading: 0.06254029273986816
data_fitting: 4.076516151428223
flux_point: 3.3109936714172363
