n_obs: 10
data_preparation: 13.11752986907959
writing: 0.13098788261413574
reading: 0.06301665306091309
data_fitting: 3.148015022277832
flux_point: 0.7889306545257568
