n_obs: 10
data_preparation: 36.24107813835144
writing: 0.2002580165863037
reading: 0.044852256774902344
data_fitting: 3.756862163543701
flux_point: 0.9260687828063965
