n_obs: 10
data_preparation: 43.84872269630432
writing: 0.15508365631103516
reading: 0.11956548690795898
data_fitting: 3.904763698577881
flux_point: 2.64534330368042
