n_obs: 10
data_preparation: 45.012717485427856
writing: 0.24980545043945312
reading: 0.05596208572387695
data_fitting: 3.5842816829681396
flux_point: 0.9625887870788574
