n_obs: 10
data_preparation: 40.22390818595886
writing: 0.20379877090454102
reading: 0.04744386672973633
data_fitting: 2.8091418743133545
flux_point: 0.7544474601745605
