n_obs: 10
data_preparation: 41.84868121147156
writing: 0.20057082176208496
reading: 0.046616554260253906
data_fitting: 2.765683174133301
flux_point: 0.7678275108337402
