n_obs: 10
data_preparation: 15.293504476547241
writing: 0.3750488758087158
reading: 0.06014657020568848
data_fitting: 1.8032746315002441
flux_point: 0.8203001022338867
