n_obs: 10
data_preparation: 46.23184084892273
writing: 0.1556386947631836
reading: 0.06631946563720703
data_fitting: 2.528259754180908
flux_point: 1.597653865814209
