n_obs: 10
data_preparation: 41.030561208724976
writing: 0.19345855712890625
reading: 0.0453031063079834
data_fitting: 2.894904136657715
flux_point: 1.0196540355682373
