n_obs: 10
data_preparation: 15.288303136825562
writing: 0.15709257125854492
reading: 0.1143033504486084
data_fitting: 3.270207405090332
flux_point: 2.0284433364868164
