n_obs: 10
data_preparation: 14.053606510162354
writing: 0.3608512878417969
reading: 0.05787396430969238
data_fitting: 1.771716833114624
flux_point: 0.7722740173339844
