n_obs: 10
data_preparation: 32.71935677528381
writing: 0.19198942184448242
reading: 0.040849924087524414
data_fitting: 2.555311918258667
flux_point: 0.925839900970459
