n_obs: 10
data_preparation: 45.09041452407837
writing: 0.2086625099182129
reading: 0.24140262603759766
data_fitting: 3.4022443294525146
flux_point: 2.4768333435058594
