n_obs: 10
data_preparation: 14.378320693969727
writing: 0.3904592990875244
reading: 0.039739131927490234
data_fitting: 1.871971607208252
flux_point: 0.6424007415771484
