n_obs: 10
data_preparation: 45.2751567363739
writing: 0.16116857528686523
reading: 0.1284487247467041
data_fitting: 6.522868633270264
flux_point: 4.5741777420043945
