n_obs: 10
data_preparation: 14.671904563903809
writing: 0.39688873291015625
reading: 0.0619969367980957
data_fitting: 1.9964487552642822
flux_point: 0.8849127292633057
