n_obs: 10
data_preparation: 14.79725193977356
writing: 0.3798050880432129
reading: 0.05899834632873535
data_fitting: 1.7608368396759033
flux_point: 0.7880222797393799
