n_obs: 10
data_preparation: 14.46509051322937
writing: 0.2950587272644043
reading: 0.03870058059692383
data_fitting: 1.9897689819335938
flux_point: 0.6169474124908447
