n_obs: 10
data_preparation: 39.615020513534546
writing: 0.21779727935791016
reading: 0.048163414001464844
data_fitting: 4.901882648468018
flux_point: 1.0995371341705322
