n_obs: 10
data_preparation: 43.385910987854004
writing: 0.2416245937347412
reading: 0.05475258827209473
data_fitting: 3.0599677562713623
flux_point: 0.8617892265319824
