n_obs: 10
data_preparation: 17.03640341758728
writing: 0.18341684341430664
reading: 0.13442015647888184
data_fitting: 3.9860854148864746
flux_point: 2.7101659774780273
