n_obs: 10
data_preparation: 13.153597593307495
writing: 0.12968778610229492
reading: 0.06182074546813965
data_fitting: 3.085498094558716
flux_point: 0.7862799167633057
