n_obs: 10
data_preparation: 15.071407079696655
writing: 0.30715489387512207
reading: 0.04170346260070801
data_fitting: 2.216557741165161
flux_point: 0.6540062427520752
