n_obs: 10
data_preparation: 40.27781081199646
writing: 0.14129877090454102
reading: 0.06003451347351074
data_fitting: 2.4309303760528564
flux_point: 1.8500025272369385
