n_obs: 10
data_preparation: 40.949971437454224
writing: 0.2052469253540039
reading: 0.04864025115966797
data_fitting: 4.969563961029053
flux_point: 1.0771968364715576
