n_obs: 10
data_preparation: 41.693448066711426
writing: 0.2330305576324463
reading: 0.052190303802490234
data_fitting: 4.574805021286011
flux_point: 1.1211278438568115
