n_obs: 10
data_preparation: 13.86683988571167
writing: 0.35553669929504395
reading: 0.0567317008972168
data_fitting: 1.7328011989593506
flux_point: 0.7722649574279785
