n_obs: 10
data_preparation: 44.8040075302124
writing: 0.15861749649047852
reading: 0.1194450855255127
data_fitting: 3.3021085262298584
flux_point: 2.086582899093628
