n_obs: 10
data_preparation: 56.53925848007202
writing: 0.2775154113769531
reading: 0.06478214263916016
data_fitting: 4.425214052200317
flux_point: 1.5771124362945557
