n_obs: 10
data_preparation: 42.66895365715027
writing: 0.23563289642333984
reading: 0.053562164306640625
data_fitting: 4.801437139511108
flux_point: 1.1442179679870605
