n_obs: 10
data_preparation: 42.008360862731934
writing: 0.1552412509918213
reading: 0.06197094917297363
data_fitting: 2.370983600616455
flux_point: 1.6486117839813232
