n_obs: 10
data_preparation: 14.579234838485718
writing: 0.31386375427246094
reading: 0.058988332748413086
data_fitting: 1.7974920272827148
flux_point: 0.8445727825164795
