n_obs: 10
data_preparation: 15.16151213645935
writing: 0.15235137939453125
reading: 0.06974959373474121
data_fitting: 3.007481575012207
flux_point: 0.862271785736084
