n_obs: 10
data_preparation: 14.038085699081421
writing: 0.387556791305542
reading: 0.06158709526062012
data_fitting: 1.8430266380310059
flux_point: 0.8208177089691162
