n_obs: 10
data_preparation: 14.254504442214966
writing: 0.3623683452606201
reading: 0.040314435958862305
data_fitting: 1.7579388618469238
flux_point: 0.6256492137908936
