n_obs: 10
data_preparation: 21.250029802322388
writing: 0.13523101806640625
reading: 0.05865645408630371
data_fitting: 2.718937635421753
flux_point: 0.8302736282348633
