n_obs: 10
data_preparation: 13.178706169128418
writing: 0.13321352005004883
reading: 0.06396770477294922
data_fitting: 3.196916341781616
flux_point: 0.8158881664276123
