n_obs: 10
data_preparation: 44.27579116821289
writing: 0.23684024810791016
reading: 0.05172610282897949
data_fitting: 3.045574188232422
flux_point: 0.9355604648590088
