n_obs: 10
data_preparation: 14.726576328277588
writing: 0.35418176651000977
reading: 0.03975868225097656
data_fitting: 1.9716460704803467
flux_point: 0.5725209712982178
