n_obs: 10
data_preparation: 14.1388521194458
writing: 0.37029552459716797
reading: 0.05792403221130371
data_fitting: 1.736806869506836
flux_point: 0.7762255668640137
