n_obs: 10
data_preparation: 40.94841170310974
writing: 0.22265219688415527
reading: 0.05897212028503418
data_fitting: 3.53853702545166
flux_point: 3.220935344696045
