n_obs: 10
data_preparation: 14.432546377182007
writing: 0.39106225967407227
reading: 0.05943632125854492
data_fitting: 2.659269332885742
flux_point: 0.8102540969848633
