n_obs: 10
data_preparation: 40.75934314727783
writing: 0.19550657272338867
reading: 0.04638791084289551
data_fitting: 2.659285306930542
flux_point: 0.9815263748168945
