n_obs: 10
data_preparation: 10.763846635818481
writing: 0.09583854675292969
reading: 0.04462480545043945
data_fitting: 2.374760627746582
flux_point: 0.5931704044342041
