n_obs: 10
data_preparation: 15.694966077804565
writing: 0.4403352737426758
reading: 0.06793498992919922
data_fitting: 3.0362555980682373
flux_point: 0.8816521167755127
