n_obs: 10
data_preparation: 39.68771719932556
writing: 0.21324372291564941
reading: 0.051212310791015625
data_fitting: 4.839837312698364
flux_point: 1.1313626766204834
