n_obs: 10
data_preparation: 14.875653266906738
writing: 0.38356733322143555
reading: 0.061838388442993164
data_fitting: 2.6709704399108887
flux_point: 0.8174035549163818
