n_obs: 10
data_preparation: 48.17243528366089
writing: 0.25666332244873047
reading: 0.05694007873535156
data_fitting: 3.21773099899292
flux_point: 0.9613215923309326
