n_obs: 10
data_preparation: 14.871027708053589
writing: 0.30051517486572266
reading: 0.04032492637634277
data_fitting: 2.1045725345611572
flux_point: 0.6532864570617676
