n_obs: 10
data_preparation: 16.776535987854004
writing: 0.17844629287719727
reading: 0.1286473274230957
data_fitting: 3.7629926204681396
flux_point: 2.4902400970458984
