n_obs: 10
data_preparation: 36.283113956451416
writing: 0.20250368118286133
reading: 0.04541420936584473
data_fitting: 3.878666639328003
flux_point: 0.9608793258666992
