n_obs: 10
data_preparation: 30.05897331237793
writing: 0.2008960247039795
reading: 0.04070782661437988
data_fitting: 2.4293503761291504
flux_point: 0.7992489337921143
