n_obs: 10
data_preparation: 41.11305809020996
writing: 0.2224440574645996
reading: 0.0523838996887207
data_fitting: 3.109020709991455
flux_point: 0.8612596988677979
