n_obs: 10
data_preparation: 42.28026080131531
writing: 0.1699509620666504
reading: 0.11837911605834961
data_fitting: 2.4987339973449707
flux_point: 1.1763041019439697
