n_obs: 10
data_preparation: 34.77798271179199
writing: 0.20668435096740723
reading: 0.041463613510131836
data_fitting: 2.231431722640991
flux_point: 0.7902755737304688
