n_obs: 10
data_preparation: 14.475762605667114
writing: 0.3084070682525635
reading: 0.037090301513671875
data_fitting: 2.1932103633880615
flux_point: 0.6110167503356934
