n_obs: 10
data_preparation: 14.571265459060669
writing: 0.36432313919067383
reading: 0.05954933166503906
data_fitting: 1.7316293716430664
flux_point: 0.8373222351074219
