n_obs: 10
data_preparation: 13.732736825942993
writing: 0.36024999618530273
reading: 0.057863712310791016
data_fitting: 1.7401645183563232
flux_point: 0.7620120048522949
