n_obs: 10
data_preparation: 14.676631450653076
writing: 0.1458754539489746
reading: 0.06344008445739746
data_fitting: 2.761850118637085
flux_point: 0.8118324279785156
