n_obs: 10
data_preparation: 26.629664659500122
writing: 0.20846104621887207
reading: 0.04411482810974121
data_fitting: 2.7841477394104004
flux_point: 0.796114444732666
