n_obs: 10
data_preparation: 46.97394251823425
writing: 0.2660953998565674
reading: 0.060328006744384766
data_fitting: 3.9957523345947266
flux_point: 1.3732571601867676
