n_obs: 10
data_preparation: 14.203693389892578
writing: 0.35805749893188477
reading: 0.06046772003173828
data_fitting: 1.8148510456085205
flux_point: 0.8586366176605225
