n_obs: 10
data_preparation: 13.13242244720459
writing: 0.13213682174682617
reading: 0.06388664245605469
data_fitting: 3.092376708984375
flux_point: 0.8003592491149902
