n_obs: 10
data_preparation: 14.592545509338379
writing: 0.4020383358001709
reading: 0.064605712890625
data_fitting: 2.810004711151123
flux_point: 0.8607304096221924
