n_obs: 10
data_preparation: 51.85651779174805
writing: 0.25748229026794434
reading: 0.06435871124267578
data_fitting: 4.050829648971558
flux_point: 1.458268404006958
