n_obs: 10
data_preparation: 50.57824635505676
writing: 0.2894008159637451
reading: 0.07511019706726074
data_fitting: 7.266802787780762
flux_point: 1.5452406406402588
