n_obs: 10
data_preparation: 16.813483238220215
writing: 0.16553783416748047
reading: 0.1235356330871582
data_fitting: 3.986750364303589
flux_point: 2.481289863586426
