n_obs: 10
data_preparation: 44.23795819282532
writing: 0.14446020126342773
reading: 0.06301379203796387
data_fitting: 2.530991792678833
flux_point: 1.4544014930725098
