n_obs: 10
data_preparation: 38.707619428634644
writing: 0.19907808303833008
reading: 0.04444241523742676
data_fitting: 2.4899206161499023
flux_point: 0.7097744941711426
