n_obs: 10
data_preparation: 13.689199924468994
writing: 0.13230466842651367
reading: 0.06212425231933594
data_fitting: 3.1890642642974854
flux_point: 0.7884578704833984
