n_obs: 10
data_preparation: 46.35393834114075
writing: 0.23817658424377441
reading: 0.04940342903137207
data_fitting: 2.825038194656372
flux_point: 1.1372439861297607
