n_obs: 10
data_preparation: 47.01909255981445
writing: 0.2371978759765625
reading: 0.05910325050354004
data_fitting: 3.5906476974487305
flux_point: 1.0352697372436523
