n_obs: 10
data_preparation: 47.80825877189636
writing: 0.2899329662322998
reading: 0.060712337493896484
data_fitting: 3.653575897216797
flux_point: 1.1556041240692139
