n_obs: 10
data_preparation: 38.84531927108765
writing: 0.20085620880126953
reading: 0.04616689682006836
data_fitting: 2.9682347774505615
flux_point: 0.7592871189117432
