n_obs: 10
data_preparation: 25.984254121780396
writing: 0.20541810989379883
reading: 0.042350053787231445
data_fitting: 2.621393918991089
flux_point: 0.769298791885376
