n_obs: 10
data_preparation: 39.47791290283203
writing: 0.2702648639678955
reading: 0.059496402740478516
data_fitting: 3.78798246383667
flux_point: 3.4429736137390137
