n_obs: 10
data_preparation: 18.49081778526306
writing: 0.20478034019470215
reading: 0.14775490760803223
data_fitting: 4.485506534576416
flux_point: 2.912400245666504
