n_obs: 10
data_preparation: 29.03974151611328
writing: 0.20152878761291504
reading: 0.04071664810180664
data_fitting: 2.5085339546203613
flux_point: 0.8078250885009766
