n_obs: 10
data_preparation: 31.054863929748535
writing: 0.20849156379699707
reading: 0.04613208770751953
data_fitting: 2.9579858779907227
flux_point: 0.8158540725708008
