n_obs: 10
data_preparation: 15.370310306549072
writing: 0.4518697261810303
reading: 0.06687784194946289
data_fitting: 2.9789767265319824
flux_point: 0.8966119289398193
