n_obs: 10
data_preparation: 32.95251107215881
writing: 0.1904909610748291
reading: 0.0413210391998291
data_fitting: 2.5621120929718018
flux_point: 0.922778844833374
