n_obs: 10
data_preparation: 46.85217571258545
writing: 0.24032139778137207
reading: 0.050086021423339844
data_fitting: 2.8315751552581787
flux_point: 0.9637928009033203
