n_obs: 10
data_preparation: 36.17086672782898
writing: 0.17801952362060547
reading: 0.04056596755981445
data_fitting: 2.5441572666168213
flux_point: 0.911759614944458
