n_obs: 10
data_preparation: 14.641250133514404
writing: 0.3019740581512451
reading: 0.036408185958862305
data_fitting: 2.032083511352539
flux_point: 0.5799124240875244
