n_obs: 10
data_preparation: 14.086483478546143
writing: 0.36063218116760254
reading: 0.0581514835357666
data_fitting: 1.7797975540161133
flux_point: 0.7866058349609375
