n_obs: 10
data_preparation: 14.537728786468506
writing: 0.317476749420166
reading: 0.06028389930725098
data_fitting: 1.776686668395996
flux_point: 0.7905685901641846
