n_obs: 10
data_preparation: 38.44078874588013
writing: 0.12511444091796875
reading: 0.055924177169799805
data_fitting: 2.0309178829193115
flux_point: 1.263524055480957
