n_obs: 10
data_preparation: 43.300122022628784
writing: 0.24048924446105957
reading: 0.05522775650024414
data_fitting: 3.430403470993042
flux_point: 0.9188356399536133
