n_obs: 10
data_preparation: 16.00549340248108
writing: 0.43742966651916504
reading: 0.0668330192565918
data_fitting: 2.980238676071167
flux_point: 0.8785865306854248
