n_obs: 10
data_preparation: 14.596747159957886
writing: 0.14670324325561523
reading: 0.06473827362060547
data_fitting: 2.7605438232421875
flux_point: 0.8220734596252441
