n_obs: 10
data_preparation: 40.64584708213806
writing: 0.19057393074035645
reading: 0.0456089973449707
data_fitting: 2.96268892288208
flux_point: 1.0186247825622559
