n_obs: 10
data_preparation: 29.922954320907593
writing: 0.14295291900634766
reading: 0.03271913528442383
data_fitting: 2.1723008155822754
flux_point: 0.7596735954284668
