n_obs: 10
data_preparation: 14.896944046020508
writing: 0.3594043254852295
reading: 0.03943634033203125
data_fitting: 2.0285966396331787
flux_point: 0.5866563320159912
