n_obs: 10
data_preparation: 32.64691424369812
writing: 0.19221973419189453
reading: 0.04275107383728027
data_fitting: 2.741689443588257
flux_point: 0.9414963722229004
