n_obs: 10
data_preparation: 44.63963556289673
writing: 0.197800874710083
reading: 0.22863984107971191
data_fitting: 3.24155330657959
flux_point: 2.532303810119629
