n_obs: 10
data_preparation: 14.866495132446289
writing: 0.1471729278564453
reading: 0.06281328201293945
data_fitting: 2.851743459701538
flux_point: 0.8041946887969971
