n_obs: 10
data_preparation: 14.93036937713623
writing: 0.3965170383453369
reading: 0.059380292892456055
data_fitting: 1.7292447090148926
flux_point: 0.7932455539703369
