n_obs: 10
data_preparation: 36.68863892555237
writing: 0.20766139030456543
reading: 0.04214119911193848
data_fitting: 2.4138002395629883
flux_point: 0.9453353881835938
