n_obs: 10
data_preparation: 14.67233681678772
writing: 0.3660318851470947
reading: 0.03320932388305664
data_fitting: 1.8894450664520264
flux_point: 0.6025588512420654
