n_obs: 10
data_preparation: 15.01649522781372
writing: 0.30730557441711426
reading: 0.03896188735961914
data_fitting: 2.2126729488372803
flux_point: 0.6465466022491455
