n_obs: 10
data_preparation: 50.04630708694458
writing: 0.17803144454956055
reading: 0.05536389350891113
data_fitting: 2.9537127017974854
flux_point: 1.5650966167449951
