n_obs: 10
data_preparation: 14.736556053161621
writing: 0.30203723907470703
reading: 0.03626513481140137
data_fitting: 2.0086960792541504
flux_point: 0.6193206310272217
