n_obs: 10
data_preparation: 39.74488687515259
writing: 0.21025753021240234
reading: 0.04778909683227539
data_fitting: 2.7190349102020264
flux_point: 0.7656850814819336
