n_obs: 10
data_preparation: 46.84780788421631
writing: 0.25539135932922363
reading: 0.06549739837646484
data_fitting: 3.3374998569488525
flux_point: 3.140589952468872
