n_obs: 10
data_preparation: 43.79344987869263
writing: 0.24435734748840332
reading: 0.05828356742858887
data_fitting: 3.7136332988739014
flux_point: 1.3027241230010986
