n_obs: 10
data_preparation: 13.294652938842773
writing: 0.13217782974243164
reading: 0.06492257118225098
data_fitting: 3.1654069423675537
flux_point: 0.7929196357727051
