n_obs: 10
data_preparation: 37.733837366104126
writing: 0.2045431137084961
reading: 0.047716379165649414
data_fitting: 4.789642095565796
flux_point: 1.0595250129699707
