n_obs: 10
data_preparation: 14.661426544189453
writing: 0.4103398323059082
reading: 0.04245734214782715
data_fitting: 2.022176504135132
flux_point: 0.6630001068115234
