n_obs: 10
data_preparation: 37.301167011260986
writing: 0.20213770866394043
reading: 0.047316789627075195
data_fitting: 3.7025113105773926
flux_point: 0.9283351898193359
