n_obs: 10
data_preparation: 14.860513925552368
writing: 0.4541749954223633
reading: 0.06464242935180664
data_fitting: 2.965503215789795
flux_point: 0.8754117488861084
