n_obs: 10
data_preparation: 39.20327877998352
writing: 0.25364160537719727
reading: 0.05344676971435547
data_fitting: 3.5245096683502197
flux_point: 2.860440731048584
