n_obs: 10
data_preparation: 28.918877363204956
writing: 0.20740079879760742
reading: 0.043103694915771484
data_fitting: 2.511078357696533
flux_point: 0.7941005229949951
