n_obs: 10
data_preparation: 43.818846702575684
writing: 0.23181414604187012
reading: 0.05240583419799805
data_fitting: 3.048774003982544
flux_point: 0.916790246963501
