n_obs: 10
data_preparation: 29.114665269851685
writing: 0.21325111389160156
reading: 0.04461312294006348
data_fitting: 2.748936891555786
flux_point: 0.8005542755126953
