n_obs: 10
data_preparation: 14.904583215713501
writing: 0.1493368148803711
reading: 0.06399416923522949
data_fitting: 2.748260021209717
flux_point: 0.8203215599060059
