n_obs: 10
data_preparation: 42.03801417350769
writing: 0.2334284782409668
reading: 0.05454254150390625
data_fitting: 3.2345707416534424
flux_point: 0.8733270168304443
