n_obs: 10
data_preparation: 43.75725293159485
writing: 0.19337677955627441
reading: 0.04559612274169922
data_fitting: 3.0376412868499756
flux_point: 1.051856279373169
