n_obs: 10
data_preparation: 15.56053113937378
writing: 0.18416500091552734
reading: 0.15085387229919434
data_fitting: 2.9783291816711426
flux_point: 1.4773929119110107
