n_obs: 10
data_preparation: 26.190890312194824
writing: 0.209747314453125
reading: 0.04371976852416992
data_fitting: 2.6932244300842285
flux_point: 0.7832272052764893
