n_obs: 10
data_preparation: 43.5482439994812
writing: 0.19394612312316895
reading: 0.04518008232116699
data_fitting: 2.97399640083313
flux_point: 1.0647861957550049
