n_obs: 10
data_preparation: 15.018401861190796
writing: 0.14694690704345703
reading: 0.06361579895019531
data_fitting: 2.833820104598999
flux_point: 0.8365347385406494
