n_obs: 10
data_preparation: 28.836618900299072
writing: 0.2124176025390625
reading: 0.04605364799499512
data_fitting: 3.0408053398132324
flux_point: 0.8145849704742432
