n_obs: 10
data_preparation: 40.04536414146423
writing: 0.20636820793151855
reading: 0.048100948333740234
data_fitting: 2.972250461578369
flux_point: 0.7856271266937256
