n_obs: 10
data_preparation: 15.049485683441162
writing: 0.4359900951385498
reading: 0.060654401779174805
data_fitting: 1.7883694171905518
flux_point: 0.8128435611724854
