n_obs: 10
data_preparation: 42.3217568397522
writing: 0.16227173805236816
reading: 0.11677122116088867
data_fitting: 6.256723165512085
flux_point: 3.996799945831299
