n_obs: 10
data_preparation: 49.36959099769592
writing: 0.2823033332824707
reading: 0.06294703483581543
data_fitting: 3.5010740756988525
flux_point: 1.038818359375
