n_obs: 10
data_preparation: 40.414740324020386
writing: 0.1904444694519043
reading: 0.21213030815124512
data_fitting: 2.9535765647888184
flux_point: 2.226574659347534
