n_obs: 10
data_preparation: 25.37874698638916
writing: 0.20845246315002441
reading: 0.04249835014343262
data_fitting: 2.477719783782959
flux_point: 0.7699234485626221
