n_obs: 10
data_preparation: 51.78949499130249
writing: 0.2132096290588379
reading: 0.15202784538269043
data_fitting: 3.237504243850708
flux_point: 1.6056008338928223
