n_obs: 10
data_preparation: 14.631837129592896
writing: 0.14512205123901367
reading: 0.06495404243469238
data_fitting: 2.788940191268921
flux_point: 0.8182699680328369
