n_obs: 10
data_preparation: 14.470584869384766
writing: 0.40981078147888184
reading: 0.06342792510986328
data_fitting: 2.6882622241973877
flux_point: 0.8178458213806152
