n_obs: 10
data_preparation: 39.033655405044556
writing: 0.30869126319885254
reading: 0.0604555606842041
data_fitting: 4.095247745513916
flux_point: 1.2015366554260254
