n_obs: 10
data_preparation: 14.488478660583496
writing: 0.32280445098876953
reading: 0.06286859512329102
data_fitting: 2.081712484359741
flux_point: 0.8212757110595703
