n_obs: 10
data_preparation: 14.85277795791626
writing: 0.3289003372192383
reading: 0.12829351425170898
data_fitting: 2.7540700435638428
flux_point: 0.8312654495239258
