n_obs: 10
data_preparation: 42.194740295410156
writing: 0.22815346717834473
reading: 0.05246567726135254
data_fitting: 3.0978262424468994
flux_point: 0.8945341110229492
