n_obs: 10
data_preparation: 14.64814829826355
writing: 0.4068770408630371
reading: 0.06224536895751953
data_fitting: 1.9409880638122559
flux_point: 0.8506414890289307
