n_obs: 10
data_preparation: 14.261373043060303
writing: 0.306018590927124
reading: 0.05833578109741211
data_fitting: 1.8707585334777832
flux_point: 0.791480541229248
