n_obs: 10
data_preparation: 14.113280057907104
writing: 0.3641047477722168
reading: 0.05952811241149902
data_fitting: 1.8165028095245361
flux_point: 0.8110013008117676
