n_obs: 10
data_preparation: 49.825791120529175
writing: 0.2745211124420166
reading: 0.06840801239013672
data_fitting: 4.29227614402771
flux_point: 1.4789574146270752
