n_obs: 10
data_preparation: 41.24938106536865
writing: 0.20532727241516113
reading: 0.04758453369140625
data_fitting: 5.256723880767822
flux_point: 1.087386131286621
