n_obs: 10
data_preparation: 41.55278182029724
writing: 0.21306109428405762
reading: 0.04908943176269531
data_fitting: 3.1272008419036865
flux_point: 1.108330249786377
