n_obs: 10
data_preparation: 13.046125411987305
writing: 0.14110350608825684
reading: 0.06133103370666504
data_fitting: 3.3591980934143066
flux_point: 0.7940587997436523
