n_obs: 10
data_preparation: 14.602480411529541
writing: 0.14112377166748047
reading: 0.06099581718444824
data_fitting: 2.7005345821380615
flux_point: 0.807668924331665
