n_obs: 10
data_preparation: 14.755658149719238
writing: 0.1432187557220459
reading: 0.06308960914611816
data_fitting: 2.6710991859436035
flux_point: 0.7966446876525879
