n_obs: 10
data_preparation: 14.093442916870117
writing: 0.3619825839996338
reading: 0.05962514877319336
data_fitting: 1.7923943996429443
flux_point: 0.8361282348632812
