n_obs: 10
data_preparation: 42.21701192855835
writing: 0.14456939697265625
reading: 0.058815956115722656
data_fitting: 2.23128342628479
flux_point: 1.3881945610046387
