n_obs: 10
data_preparation: 46.42171001434326
writing: 0.2745170593261719
reading: 0.06243586540222168
data_fitting: 3.739255905151367
flux_point: 1.0233495235443115
