n_obs: 10
data_preparation: 14.565888166427612
writing: 0.3787569999694824
reading: 0.04038071632385254
data_fitting: 1.8007068634033203
flux_point: 0.6439828872680664
