n_obs: 10
data_preparation: 13.77778697013855
writing: 0.3612232208251953
reading: 0.058110952377319336
data_fitting: 1.7538871765136719
flux_point: 0.7882096767425537
