n_obs: 10
data_preparation: 38.73983836174011
writing: 0.13047528266906738
reading: 0.0949850082397461
data_fitting: 2.102515459060669
flux_point: 1.0585758686065674
