n_obs: 10
data_preparation: 13.518328666687012
writing: 0.14771461486816406
reading: 0.06252431869506836
data_fitting: 3.1085410118103027
flux_point: 0.7761490345001221
