n_obs: 10
data_preparation: 39.521350622177124
writing: 0.19475221633911133
reading: 0.04539203643798828
data_fitting: 2.9361605644226074
flux_point: 1.037503719329834
