n_obs: 10
data_preparation: 44.77110552787781
writing: 0.1965198516845703
reading: 0.22912883758544922
data_fitting: 3.271097421646118
flux_point: 2.542489528656006
