n_obs: 10
data_preparation: 14.367023706436157
writing: 0.3003511428833008
reading: 0.039887428283691406
data_fitting: 1.9434683322906494
flux_point: 0.6027741432189941
