n_obs: 10
data_preparation: 14.677098274230957
writing: 0.14471697807312012
reading: 0.06445884704589844
data_fitting: 2.918989896774292
flux_point: 0.8177170753479004
