n_obs: 10
data_preparation: 12.965137720108032
writing: 0.1229257583618164
reading: 0.05573463439941406
data_fitting: 2.8287365436553955
flux_point: 0.7418441772460938
