n_obs: 10
data_preparation: 39.92713260650635
writing: 0.179534912109375
reading: 0.037389278411865234
data_fitting: 2.1576690673828125
flux_point: 0.8715353012084961
