n_obs: 10
data_preparation: 14.759101390838623
writing: 0.371812105178833
reading: 0.04184436798095703
data_fitting: 2.1883671283721924
flux_point: 0.6148078441619873
