n_obs: 10
data_preparation: 14.67140817642212
writing: 0.3106727600097656
reading: 0.041477203369140625
data_fitting: 2.084810972213745
flux_point: 0.633551836013794
