n_obs: 10
data_preparation: 14.445541858673096
writing: 0.3781399726867676
reading: 0.059293270111083984
data_fitting: 1.8288912773132324
flux_point: 0.8027276992797852
