n_obs: 10
data_preparation: 14.57126784324646
writing: 0.3055429458618164
reading: 0.05838203430175781
data_fitting: 1.767831563949585
flux_point: 0.8117475509643555
