n_obs: 10
data_preparation: 14.524725914001465
writing: 0.2993013858795166
reading: 0.03670477867126465
data_fitting: 2.0368685722351074
flux_point: 0.6283824443817139
