n_obs: 10
data_preparation: 40.29189920425415
writing: 0.1806926727294922
reading: 0.04209160804748535
data_fitting: 2.608829975128174
flux_point: 0.7123563289642334
