n_obs: 10
data_preparation: 43.370025396347046
writing: 0.23175454139709473
reading: 0.05158543586730957
data_fitting: 2.997781753540039
flux_point: 0.9180490970611572
