n_obs: 10
data_preparation: 48.48192477226257
writing: 0.17134594917297363
reading: 0.07840323448181152
data_fitting: 3.122868776321411
flux_point: 1.8924057483673096
