n_obs: 10
data_preparation: 41.259384632110596
writing: 0.23335504531860352
reading: 0.05246424674987793
data_fitting: 3.103060245513916
flux_point: 2.9334449768066406
