n_obs: 10
data_preparation: 14.529035806655884
writing: 0.14542746543884277
reading: 0.062348365783691406
data_fitting: 2.8533883094787598
flux_point: 0.7930386066436768
