n_obs: 10
data_preparation: 41.95105862617493
writing: 0.20819783210754395
reading: 0.04741859436035156
data_fitting: 2.882206439971924
flux_point: 0.7803714275360107
