n_obs: 10
data_preparation: 14.483680725097656
writing: 0.30668020248413086
reading: 0.03574943542480469
data_fitting: 2.0779974460601807
flux_point: 0.5882847309112549
