n_obs: 10
data_preparation: 45.7374804019928
writing: 0.20542621612548828
reading: 0.07228231430053711
data_fitting: 6.953448057174683
flux_point: 1.6599493026733398
