n_obs: 10
data_preparation: 14.283264636993408
writing: 0.36799073219299316
reading: 0.06055760383605957
data_fitting: 1.842867374420166
flux_point: 0.8113546371459961
