n_obs: 10
data_preparation: 37.71827173233032
writing: 0.26738619804382324
reading: 0.059458017349243164
data_fitting: 3.9439563751220703
flux_point: 1.1355760097503662
