n_obs: 10
data_preparation: 42.3457133769989
writing: 0.25341343879699707
reading: 0.05784344673156738
data_fitting: 3.1510584354400635
flux_point: 0.9560163021087646
