n_obs: 10
data_preparation: 42.05611801147461
writing: 0.20876669883728027
reading: 0.0446321964263916
data_fitting: 2.9121901988983154
flux_point: 1.0938408374786377
