n_obs: 10
data_preparation: 40.55707335472107
writing: 0.15875792503356934
reading: 0.182847261428833
data_fitting: 2.4409139156341553
flux_point: 2.016839027404785
