n_obs: 10
data_preparation: 39.89784240722656
writing: 0.30918240547180176
reading: 0.06548523902893066
data_fitting: 4.184701919555664
flux_point: 1.1963903903961182
