n_obs: 10
data_preparation: 41.53183650970459
writing: 0.19194269180297852
reading: 0.043798208236694336
data_fitting: 2.6414287090301514
flux_point: 1.0112531185150146
