n_obs: 10
data_preparation: 42.63064885139465
writing: 0.20203280448913574
reading: 0.04702448844909668
data_fitting: 2.819361448287964
flux_point: 1.0449111461639404
