n_obs: 10
data_preparation: 14.634019613265991
writing: 0.35221362113952637
reading: 0.059815406799316406
data_fitting: 1.7152867317199707
flux_point: 0.7640330791473389
