n_obs: 10
data_preparation: 14.607846975326538
writing: 0.4023399353027344
reading: 0.061101436614990234
data_fitting: 2.7091000080108643
flux_point: 0.8271777629852295
