n_obs: 10
data_preparation: 13.930737733840942
writing: 0.3609440326690674
reading: 0.03868985176086426
data_fitting: 1.7421996593475342
flux_point: 0.6225447654724121
