n_obs: 10
data_preparation: 51.89543080329895
writing: 0.2766420841217041
reading: 0.06328415870666504
data_fitting: 3.6887385845184326
flux_point: 1.4510712623596191
