n_obs: 10
data_preparation: 41.73976945877075
writing: 0.20505666732788086
reading: 0.047089338302612305
data_fitting: 2.87428617477417
flux_point: 0.8121631145477295
