n_obs: 10
data_preparation: 45.4278359413147
writing: 0.26695895195007324
reading: 0.06248760223388672
data_fitting: 3.9858877658843994
flux_point: 1.0165886878967285
