n_obs: 10
data_preparation: 31.143216133117676
writing: 0.21033787727355957
reading: 0.04535984992980957
data_fitting: 2.6373302936553955
flux_point: 0.8217790126800537
