n_obs: 10
data_preparation: 42.703866958618164
writing: 0.15207481384277344
reading: 0.11548113822937012
data_fitting: 2.938950300216675
flux_point: 2.0210583209991455
