n_obs: 10
data_preparation: 14.337772130966187
writing: 0.35660719871520996
reading: 0.0576319694519043
data_fitting: 1.728853702545166
flux_point: 0.8309316635131836
