n_obs: 10
data_preparation: 14.588605403900146
writing: 0.31940460205078125
reading: 0.12950491905212402
data_fitting: 2.717951536178589
flux_point: 0.8139159679412842
