n_obs: 10
data_preparation: 53.386796712875366
writing: 0.2149977684020996
reading: 0.14809417724609375
data_fitting: 8.326592683792114
flux_point: 5.192561864852905
