n_obs: 10
data_preparation: 14.369477987289429
writing: 0.3867671489715576
reading: 0.06014513969421387
data_fitting: 1.7082734107971191
flux_point: 0.7788069248199463
