n_obs: 10
data_preparation: 47.75125432014465
writing: 0.15681910514831543
reading: 0.0645606517791748
data_fitting: 2.6324405670166016
flux_point: 1.9709465503692627
