n_obs: 10
data_preparation: 42.22478652000427
writing: 0.22324728965759277
reading: 0.050542354583740234
data_fitting: 3.0324959754943848
flux_point: 0.7965850830078125
