n_obs: 10
data_preparation: 34.02043890953064
writing: 0.19830918312072754
reading: 0.04548454284667969
data_fitting: 2.6790552139282227
flux_point: 0.9718852043151855
