n_obs: 10
data_preparation: 43.1225266456604
writing: 0.20308923721313477
reading: 0.04713702201843262
data_fitting: 3.2010984420776367
flux_point: 0.8353567123413086
