n_obs: 10
data_preparation: 13.406834363937378
writing: 0.13793659210205078
reading: 0.06313753128051758
data_fitting: 3.1383168697357178
flux_point: 0.7917821407318115
