n_obs: 10
data_preparation: 30.955228805541992
writing: 0.21341538429260254
reading: 0.04649686813354492
data_fitting: 2.754795789718628
flux_point: 0.8535428047180176
