n_obs: 10
data_preparation: 49.80950117111206
writing: 0.1838529109954834
reading: 0.13718867301940918
data_fitting: 2.938208818435669
flux_point: 1.4035041332244873
