n_obs: 10
data_preparation: 15.141232967376709
writing: 0.15142512321472168
reading: 0.06105160713195801
data_fitting: 2.693420886993408
flux_point: 0.8023052215576172
