n_obs: 10
data_preparation: 30.791775703430176
writing: 0.21158957481384277
reading: 0.04568219184875488
data_fitting: 2.756284475326538
flux_point: 0.8363347053527832
