n_obs: 10
data_preparation: 39.70236396789551
writing: 0.20394229888916016
reading: 0.04693126678466797
data_fitting: 3.0862770080566406
flux_point: 0.7972779273986816
