n_obs: 10
data_preparation: 38.13769507408142
writing: 0.19870996475219727
reading: 0.05191493034362793
data_fitting: 4.528297185897827
flux_point: 2.9348883628845215
