n_obs: 10
data_preparation: 43.358237743377686
writing: 0.23801684379577637
reading: 0.05393791198730469
data_fitting: 3.2803499698638916
flux_point: 0.9086637496948242
