n_obs: 10
data_preparation: 13.564100742340088
writing: 0.12935471534729004
reading: 0.06438422203063965
data_fitting: 3.223176956176758
flux_point: 0.8028621673583984
