n_obs: 10
data_preparation: 43.252570390701294
writing: 0.2356410026550293
reading: 0.05324411392211914
data_fitting: 3.166490077972412
flux_point: 0.9305996894836426
