n_obs: 10
data_preparation: 14.616089820861816
writing: 0.4016993045806885
reading: 0.05945301055908203
data_fitting: 1.709357738494873
flux_point: 0.7761476039886475
