n_obs: 10
data_preparation: 42.26331853866577
writing: 0.24741363525390625
reading: 0.05893707275390625
data_fitting: 5.695537805557251
flux_point: 1.3218603134155273
