n_obs: 10
data_preparation: 55.91084671020508
writing: 0.28907299041748047
reading: 0.0625448226928711
data_fitting: 3.889936923980713
flux_point: 1.2767565250396729
