n_obs: 10
data_preparation: 50.120354413986206
writing: 0.1890122890472412
reading: 0.05969572067260742
data_fitting: 3.0028388500213623
flux_point: 1.5676827430725098
