n_obs: 10
data_preparation: 14.741220474243164
writing: 0.14556622505187988
reading: 0.06102108955383301
data_fitting: 2.733039140701294
flux_point: 0.8026955127716064
