n_obs: 10
data_preparation: 53.804861307144165
writing: 0.3275632858276367
reading: 0.07144856452941895
data_fitting: 4.5816051959991455
flux_point: 1.150162696838379
