n_obs: 10
data_preparation: 51.32057428359985
writing: 0.2972590923309326
reading: 0.05963850021362305
data_fitting: 3.9371845722198486
flux_point: 1.3692564964294434
