n_obs: 10
data_preparation: 43.31167387962341
writing: 0.2327258586883545
reading: 0.05256342887878418
data_fitting: 2.9273409843444824
flux_point: 2.954677104949951
