n_obs: 10
data_preparation: 37.94737005233765
writing: 0.19118642807006836
reading: 0.04157710075378418
data_fitting: 2.6687519550323486
flux_point: 0.9497039318084717
