n_obs: 10
data_preparation: 15.031492948532104
writing: 0.3647615909576416
reading: 0.037442922592163086
data_fitting: 2.0443501472473145
flux_point: 0.5848479270935059
