n_obs: 10
data_preparation: 14.485292673110962
writing: 0.36926817893981934
reading: 0.05796408653259277
data_fitting: 1.7509498596191406
flux_point: 0.7812952995300293
