n_obs: 10
data_preparation: 20.543563842773438
writing: 0.13125920295715332
reading: 0.05745077133178711
data_fitting: 2.6251771450042725
flux_point: 0.8076932430267334
