n_obs: 10
data_preparation: 40.8903443813324
writing: 0.14414167404174805
reading: 0.09911131858825684
data_fitting: 2.6876065731048584
flux_point: 1.878831148147583
