n_obs: 10
data_preparation: 13.916962623596191
writing: 0.3577852249145508
reading: 0.05688786506652832
data_fitting: 1.8114120960235596
flux_point: 0.8151595592498779
