n_obs: 10
data_preparation: 14.782415628433228
writing: 0.4069507122039795
reading: 0.061846017837524414
data_fitting: 2.001390218734741
flux_point: 0.8953938484191895
