n_obs: 10
data_preparation: 12.88381838798523
writing: 0.13170814514160156
reading: 0.06119060516357422
data_fitting: 3.2609379291534424
flux_point: 0.7782256603240967
