n_obs: 10
data_preparation: 17.722394943237305
writing: 0.2754819393157959
reading: 0.11408591270446777
data_fitting: 3.860487937927246
flux_point: 2.3560891151428223
