n_obs: 10
data_preparation: 45.00669455528259
writing: 0.23732900619506836
reading: 0.05545759201049805
data_fitting: 3.5285494327545166
flux_point: 1.2474761009216309
