n_obs: 10
data_preparation: 31.392197608947754
writing: 0.21224164962768555
reading: 0.045511484146118164
data_fitting: 2.6143805980682373
flux_point: 0.8189494609832764
