n_obs: 10
data_preparation: 20.372239351272583
writing: 0.12563824653625488
reading: 0.06267309188842773
data_fitting: 3.3278937339782715
flux_point: 0.8194983005523682
