n_obs: 10
data_preparation: 41.99834179878235
writing: 0.19080400466918945
reading: 0.043854713439941406
data_fitting: 2.802767276763916
flux_point: 0.9957966804504395
