n_obs: 10
data_preparation: 44.7567777633667
writing: 0.22560477256774902
reading: 0.056025028228759766
data_fitting: 5.5788733959198
flux_point: 1.3409667015075684
