n_obs: 10
data_preparation: 42.859185218811035
writing: 0.22225236892700195
reading: 0.051371097564697266
data_fitting: 3.156430244445801
flux_point: 0.870521068572998
