n_obs: 10
data_preparation: 14.855506181716919
writing: 0.37084007263183594
reading: 0.041643381118774414
data_fitting: 2.114213228225708
flux_point: 0.5842626094818115
