n_obs: 10
data_preparation: 32.69007706642151
writing: 0.22173595428466797
reading: 0.04932713508605957
data_fitting: 3.410020351409912
flux_point: 0.8840281963348389
