n_obs: 10
data_preparation: 45.44236922264099
writing: 0.20619511604309082
reading: 0.24374985694885254
data_fitting: 3.4817116260528564
flux_point: 2.523806571960449
