n_obs: 10
data_preparation: 37.37230849266052
writing: 0.19887423515319824
reading: 0.04519081115722656
data_fitting: 2.704401731491089
flux_point: 0.7498106956481934
