n_obs: 10
data_preparation: 42.422818660736084
writing: 0.19032812118530273
reading: 0.04404282569885254
data_fitting: 2.698533535003662
flux_point: 0.9925580024719238
