n_obs: 10
data_preparation: 35.920116901397705
writing: 0.2063748836517334
reading: 0.04217052459716797
data_fitting: 2.3207826614379883
flux_point: 0.8034756183624268
