n_obs: 10
data_preparation: 14.652740001678467
writing: 0.4148592948913574
reading: 0.06207466125488281
data_fitting: 2.772289276123047
flux_point: 0.8385417461395264
