n_obs: 10
data_preparation: 34.803391218185425
writing: 0.20583009719848633
reading: 0.04200315475463867
data_fitting: 2.318054437637329
flux_point: 0.7958600521087646
