n_obs: 10
data_preparation: 44.274834871292114
writing: 0.1967473030090332
reading: 0.2292311191558838
data_fitting: 3.1742894649505615
flux_point: 2.5086448192596436
