n_obs: 10
data_preparation: 51.95433449745178
writing: 0.3161733150482178
reading: 0.07216382026672363
data_fitting: 4.437976360321045
flux_point: 1.1543428897857666
