n_obs: 10
data_preparation: 44.174055337905884
writing: 0.21696257591247559
reading: 0.049887895584106445
data_fitting: 3.063906192779541
flux_point: 0.8153300285339355
