n_obs: 10
data_preparation: 15.473287105560303
writing: 0.4015803337097168
reading: 0.03528618812561035
data_fitting: 2.086085557937622
flux_point: 0.627187967300415
