n_obs: 10
data_preparation: 39.204787731170654
writing: 0.15302729606628418
reading: 0.1923658847808838
data_fitting: 2.587777614593506
flux_point: 2.0408661365509033
