n_obs: 10
data_preparation: 50.44334173202515
writing: 0.29219961166381836
reading: 0.06797361373901367
data_fitting: 6.9729979038238525
flux_point: 1.575305461883545
