n_obs: 10
data_preparation: 43.88610482215881
writing: 0.18059897422790527
reading: 0.13005614280700684
data_fitting: 3.5764975547790527
flux_point: 2.2287802696228027
