n_obs: 10
data_preparation: 42.32063889503479
writing: 0.22434735298156738
reading: 0.053359270095825195
data_fitting: 2.807408571243286
flux_point: 0.811455488204956
