n_obs: 10
data_preparation: 46.11894345283508
writing: 0.17710137367248535
reading: 0.13109636306762695
data_fitting: 7.223902463912964
flux_point: 4.710125684738159
