n_obs: 10
data_preparation: 55.206066370010376
writing: 0.3265111446380615
reading: 0.09148859977722168
data_fitting: 4.932558536529541
flux_point: 1.5614001750946045
