n_obs: 10
data_preparation: 44.11971592903137
writing: 0.26871657371520996
reading: 0.0688331127166748
data_fitting: 3.925170660018921
flux_point: 3.3392105102539062
