n_obs: 10
data_preparation: 43.32447028160095
writing: 0.2449326515197754
reading: 0.057050228118896484
data_fitting: 5.96970534324646
flux_point: 1.322704553604126
