n_obs: 10
data_preparation: 14.665095329284668
writing: 0.2959115505218506
reading: 0.03798174858093262
data_fitting: 2.0226051807403564
flux_point: 0.5931448936462402
