n_obs: 10
data_preparation: 12.973562002182007
writing: 0.1335299015045166
reading: 0.0646367073059082
data_fitting: 3.253774881362915
flux_point: 0.7686645984649658
