n_obs: 10
data_preparation: 14.588270902633667
writing: 0.14374685287475586
reading: 0.06497716903686523
data_fitting: 2.747561454772949
flux_point: 0.8151414394378662
