n_obs: 10
data_preparation: 14.05461835861206
writing: 0.14300179481506348
reading: 0.06549286842346191
data_fitting: 3.4329206943511963
flux_point: 0.8181543350219727
