n_obs: 10
data_preparation: 14.418186664581299
writing: 0.14944839477539062
reading: 0.06160879135131836
data_fitting: 2.727264404296875
flux_point: 0.8109304904937744
