n_obs: 10
data_preparation: 48.02059292793274
writing: 0.258678674697876
reading: 0.07809233665466309
data_fitting: 3.108083963394165
flux_point: 1.7054753303527832
