n_obs: 10
data_preparation: 14.704644918441772
writing: 0.3891105651855469
reading: 0.06193280220031738
data_fitting: 2.7346200942993164
flux_point: 0.8224601745605469
