n_obs: 10
data_preparation: 47.372467279434204
writing: 0.2585601806640625
reading: 0.062299489974975586
data_fitting: 3.870741605758667
flux_point: 1.0169415473937988
