n_obs: 10
data_preparation: 43.987091064453125
writing: 0.2324063777923584
reading: 0.052694082260131836
data_fitting: 2.9653942584991455
flux_point: 0.8309211730957031
