n_obs: 10
data_preparation: 14.661962270736694
writing: 0.3038063049316406
reading: 0.05840897560119629
data_fitting: 1.8434934616088867
flux_point: 0.8335824012756348
