n_obs: 10
data_preparation: 14.313148021697998
writing: 0.3834042549133301
reading: 0.06035614013671875
data_fitting: 1.7896299362182617
flux_point: 0.7995948791503906
