n_obs: 10
data_preparation: 13.19165587425232
writing: 0.13303208351135254
reading: 0.06284689903259277
data_fitting: 3.1419169902801514
flux_point: 0.798403263092041
