n_obs: 10
data_preparation: 39.93854761123657
writing: 0.22043609619140625
reading: 0.05161476135253906
data_fitting: 5.251665115356445
flux_point: 1.1644034385681152
