n_obs: 10
data_preparation: 14.965294599533081
writing: 0.3647940158843994
reading: 0.0347745418548584
data_fitting: 1.9687645435333252
flux_point: 0.6227262020111084
