n_obs: 10
data_preparation: 53.72871971130371
writing: 0.25778961181640625
reading: 0.05636119842529297
data_fitting: 3.868513584136963
flux_point: 1.3750970363616943
