n_obs: 10
data_preparation: 42.969550371170044
writing: 0.19480323791503906
reading: 0.0443878173828125
data_fitting: 2.8062334060668945
flux_point: 1.011321783065796
