n_obs: 10
data_preparation: 44.65348148345947
writing: 0.19809675216674805
reading: 0.22920680046081543
data_fitting: 3.213690996170044
flux_point: 2.5479280948638916
