n_obs: 10
data_preparation: 14.807319641113281
writing: 0.3131141662597656
reading: 0.0368502140045166
data_fitting: 2.1536529064178467
flux_point: 0.5932867527008057
