n_obs: 10
data_preparation: 14.804339170455933
writing: 0.4170398712158203
reading: 0.06331539154052734
data_fitting: 2.8644485473632812
flux_point: 0.8540165424346924
