n_obs: 10
data_preparation: 14.66580319404602
writing: 0.14904475212097168
reading: 0.06813669204711914
data_fitting: 2.8337974548339844
flux_point: 0.8221561908721924
