n_obs: 10
data_preparation: 62.61274719238281
writing: 0.17115998268127441
reading: 0.07070326805114746
data_fitting: 3.2580254077911377
flux_point: 2.043470859527588
