n_obs: 10
data_preparation: 38.569252014160156
writing: 0.2089824676513672
reading: 0.04720926284790039
data_fitting: 2.852431058883667
flux_point: 0.7702438831329346
