n_obs: 10
data_preparation: 14.683486461639404
writing: 0.35982465744018555
reading: 0.036147117614746094
data_fitting: 1.9990272521972656
flux_point: 0.5786395072937012
