n_obs: 10
data_preparation: 47.421142578125
writing: 0.180497407913208
reading: 0.12528038024902344
data_fitting: 2.8508200645446777
flux_point: 1.2797958850860596
