n_obs: 10
data_preparation: 41.68421649932861
writing: 0.22588276863098145
reading: 0.053169965744018555
data_fitting: 3.0351219177246094
flux_point: 0.8462655544281006
