n_obs: 10
data_preparation: 44.104448080062866
writing: 0.2423713207244873
reading: 0.05746865272521973
data_fitting: 3.260561943054199
flux_point: 0.953941822052002
