n_obs: 10
data_preparation: 14.621695280075073
writing: 0.35528063774108887
reading: 0.033269405364990234
data_fitting: 1.911423683166504
flux_point: 0.5973198413848877
