n_obs: 10
data_preparation: 45.565918922424316
writing: 0.28057360649108887
reading: 0.06811904907226562
data_fitting: 3.8749516010284424
flux_point: 1.0257985591888428
