n_obs: 10
data_preparation: 42.48229217529297
writing: 0.17935943603515625
reading: 0.21300101280212402
data_fitting: 3.1400551795959473
flux_point: 2.1446712017059326
