n_obs: 10
data_preparation: 14.585433006286621
writing: 0.39348602294921875
reading: 0.05895400047302246
data_fitting: 1.7210240364074707
flux_point: 0.7829811573028564
