n_obs: 10
data_preparation: 50.95401978492737
writing: 0.19208526611328125
reading: 0.12867259979248047
data_fitting: 2.913799524307251
flux_point: 1.3890471458435059
