n_obs: 10
data_preparation: 14.62354302406311
writing: 0.29720616340637207
reading: 0.03946113586425781
data_fitting: 2.056421995162964
flux_point: 0.6322634220123291
