n_obs: 10
data_preparation: 46.40343952178955
writing: 0.15679526329040527
reading: 0.06719589233398438
data_fitting: 2.615797758102417
flux_point: 1.611726999282837
