n_obs: 10
data_preparation: 44.50201678276062
writing: 0.20986127853393555
reading: 0.04478287696838379
data_fitting: 2.687410354614258
flux_point: 0.8731780052185059
