n_obs: 10
data_preparation: 33.11949849128723
writing: 0.17245030403137207
reading: 0.0448458194732666
data_fitting: 2.9107701778411865
flux_point: 2.364161252975464
