n_obs: 10
data_preparation: 13.217464685440063
writing: 0.13933634757995605
reading: 0.06405806541442871
data_fitting: 3.4026081562042236
flux_point: 0.786402702331543
