n_obs: 10
data_preparation: 49.59078335762024
writing: 0.26675915718078613
reading: 0.06176137924194336
data_fitting: 3.7704341411590576
flux_point: 1.0755157470703125
