n_obs: 10
data_preparation: 14.795701026916504
writing: 0.4044332504272461
reading: 0.06402349472045898
data_fitting: 1.6924798488616943
flux_point: 0.7922172546386719
