n_obs: 10
data_preparation: 38.93828988075256
writing: 0.18720793724060059
reading: 0.043811798095703125
data_fitting: 2.654653549194336
flux_point: 0.9739303588867188
