n_obs: 10
data_preparation: 14.942066192626953
writing: 0.37920165061950684
reading: 0.03565573692321777
data_fitting: 1.9982569217681885
flux_point: 0.6031665802001953
