n_obs: 10
data_preparation: 38.71235466003418
writing: 0.19011759757995605
reading: 0.04363250732421875
data_fitting: 2.6192827224731445
flux_point: 0.9902873039245605
