n_obs: 10
data_preparation: 14.346649169921875
writing: 0.37015676498413086
reading: 0.05825233459472656
data_fitting: 1.7756211757659912
flux_point: 0.7762887477874756
