n_obs: 10
data_preparation: 14.94460654258728
writing: 0.3034515380859375
reading: 0.03991985321044922
data_fitting: 2.112886428833008
flux_point: 0.634436845779419
