n_obs: 10
data_preparation: 14.771952867507935
writing: 0.36865758895874023
reading: 0.05989480018615723
data_fitting: 1.7616801261901855
flux_point: 0.807966947555542
