n_obs: 10
data_preparation: 13.138356685638428
writing: 0.13429903984069824
reading: 0.062134742736816406
data_fitting: 3.279982328414917
flux_point: 0.7783501148223877
