n_obs: 10
data_preparation: 48.806766510009766
writing: 0.259368896484375
reading: 0.06073451042175293
data_fitting: 4.276403903961182
flux_point: 1.439321756362915
