n_obs: 10
data_preparation: 13.999134302139282
writing: 0.36330294609069824
reading: 0.05762481689453125
data_fitting: 1.7149074077606201
flux_point: 0.7744383811950684
