n_obs: 10
data_preparation: 14.721413373947144
writing: 0.1450028419494629
reading: 0.06484293937683105
data_fitting: 2.856114625930786
flux_point: 0.8304173946380615
