n_obs: 10
data_preparation: 14.36747932434082
writing: 0.1378035545349121
reading: 0.05943608283996582
data_fitting: 3.2589163780212402
flux_point: 0.7970688343048096
