n_obs: 10
data_preparation: 26.315170526504517
writing: 0.2098078727722168
reading: 0.04434680938720703
data_fitting: 2.656672716140747
flux_point: 0.7786803245544434
