n_obs: 10
data_preparation: 14.681172132492065
writing: 0.14597582817077637
reading: 0.06260132789611816
data_fitting: 2.731872081756592
flux_point: 0.8175015449523926
