n_obs: 10
data_preparation: 51.5467734336853
writing: 0.22908997535705566
reading: 0.25832676887512207
data_fitting: 3.8435862064361572
flux_point: 2.9999539852142334
