n_obs: 10
data_preparation: 14.663432836532593
writing: 0.14314913749694824
reading: 0.06400418281555176
data_fitting: 3.363363027572632
flux_point: 0.8200337886810303
