n_obs: 10
data_preparation: 15.463311433792114
writing: 0.4065530300140381
reading: 0.03500628471374512
data_fitting: 1.987701654434204
flux_point: 0.5859553813934326
