n_obs: 10
data_preparation: 43.400107860565186
writing: 0.22924113273620605
reading: 0.051560163497924805
data_fitting: 2.865051507949829
flux_point: 0.7785735130310059
