n_obs: 10
data_preparation: 33.4327130317688
writing: 0.18957304954528809
reading: 0.04379677772521973
data_fitting: 2.5539817810058594
flux_point: 0.9409387111663818
