n_obs: 10
data_preparation: 48.0307457447052
writing: 0.25301623344421387
reading: 0.05902242660522461
data_fitting: 3.074032783508301
flux_point: 0.840479850769043
