n_obs: 10
data_preparation: 43.83930253982544
writing: 0.22835803031921387
reading: 0.05466341972351074
data_fitting: 3.412287473678589
flux_point: 1.2310233116149902
