n_obs: 10
data_preparation: 14.354016065597534
writing: 0.41095972061157227
reading: 0.058304786682128906
data_fitting: 1.7615046501159668
flux_point: 0.7949709892272949
