n_obs: 10
data_preparation: 30.301536798477173
writing: 0.20191311836242676
reading: 0.041100502014160156
data_fitting: 2.4445977210998535
flux_point: 0.8025825023651123
