n_obs: 10
data_preparation: 18.831517934799194
writing: 0.1213221549987793
reading: 0.05530524253845215
data_fitting: 2.997832775115967
flux_point: 0.7688264846801758
