n_obs: 10
data_preparation: 41.15942668914795
writing: 0.22677302360534668
reading: 0.052997589111328125
data_fitting: 5.532513380050659
flux_point: 1.2027642726898193
