n_obs: 10
data_preparation: 14.877794742584229
writing: 0.42078471183776855
reading: 0.06406927108764648
data_fitting: 2.845583438873291
flux_point: 0.8545670509338379
