n_obs: 10
data_preparation: 41.68265700340271
writing: 0.2059330940246582
reading: 0.039635419845581055
data_fitting: 2.3169021606445312
flux_point: 0.8302915096282959
