n_obs: 10
data_preparation: 43.29529309272766
writing: 0.20379400253295898
reading: 0.042351722717285156
data_fitting: 2.413879156112671
flux_point: 0.9805824756622314
