n_obs: 10
data_preparation: 14.404910564422607
writing: 0.3031728267669678
reading: 0.05860257148742676
data_fitting: 1.8601758480072021
flux_point: 0.8108341693878174
