n_obs: 10
data_preparation: 35.22914409637451
writing: 0.20526337623596191
reading: 0.04168105125427246
data_fitting: 2.297736406326294
flux_point: 0.9302611351013184
