n_obs: 10
data_preparation: 14.400901556015015
writing: 0.37017345428466797
reading: 0.05982708930969238
data_fitting: 1.7348120212554932
flux_point: 0.7927572727203369
