n_obs: 10
data_preparation: 14.725728988647461
writing: 0.40044260025024414
reading: 0.06294775009155273
data_fitting: 1.7211058139801025
flux_point: 0.8049306869506836
