n_obs: 10
data_preparation: 40.719860315322876
writing: 0.13189029693603516
reading: 0.055280208587646484
data_fitting: 2.062311887741089
flux_point: 1.3296678066253662
