n_obs: 10
data_preparation: 43.79293727874756
writing: 0.2648899555206299
reading: 0.05694413185119629
data_fitting: 3.0506980419158936
flux_point: 0.8795247077941895
