n_obs: 10
data_preparation: 26.191051244735718
writing: 0.20747971534729004
reading: 0.04358363151550293
data_fitting: 2.7172508239746094
flux_point: 0.7750189304351807
