n_obs: 10
data_preparation: 47.597076416015625
writing: 0.17895984649658203
reading: 0.07547402381896973
data_fitting: 2.8828489780426025
flux_point: 1.9258849620819092
