n_obs: 10
data_preparation: 24.392395734786987
writing: 0.2021329402923584
reading: 0.04029965400695801
data_fitting: 2.3707664012908936
flux_point: 0.7661030292510986
