n_obs: 10
data_preparation: 15.092423677444458
writing: 0.4063742160797119
reading: 0.0587620735168457
data_fitting: 1.728459119796753
flux_point: 0.7899577617645264
