n_obs: 10
data_preparation: 38.75666522979736
writing: 0.19858193397521973
reading: 0.045879364013671875
data_fitting: 2.733813762664795
flux_point: 0.7700052261352539
