n_obs: 10
data_preparation: 17.768686056137085
writing: 0.1816258430480957
reading: 0.141007661819458
data_fitting: 4.126798629760742
flux_point: 2.583775758743286
