n_obs: 10
data_preparation: 49.31008434295654
writing: 0.2745487689971924
reading: 0.063720703125
data_fitting: 3.811793565750122
flux_point: 0.9839813709259033
