n_obs: 10
data_preparation: 41.943565130233765
writing: 0.2464282512664795
reading: 0.05985283851623535
data_fitting: 3.0185866355895996
flux_point: 0.9103622436523438
