n_obs: 10
data_preparation: 38.1541965007782
writing: 0.133941650390625
reading: 0.10197973251342773
data_fitting: 2.6356916427612305
flux_point: 1.8292067050933838
