n_obs: 10
data_preparation: 14.535269021987915
writing: 0.3617374897003174
reading: 0.05837512016296387
data_fitting: 1.754166603088379
flux_point: 0.8344120979309082
