n_obs: 10
data_preparation: 57.100719690322876
writing: 0.2962014675140381
reading: 0.07222628593444824
data_fitting: 4.243211507797241
flux_point: 3.7556819915771484
