n_obs: 10
data_preparation: 41.93396711349487
writing: 0.22588658332824707
reading: 0.05118823051452637
data_fitting: 3.6391751766204834
flux_point: 0.7880887985229492
