n_obs: 10
data_preparation: 36.06304574012756
writing: 0.27488112449645996
reading: 0.058283090591430664
data_fitting: 4.052676677703857
flux_point: 1.0711967945098877
