n_obs: 10
data_preparation: 47.16071319580078
writing: 0.23277759552001953
reading: 0.070709228515625
data_fitting: 3.7135748863220215
flux_point: 1.0249059200286865
