n_obs: 10
data_preparation: 15.944417715072632
writing: 0.3039243221282959
reading: 0.03629040718078613
data_fitting: 1.9951508045196533
flux_point: 0.5945804119110107
