n_obs: 10
data_preparation: 14.888484477996826
writing: 0.40380001068115234
reading: 0.05874347686767578
data_fitting: 1.7257742881774902
flux_point: 0.7840619087219238
