n_obs: 10
data_preparation: 49.84028196334839
writing: 0.2699415683746338
reading: 0.057749032974243164
data_fitting: 3.1932618618011475
flux_point: 0.8794388771057129
