n_obs: 10
data_preparation: 14.709676265716553
writing: 0.3642416000366211
reading: 0.03339838981628418
data_fitting: 1.9099164009094238
flux_point: 0.6019256114959717
