n_obs: 10
data_preparation: 14.412525177001953
writing: 0.3988521099090576
reading: 0.061125993728637695
data_fitting: 1.7299752235412598
flux_point: 0.7965407371520996
