n_obs: 10
data_preparation: 40.29728102684021
writing: 0.2174358367919922
reading: 0.048081159591674805
data_fitting: 2.8125739097595215
flux_point: 2.754945993423462
