n_obs: 10
data_preparation: 33.457942485809326
writing: 0.19117140769958496
reading: 0.04279828071594238
data_fitting: 2.628438711166382
flux_point: 0.9376125335693359
