n_obs: 10
data_preparation: 15.137236595153809
writing: 0.4183962345123291
reading: 0.04337120056152344
data_fitting: 2.4598588943481445
flux_point: 0.64095139503479
