n_obs: 10
data_preparation: 14.886373043060303
writing: 0.14502882957458496
reading: 0.06319880485534668
data_fitting: 2.6961281299591064
flux_point: 0.7976300716400146
