n_obs: 10
data_preparation: 42.90462374687195
writing: 0.2329726219177246
reading: 0.061614274978637695
data_fitting: 3.752992868423462
flux_point: 3.4094314575195312
