n_obs: 10
data_preparation: 49.33769702911377
writing: 0.2199385166168213
reading: 0.26744747161865234
data_fitting: 3.65082049369812
flux_point: 2.92234206199646
