n_obs: 10
data_preparation: 15.048863887786865
writing: 0.30488157272338867
reading: 0.04281258583068848
data_fitting: 2.2223219871520996
flux_point: 0.6476321220397949
