n_obs: 10
data_preparation: 41.765002489089966
writing: 0.23707079887390137
reading: 0.07036304473876953
data_fitting: 4.073514699935913
flux_point: 3.5793540477752686
