n_obs: 10
data_preparation: 15.371103286743164
writing: 0.39429283142089844
reading: 0.0615231990814209
data_fitting: 2.663321018218994
flux_point: 0.8198375701904297
