n_obs: 10
data_preparation: 39.92571210861206
writing: 0.2783217430114746
reading: 0.06144213676452637
data_fitting: 3.892334222793579
flux_point: 1.1446754932403564
