n_obs: 10
data_preparation: 14.854521751403809
writing: 0.3625631332397461
reading: 0.05949902534484863
data_fitting: 1.7484233379364014
flux_point: 0.7895307540893555
