n_obs: 10
data_preparation: 13.098584651947021
writing: 0.13008928298950195
reading: 0.06327056884765625
data_fitting: 3.125401258468628
flux_point: 0.78458571434021
