n_obs: 10
data_preparation: 28.40621519088745
writing: 0.20199322700500488
reading: 0.04045987129211426
data_fitting: 2.4623446464538574
flux_point: 0.7858743667602539
