n_obs: 10
data_preparation: 16.740906238555908
writing: 0.34867405891418457
reading: 0.16089129447937012
data_fitting: 2.880527973175049
flux_point: 0.8798339366912842
