n_obs: 10
data_preparation: 52.208290815353394
writing: 0.18525934219360352
reading: 0.1410694122314453
data_fitting: 3.096773862838745
flux_point: 1.4522356986999512
