n_obs: 10
data_preparation: 14.586799144744873
writing: 0.3990929126739502
reading: 0.058782100677490234
data_fitting: 1.7457530498504639
flux_point: 0.7850444316864014
