n_obs: 10
data_preparation: 46.16431999206543
writing: 0.25491833686828613
reading: 0.06007814407348633
data_fitting: 3.8921406269073486
flux_point: 1.328521966934204
