n_obs: 10
data_preparation: 53.085187911987305
writing: 0.2848231792449951
reading: 0.07020807266235352
data_fitting: 3.9398396015167236
flux_point: 1.1166603565216064
