n_obs: 10
data_preparation: 50.88463306427002
writing: 0.28127241134643555
reading: 0.07034182548522949
data_fitting: 3.7122819423675537
flux_point: 1.1062941551208496
