n_obs: 10
data_preparation: 38.60275197029114
writing: 0.198836088180542
reading: 0.045870304107666016
data_fitting: 2.8759865760803223
flux_point: 2.7216293811798096
