n_obs: 10
data_preparation: 14.923587560653687
writing: 0.14451885223388672
reading: 0.063934326171875
data_fitting: 3.430224895477295
flux_point: 0.8440289497375488
