n_obs: 10
data_preparation: 16.366963386535645
writing: 0.1620326042175293
reading: 0.1236870288848877
data_fitting: 3.685363531112671
flux_point: 2.3835456371307373
