n_obs: 10
data_preparation: 42.34800386428833
writing: 0.1962423324584961
reading: 0.04550623893737793
data_fitting: 2.930607795715332
flux_point: 1.0422463417053223
