n_obs: 10
data_preparation: 14.335268259048462
writing: 0.3589437007904053
reading: 0.05918407440185547
data_fitting: 1.7633845806121826
flux_point: 0.7838106155395508
