n_obs: 10
data_preparation: 13.776631593704224
writing: 0.36412549018859863
reading: 0.05706524848937988
data_fitting: 1.7257416248321533
flux_point: 0.8182873725891113
