n_obs: 10
data_preparation: 18.272200107574463
writing: 0.19323968887329102
reading: 0.15204572677612305
data_fitting: 4.601388454437256
flux_point: 2.958338499069214
