n_obs: 10
data_preparation: 15.096333026885986
writing: 0.408388614654541
reading: 0.06115579605102539
data_fitting: 1.8015468120574951
flux_point: 0.809783935546875
