n_obs: 10
data_preparation: 42.85493850708008
writing: 0.20364093780517578
reading: 0.04767274856567383
data_fitting: 3.1183152198791504
flux_point: 0.7918787002563477
