n_obs: 10
data_preparation: 14.7984139919281
writing: 0.14839982986450195
reading: 0.0645911693572998
data_fitting: 2.894702196121216
flux_point: 0.8462619781494141
