n_obs: 10
data_preparation: 41.39623689651489
writing: 0.22772216796875
reading: 0.0533146858215332
data_fitting: 5.466831684112549
flux_point: 1.1574265956878662
