n_obs: 10
data_preparation: 14.80245304107666
writing: 0.14217519760131836
reading: 0.06386971473693848
data_fitting: 2.7812812328338623
flux_point: 0.82680344581604
