n_obs: 10
data_preparation: 38.25272560119629
writing: 0.19954252243041992
reading: 0.04457855224609375
data_fitting: 2.7817609310150146
flux_point: 2.597541570663452
