n_obs: 10
data_preparation: 46.416898250579834
writing: 0.17807388305664062
reading: 0.07464933395385742
data_fitting: 2.84067440032959
flux_point: 1.8173329830169678
