n_obs: 10
data_preparation: 13.527567863464355
writing: 0.13217663764953613
reading: 0.06573295593261719
data_fitting: 3.4603021144866943
flux_point: 0.8139219284057617
