n_obs: 10
data_preparation: 52.58536458015442
writing: 0.2183525562286377
reading: 0.06523656845092773
data_fitting: 3.1268632411956787
flux_point: 1.638256311416626
