n_obs: 10
data_preparation: 14.523221015930176
writing: 0.14763832092285156
reading: 0.06296491622924805
data_fitting: 2.75154185295105
flux_point: 0.8199095726013184
