n_obs: 10
data_preparation: 18.642606735229492
writing: 0.1232752799987793
reading: 0.05925941467285156
data_fitting: 3.258915424346924
flux_point: 0.7883548736572266
