n_obs: 10
data_preparation: 42.616379737854004
writing: 0.1715681552886963
reading: 0.2007429599761963
data_fitting: 2.7825708389282227
flux_point: 2.181454658508301
