n_obs: 10
data_preparation: 38.74940204620361
writing: 0.23058629035949707
reading: 0.04824542999267578
data_fitting: 3.1485469341278076
flux_point: 2.6499123573303223
