n_obs: 10
data_preparation: 31.035581827163696
writing: 0.20770478248596191
reading: 0.0434117317199707
data_fitting: 2.706028461456299
flux_point: 0.8219380378723145
