n_obs: 10
data_preparation: 14.6778883934021
writing: 0.40077662467956543
reading: 0.06288290023803711
data_fitting: 2.7331478595733643
flux_point: 0.8254904747009277
