n_obs: 10
data_preparation: 42.84929919242859
writing: 0.21058273315429688
reading: 0.04873394966125488
data_fitting: 3.1544713973999023
flux_point: 0.8359746932983398
