n_obs: 10
data_preparation: 14.61227798461914
writing: 0.36490678787231445
reading: 0.03345155715942383
data_fitting: 1.9052975177764893
flux_point: 0.5943114757537842
