n_obs: 10
data_preparation: 25.859599351882935
writing: 0.2073044776916504
reading: 0.04339909553527832
data_fitting: 2.621861457824707
flux_point: 0.7829132080078125
