n_obs: 10
data_preparation: 14.540470600128174
writing: 0.1501774787902832
reading: 0.06436514854431152
data_fitting: 2.9106385707855225
flux_point: 0.8690240383148193
