n_obs: 10
data_preparation: 43.027464151382446
writing: 0.22329425811767578
reading: 0.0522611141204834
data_fitting: 3.5183160305023193
flux_point: 1.2194793224334717
