n_obs: 10
data_preparation: 52.29093670845032
writing: 0.2721555233001709
reading: 0.06582975387573242
data_fitting: 4.601555824279785
flux_point: 1.4982149600982666
