n_obs: 10
data_preparation: 14.716456413269043
writing: 0.4048597812652588
reading: 0.06162238121032715
data_fitting: 2.675027847290039
flux_point: 0.8173210620880127
