n_obs: 10
data_preparation: 14.234983682632446
writing: 0.36193299293518066
reading: 0.05817413330078125
data_fitting: 1.731752872467041
flux_point: 0.825685977935791
