n_obs: 10
data_preparation: 14.73985242843628
writing: 0.3576664924621582
reading: 0.03833937644958496
data_fitting: 2.0225515365600586
flux_point: 0.5783188343048096
