n_obs: 10
data_preparation: 14.129117250442505
writing: 0.3630967140197754
reading: 0.05759739875793457
data_fitting: 1.7288942337036133
flux_point: 0.777902364730835
