n_obs: 10
data_preparation: 29.163591623306274
writing: 0.2110140323638916
reading: 0.04505300521850586
data_fitting: 2.7536163330078125
flux_point: 0.8100852966308594
