n_obs: 10
data_preparation: 14.024069786071777
writing: 0.3580968379974365
reading: 0.05730390548706055
data_fitting: 1.7507219314575195
flux_point: 0.822190523147583
