n_obs: 10
data_preparation: 14.819483041763306
writing: 0.14612531661987305
reading: 0.06251192092895508
data_fitting: 3.4543018341064453
flux_point: 0.8264458179473877
