n_obs: 10
data_preparation: 45.82151818275452
writing: 0.17240190505981445
reading: 0.1339259147644043
data_fitting: 4.344767093658447
flux_point: 2.6486692428588867
