n_obs: 10
data_preparation: 14.75572419166565
writing: 0.3529171943664551
reading: 0.035051822662353516
data_fitting: 1.9202368259429932
flux_point: 0.5986118316650391
