n_obs: 10
data_preparation: 15.023679733276367
writing: 0.3784215450286865
reading: 0.060041189193725586
data_fitting: 1.753098726272583
flux_point: 0.7936773300170898
