n_obs: 10
data_preparation: 14.64219617843628
writing: 0.3001370429992676
reading: 0.0365297794342041
data_fitting: 2.0148234367370605
flux_point: 0.6295425891876221
