n_obs: 10
data_preparation: 41.25515007972717
writing: 0.20692110061645508
reading: 0.0478670597076416
data_fitting: 5.334613084793091
flux_point: 1.127528190612793
