n_obs: 10
data_preparation: 54.077969551086426
writing: 0.27042222023010254
reading: 0.0648961067199707
data_fitting: 4.37467098236084
flux_point: 1.540508508682251
