n_obs: 10
data_preparation: 46.51217603683472
writing: 0.17046809196472168
reading: 0.07102394104003906
data_fitting: 2.9035658836364746
flux_point: 2.0391411781311035
