n_obs: 10
data_preparation: 48.260279417037964
writing: 0.25833988189697266
reading: 0.06072688102722168
data_fitting: 6.217883825302124
flux_point: 1.4218807220458984
