n_obs: 10
data_preparation: 51.13355755805969
writing: 0.3042032718658447
reading: 0.0726006031036377
data_fitting: 3.7680773735046387
flux_point: 1.0848288536071777
