n_obs: 10
data_preparation: 25.645715713500977
writing: 0.20878887176513672
reading: 0.04446887969970703
data_fitting: 2.493288040161133
flux_point: 0.7788474559783936
