n_obs: 10
data_preparation: 15.131468534469604
writing: 0.3651435375213623
reading: 0.03778409957885742
data_fitting: 2.1277036666870117
flux_point: 0.6076574325561523
