n_obs: 10
data_preparation: 42.07095718383789
writing: 0.2108151912689209
reading: 0.04737424850463867
data_fitting: 2.8626155853271484
flux_point: 0.77486252784729
