n_obs: 10
data_preparation: 43.36177062988281
writing: 0.21227407455444336
reading: 0.05138087272644043
data_fitting: 3.483973741531372
flux_point: 1.1389570236206055
