n_obs: 10
data_preparation: 14.757201194763184
writing: 0.3635234832763672
reading: 0.037252187728881836
data_fitting: 2.0367050170898438
flux_point: 0.5788068771362305
