n_obs: 10
data_preparation: 13.791687726974487
writing: 0.36385250091552734
reading: 0.0382387638092041
data_fitting: 1.7372939586639404
flux_point: 0.617577314376831
