n_obs: 10
data_preparation: 14.959690809249878
writing: 0.39418554306030273
reading: 0.030482769012451172
data_fitting: 1.8122942447662354
flux_point: 0.5593419075012207
