n_obs: 10
data_preparation: 14.785479545593262
writing: 0.3527343273162842
reading: 0.03633880615234375
data_fitting: 2.035222053527832
flux_point: 0.5788064002990723
