n_obs: 10
data_preparation: 37.53841280937195
writing: 0.22036385536193848
reading: 0.047017812728881836
data_fitting: 4.656444787979126
flux_point: 1.0469624996185303
