n_obs: 10
data_preparation: 53.72537398338318
writing: 0.32057952880859375
reading: 0.07538080215454102
data_fitting: 4.402425765991211
flux_point: 1.1229901313781738
