n_obs: 10
data_preparation: 52.51850938796997
writing: 0.2716538906097412
reading: 0.06599020957946777
data_fitting: 4.084177255630493
flux_point: 1.4592394828796387
