n_obs: 10
data_preparation: 34.32095742225647
writing: 0.27024340629577637
reading: 0.059714317321777344
data_fitting: 3.8161160945892334
flux_point: 1.0941364765167236
