n_obs: 10
data_preparation: 14.679884672164917
writing: 0.30077433586120605
reading: 0.035875558853149414
data_fitting: 2.01302433013916
flux_point: 0.6396567821502686
