n_obs: 10
data_preparation: 14.705420970916748
writing: 0.3995373249053955
reading: 0.0628509521484375
data_fitting: 2.852344512939453
flux_point: 0.8466475009918213
