n_obs: 10
data_preparation: 12.751105308532715
writing: 0.12124943733215332
reading: 0.05401873588562012
data_fitting: 2.6573398113250732
flux_point: 0.7168946266174316
