n_obs: 10
data_preparation: 41.86276912689209
writing: 0.21777892112731934
reading: 0.04806327819824219
data_fitting: 2.722113847732544
flux_point: 0.7590529918670654
