n_obs: 10
data_preparation: 14.411396026611328
writing: 0.30727267265319824
reading: 0.05810904502868652
data_fitting: 1.7627341747283936
flux_point: 0.845698356628418
