n_obs: 10
data_preparation: 43.46582055091858
writing: 0.21723222732543945
reading: 0.05133199691772461
data_fitting: 3.110039472579956
flux_point: 1.1595041751861572
