n_obs: 10
data_preparation: 55.15971755981445
writing: 0.2757868766784668
reading: 0.060169219970703125
data_fitting: 3.8513174057006836
flux_point: 1.1381442546844482
