n_obs: 10
data_preparation: 45.213539123535156
writing: 0.2323441505432129
reading: 0.08254742622375488
data_fitting: 7.403592586517334
flux_point: 1.834550380706787
