n_obs: 10
data_preparation: 14.667207479476929
writing: 0.41271162033081055
reading: 0.06209206581115723
data_fitting: 2.752462387084961
flux_point: 0.834585428237915
