n_obs: 10
data_preparation: 13.013798952102661
writing: 0.1319282054901123
reading: 0.06274604797363281
data_fitting: 3.2995591163635254
flux_point: 0.7782690525054932
