n_obs: 10
data_preparation: 14.794851064682007
writing: 0.38099098205566406
reading: 0.030868053436279297
data_fitting: 1.8191773891448975
flux_point: 0.5621519088745117
