n_obs: 10
data_preparation: 14.508039474487305
writing: 0.14943194389343262
reading: 0.06329965591430664
data_fitting: 2.7534308433532715
flux_point: 0.8078532218933105
