n_obs: 10
data_preparation: 13.307053565979004
writing: 0.12484622001647949
reading: 0.05627894401550293
data_fitting: 2.670544147491455
flux_point: 0.7291457653045654
