n_obs: 10
data_preparation: 47.334465742111206
writing: 0.16353774070739746
reading: 0.07088613510131836
data_fitting: 3.0730087757110596
flux_point: 1.6793310642242432
