n_obs: 10
data_preparation: 39.913668632507324
writing: 0.20244359970092773
reading: 0.04171180725097656
data_fitting: 2.3543355464935303
flux_point: 0.9465842247009277
