n_obs: 10
data_preparation: 39.97437858581543
writing: 0.20454001426696777
reading: 0.04625368118286133
data_fitting: 2.6163241863250732
flux_point: 0.7427945137023926
