n_obs: 10
data_preparation: 48.994871854782104
writing: 0.23846721649169922
reading: 0.05286216735839844
data_fitting: 3.428194284439087
flux_point: 1.1191017627716064
