n_obs: 10
data_preparation: 40.58970332145691
writing: 0.18903017044067383
reading: 0.04435420036315918
data_fitting: 2.732250213623047
flux_point: 0.9890835285186768
