n_obs: 10
data_preparation: 42.78399729728699
writing: 0.2610962390899658
reading: 0.06156444549560547
data_fitting: 4.747440814971924
flux_point: 1.2447412014007568
