n_obs: 10
data_preparation: 15.044300317764282
writing: 0.3010091781616211
reading: 0.040818214416503906
data_fitting: 2.0075602531433105
flux_point: 0.6361868381500244
