n_obs: 10
data_preparation: 14.884521961212158
writing: 0.3752176761627197
reading: 0.03872323036193848
data_fitting: 2.13938307762146
flux_point: 0.6192426681518555
