n_obs: 10
data_preparation: 14.977659463882446
writing: 0.14743518829345703
reading: 0.06215929985046387
data_fitting: 2.750009059906006
flux_point: 0.8234014511108398
