n_obs: 10
data_preparation: 40.01730489730835
writing: 0.20425772666931152
reading: 0.04654669761657715
data_fitting: 2.650317907333374
flux_point: 0.7550842761993408
