n_obs: 10
data_preparation: 14.852694988250732
writing: 0.39553117752075195
reading: 0.06490969657897949
data_fitting: 2.029515027999878
flux_point: 0.8469507694244385
