n_obs: 10
data_preparation: 51.40883708000183
writing: 0.29138970375061035
reading: 0.06934928894042969
data_fitting: 6.7034173011779785
flux_point: 1.505213975906372
