n_obs: 10
data_preparation: 14.614820957183838
writing: 0.36344122886657715
reading: 0.06012701988220215
data_fitting: 1.7772419452667236
flux_point: 0.8163986206054688
