n_obs: 10
data_preparation: 43.272972106933594
writing: 0.2413630485534668
reading: 0.05466055870056152
data_fitting: 3.2098991870880127
flux_point: 0.8718767166137695
