n_obs: 10
data_preparation: 13.860822916030884
writing: 0.35389137268066406
reading: 0.0576777458190918
data_fitting: 1.7030601501464844
flux_point: 0.7732288837432861
