n_obs: 10
data_preparation: 41.9499146938324
writing: 0.19783473014831543
reading: 0.04459047317504883
data_fitting: 2.560439348220825
flux_point: 0.7904958724975586
