n_obs: 10
data_preparation: 42.459346771240234
writing: 0.21179533004760742
reading: 0.0542454719543457
data_fitting: 3.271472454071045
flux_point: 2.573713779449463
