n_obs: 10
data_preparation: 14.451929569244385
writing: 0.16127252578735352
reading: 0.061023712158203125
data_fitting: 2.66266131401062
flux_point: 0.7970185279846191
