n_obs: 10
data_preparation: 43.691827058792114
writing: 0.2789342403411865
reading: 0.06426477432250977
data_fitting: 3.2986390590667725
flux_point: 0.9251809120178223
