n_obs: 10
data_preparation: 14.22242546081543
writing: 0.14553499221801758
reading: 0.07181525230407715
data_fitting: 3.5307669639587402
flux_point: 0.9103648662567139
