n_obs: 10
data_preparation: 12.8899827003479
writing: 0.1226649284362793
reading: 0.05431985855102539
data_fitting: 2.699885845184326
flux_point: 0.7215118408203125
