n_obs: 10
data_preparation: 14.269735336303711
writing: 0.37331485748291016
reading: 0.05728340148925781
data_fitting: 1.7633628845214844
flux_point: 0.7732410430908203
