n_obs: 10
data_preparation: 14.70193362236023
writing: 0.2971963882446289
reading: 0.039670467376708984
data_fitting: 2.010788679122925
flux_point: 0.6297686100006104
