n_obs: 10
data_preparation: 15.294551372528076
writing: 0.40713930130004883
reading: 0.03924155235290527
data_fitting: 2.124958038330078
flux_point: 0.630866527557373
