n_obs: 10
data_preparation: 16.312500476837158
writing: 0.16425228118896484
reading: 0.12173271179199219
data_fitting: 3.90354323387146
flux_point: 2.4252512454986572
