n_obs: 10
data_preparation: 45.446990966796875
writing: 0.23270034790039062
reading: 0.05698418617248535
data_fitting: 3.1255202293395996
flux_point: 0.8722279071807861
