n_obs: 10
data_preparation: 14.517409563064575
writing: 0.14185571670532227
reading: 0.06482386589050293
data_fitting: 2.765263080596924
flux_point: 0.8062098026275635
