n_obs: 10
data_preparation: 53.52328610420227
writing: 0.29141759872436523
reading: 0.07210135459899902
data_fitting: 4.627601623535156
flux_point: 1.5637927055358887
