n_obs: 10
data_preparation: 14.695892810821533
writing: 0.39653563499450684
reading: 0.03189349174499512
data_fitting: 1.8518455028533936
flux_point: 0.5757129192352295
