n_obs: 10
data_preparation: 47.221245765686035
writing: 0.27631044387817383
reading: 0.06294465065002441
data_fitting: 3.7998604774475098
flux_point: 1.1142489910125732
