n_obs: 10
data_preparation: 51.01397776603699
writing: 0.23367905616760254
reading: 0.2734837532043457
data_fitting: 3.8943517208099365
flux_point: 3.3315837383270264
