n_obs: 10
data_preparation: 14.586788654327393
writing: 0.3512997627258301
reading: 0.038617849349975586
data_fitting: 1.9754807949066162
flux_point: 0.5765156745910645
