n_obs: 10
data_preparation: 38.5123233795166
writing: 0.19328927993774414
reading: 0.04429888725280762
data_fitting: 2.756974220275879
flux_point: 0.9703612327575684
