n_obs: 10
data_preparation: 43.497313022613525
writing: 0.27895474433898926
reading: 0.06139636039733887
data_fitting: 3.522881031036377
flux_point: 0.9982941150665283
