n_obs: 10
data_preparation: 14.3789541721344
writing: 0.37131762504577637
reading: 0.062346458435058594
data_fitting: 1.853947639465332
flux_point: 0.8123764991760254
