n_obs: 10
data_preparation: 14.656331539154053
writing: 0.4015626907348633
reading: 0.06154799461364746
data_fitting: 1.7534575462341309
flux_point: 0.7918398380279541
