n_obs: 10
data_preparation: 15.215501546859741
writing: 0.30914855003356934
reading: 0.05872535705566406
data_fitting: 1.8158166408538818
flux_point: 0.8182761669158936
