n_obs: 10
data_preparation: 14.749359607696533
writing: 0.14233946800231934
reading: 0.06403613090515137
data_fitting: 2.7105987071990967
flux_point: 0.8141863346099854
