n_obs: 10
data_preparation: 41.52666115760803
writing: 0.21150827407836914
reading: 0.04987382888793945
data_fitting: 5.487207651138306
flux_point: 1.1602778434753418
