n_obs: 10
data_preparation: 44.36582112312317
writing: 0.23577117919921875
reading: 0.05313253402709961
data_fitting: 3.162550449371338
flux_point: 0.9371652603149414
