n_obs: 10
data_preparation: 14.523007869720459
writing: 0.3962829113006592
reading: 0.0578463077545166
data_fitting: 1.734833002090454
flux_point: 0.7867136001586914
