n_obs: 10
data_preparation: 46.22729158401489
writing: 0.15728306770324707
reading: 0.07338619232177734
data_fitting: 2.876250743865967
flux_point: 1.6003806591033936
