n_obs: 10
data_preparation: 15.146623373031616
writing: 0.29904913902282715
reading: 0.03907155990600586
data_fitting: 1.9943654537200928
flux_point: 0.6340541839599609
