n_obs: 10
data_preparation: 19.647267818450928
writing: 0.136749267578125
reading: 0.05980515480041504
data_fitting: 3.480135202407837
flux_point: 0.8630633354187012
