n_obs: 10
data_preparation: 41.69964408874512
writing: 0.23112988471984863
reading: 0.0526430606842041
data_fitting: 3.0261003971099854
flux_point: 0.855135440826416
