n_obs: 10
data_preparation: 40.377219676971436
writing: 0.19365382194519043
reading: 0.04197192192077637
data_fitting: 2.6000397205352783
flux_point: 0.9626250267028809
