n_obs: 10
data_preparation: 40.33198571205139
writing: 0.20524215698242188
reading: 0.0465085506439209
data_fitting: 2.6008105278015137
flux_point: 0.7568764686584473
