n_obs: 10
data_preparation: 14.791225910186768
writing: 0.36060214042663574
reading: 0.036130666732788086
data_fitting: 1.9237220287322998
flux_point: 0.6116383075714111
