n_obs: 10
data_preparation: 40.89364743232727
writing: 0.2947731018066406
reading: 0.06192159652709961
data_fitting: 3.8622801303863525
flux_point: 3.322317361831665
