n_obs: 10
data_preparation: 14.81083369255066
writing: 0.3686063289642334
reading: 0.031160593032836914
data_fitting: 1.734616994857788
flux_point: 0.5462701320648193
