n_obs: 10
data_preparation: 53.49721312522888
writing: 0.2584209442138672
reading: 0.06501531600952148
data_fitting: 4.138444900512695
flux_point: 1.4669380187988281
