n_obs: 10
data_preparation: 14.259334087371826
writing: 0.30704164505004883
reading: 0.059030771255493164
data_fitting: 1.8228631019592285
flux_point: 0.8016002178192139
