n_obs: 10
data_preparation: 35.33320164680481
writing: 0.20558738708496094
reading: 0.0417482852935791
data_fitting: 2.2559053897857666
flux_point: 0.7961924076080322
