n_obs: 10
data_preparation: 37.31601023674011
writing: 0.1880786418914795
reading: 0.04283404350280762
data_fitting: 2.7661526203155518
flux_point: 0.9582533836364746
