n_obs: 10
data_preparation: 40.50170373916626
writing: 0.20461583137512207
reading: 0.04210662841796875
data_fitting: 2.414179563522339
flux_point: 0.9591901302337646
