n_obs: 10
data_preparation: 43.48803114891052
writing: 0.2944948673248291
reading: 0.0631875991821289
data_fitting: 3.627007007598877
flux_point: 1.0601637363433838
