n_obs: 10
data_preparation: 51.050819396972656
writing: 0.2713940143585205
reading: 0.06173443794250488
data_fitting: 4.182337522506714
flux_point: 1.468801498413086
