n_obs: 10
data_preparation: 44.65877676010132
writing: 0.20725607872009277
reading: 0.04617452621459961
data_fitting: 3.1099624633789062
flux_point: 0.8717496395111084
