n_obs: 10
data_preparation: 15.693377494812012
writing: 0.3090078830718994
reading: 0.041678428649902344
data_fitting: 2.0804359912872314
flux_point: 0.6375353336334229
