n_obs: 10
data_preparation: 16.0778169631958
writing: 0.45345187187194824
reading: 0.06675314903259277
data_fitting: 1.94480562210083
flux_point: 0.8276832103729248
