n_obs: 10
data_preparation: 14.2465980052948
writing: 0.30880308151245117
reading: 0.0582585334777832
data_fitting: 1.758967399597168
flux_point: 0.7954978942871094
