n_obs: 10
data_preparation: 14.795379161834717
writing: 0.1421833038330078
reading: 0.06642746925354004
data_fitting: 2.8765010833740234
flux_point: 0.8531191349029541
