n_obs: 10
data_preparation: 40.99269509315491
writing: 0.17458415031433105
reading: 0.20284557342529297
data_fitting: 2.729963779449463
flux_point: 2.1653735637664795
