n_obs: 10
data_preparation: 45.364691734313965
writing: 0.20935368537902832
reading: 0.043276309967041016
data_fitting: 2.8029732704162598
flux_point: 1.0567233562469482
