n_obs: 10
data_preparation: 42.248477935791016
writing: 0.18854570388793945
reading: 0.21134185791015625
data_fitting: 2.9032766819000244
flux_point: 2.3267297744750977
