n_obs: 10
data_preparation: 14.266889810562134
writing: 0.36466479301452637
reading: 0.06105208396911621
data_fitting: 1.8170690536499023
flux_point: 0.7994885444641113
