n_obs: 10
data_preparation: 41.44631004333496
writing: 0.19423818588256836
reading: 0.04574131965637207
data_fitting: 2.731989860534668
flux_point: 0.9857256412506104
