n_obs: 10
data_preparation: 41.40795397758484
writing: 0.13194799423217773
reading: 0.06043410301208496
data_fitting: 2.5023677349090576
flux_point: 1.378154993057251
