n_obs: 10
data_preparation: 47.41240859031677
writing: 0.29343676567077637
reading: 0.05772805213928223
data_fitting: 3.6388096809387207
flux_point: 1.073009729385376
