n_obs: 10
data_preparation: 26.747983932495117
writing: 0.20929169654846191
reading: 0.044183969497680664
data_fitting: 2.7889809608459473
flux_point: 0.7946462631225586
