n_obs: 10
data_preparation: 42.66010069847107
writing: 0.1514887809753418
reading: 0.11238312721252441
data_fitting: 2.1905288696289062
flux_point: 1.035902976989746
