n_obs: 10
data_preparation: 14.572317600250244
writing: 0.14599609375
reading: 0.062340736389160156
data_fitting: 2.739956855773926
flux_point: 0.8145253658294678
