n_obs: 10
data_preparation: 42.231287240982056
writing: 0.15629839897155762
reading: 0.12259483337402344
data_fitting: 6.105218410491943
flux_point: 4.269301652908325
