n_obs: 10
data_preparation: 13.88795804977417
writing: 0.35603785514831543
reading: 0.057565927505493164
data_fitting: 1.7285621166229248
flux_point: 0.7760205268859863
