n_obs: 10
data_preparation: 40.33487105369568
writing: 0.18998312950134277
reading: 0.04448080062866211
data_fitting: 2.627509593963623
flux_point: 0.9799420833587646
