n_obs: 10
data_preparation: 14.817572832107544
writing: 0.4028778076171875
reading: 0.0606839656829834
data_fitting: 1.9987328052520752
flux_point: 0.8190557956695557
