n_obs: 10
data_preparation: 38.555259227752686
writing: 0.1891477108001709
reading: 0.0437321662902832
data_fitting: 2.7589597702026367
flux_point: 0.975243330001831
