n_obs: 10
data_preparation: 13.133564233779907
writing: 0.12619757652282715
reading: 0.060121774673461914
data_fitting: 2.8882827758789062
flux_point: 0.7427358627319336
