n_obs: 10
data_preparation: 13.972354650497437
writing: 0.3680543899536133
reading: 0.05867743492126465
data_fitting: 1.8143601417541504
flux_point: 0.8525285720825195
