n_obs: 10
data_preparation: 14.461679458618164
writing: 0.1405506134033203
reading: 0.0628514289855957
data_fitting: 2.736856460571289
flux_point: 0.8144023418426514
