n_obs: 10
data_preparation: 14.61464786529541
writing: 0.4124271869659424
reading: 0.06034255027770996
data_fitting: 1.831803798675537
flux_point: 0.8253755569458008
