n_obs: 10
data_preparation: 14.284260988235474
writing: 0.36939501762390137
reading: 0.05808091163635254
data_fitting: 1.7739202976226807
flux_point: 0.7825305461883545
