n_obs: 10
data_preparation: 15.294546127319336
writing: 0.37071704864501953
reading: 0.03365302085876465
data_fitting: 1.907155990600586
flux_point: 0.6029274463653564
