n_obs: 10
data_preparation: 42.444655418395996
writing: 0.22587847709655762
reading: 0.05204939842224121
data_fitting: 5.630417108535767
flux_point: 1.2446064949035645
