n_obs: 10
data_preparation: 50.50480842590332
writing: 0.1867845058441162
reading: 0.07373642921447754
data_fitting: 2.956928014755249
flux_point: 2.1966216564178467
