n_obs: 10
data_preparation: 36.45528864860535
writing: 0.1684722900390625
reading: 0.03953838348388672
data_fitting: 2.6201796531677246
flux_point: 0.9112741947174072
