n_obs: 10
data_preparation: 16.816452741622925
writing: 0.36711812019348145
reading: 0.034193992614746094
data_fitting: 1.936910629272461
flux_point: 0.6119110584259033
