n_obs: 10
data_preparation: 14.961627721786499
writing: 0.14337635040283203
reading: 0.06532073020935059
data_fitting: 2.9020800590515137
flux_point: 0.8554644584655762
