n_obs: 10
data_preparation: 46.64719843864441
writing: 0.260636568069458
reading: 0.0643620491027832
data_fitting: 4.2054455280303955
flux_point: 1.399994134902954
