n_obs: 10
data_preparation: 40.27820873260498
writing: 0.19358611106872559
reading: 0.044881582260131836
data_fitting: 2.8979055881500244
flux_point: 1.0303564071655273
