n_obs: 10
data_preparation: 42.42584228515625
writing: 0.21247458457946777
reading: 0.04761552810668945
data_fitting: 3.0565381050109863
flux_point: 0.7947416305541992
