n_obs: 10
data_preparation: 40.08165717124939
writing: 0.33044934272766113
reading: 0.07416462898254395
data_fitting: 4.26034688949585
flux_point: 1.2416491508483887
