n_obs: 10
data_preparation: 47.64971423149109
writing: 0.2989161014556885
reading: 0.06680655479431152
data_fitting: 3.8839292526245117
flux_point: 1.0986216068267822
