n_obs: 10
data_preparation: 46.74569392204285
writing: 0.22001862525939941
reading: 0.05396699905395508
data_fitting: 2.9069929122924805
flux_point: 1.2348361015319824
