n_obs: 10
data_preparation: 41.16350340843201
writing: 0.23394513130187988
reading: 0.05427265167236328
data_fitting: 3.485503673553467
flux_point: 1.2724549770355225
