n_obs: 10
data_preparation: 14.725056409835815
writing: 0.14386963844299316
reading: 0.06241655349731445
data_fitting: 2.7631335258483887
flux_point: 0.817054271697998
