n_obs: 10
data_preparation: 43.576826333999634
writing: 0.23242425918579102
reading: 0.054192304611206055
data_fitting: 3.4129929542541504
flux_point: 1.177274465560913
