n_obs: 10
data_preparation: 54.448960304260254
writing: 0.29295825958251953
reading: 0.093017578125
data_fitting: 3.684016227722168
flux_point: 2.1320841312408447
