n_obs: 10
data_preparation: 14.65454888343811
writing: 0.3920586109161377
reading: 0.06202244758605957
data_fitting: 2.710907220840454
flux_point: 0.8290042877197266
