n_obs: 10
data_preparation: 16.31698226928711
writing: 0.18148303031921387
reading: 0.12438297271728516
data_fitting: 3.9784443378448486
flux_point: 2.4842562675476074
