n_obs: 10
data_preparation: 14.931535005569458
writing: 0.4280228614807129
reading: 0.06340479850769043
data_fitting: 2.8467719554901123
flux_point: 0.8802833557128906
