n_obs: 10
data_preparation: 44.345338582992554
writing: 0.1908724308013916
reading: 0.049677371978759766
data_fitting: 3.0941290855407715
flux_point: 2.2907989025115967
