n_obs: 10
data_preparation: 15.280264377593994
writing: 0.4029662609100342
reading: 0.03233504295349121
data_fitting: 1.977590560913086
flux_point: 0.5721676349639893
