n_obs: 10
data_preparation: 13.718332529067993
writing: 0.14553236961364746
reading: 0.06690740585327148
data_fitting: 3.496464967727661
flux_point: 0.8076188564300537
