n_obs: 10
data_preparation: 34.39997673034668
writing: 0.19597554206848145
reading: 0.04473447799682617
data_fitting: 2.8270602226257324
flux_point: 1.0048186779022217
