n_obs: 10
data_preparation: 15.207805395126343
writing: 0.3883352279663086
reading: 0.061191558837890625
data_fitting: 1.855126142501831
flux_point: 0.809300422668457
