n_obs: 10
data_preparation: 13.807394027709961
writing: 0.1330726146697998
reading: 0.10151076316833496
data_fitting: 2.909473419189453
flux_point: 1.8293125629425049
