n_obs: 10
data_preparation: 13.321273803710938
writing: 0.12988018989562988
reading: 0.0620112419128418
data_fitting: 3.094722032546997
flux_point: 0.7871613502502441
