n_obs: 10
data_preparation: 35.41765475273132
writing: 0.19214701652526855
reading: 0.04399609565734863
data_fitting: 2.834257125854492
flux_point: 1.0076360702514648
