n_obs: 10
data_preparation: 39.417510986328125
writing: 0.19668245315551758
reading: 0.045406341552734375
data_fitting: 2.9464523792266846
flux_point: 1.0355007648468018
