n_obs: 10
data_preparation: 14.466544389724731
writing: 0.38048672676086426
reading: 0.06134200096130371
data_fitting: 2.7273828983306885
flux_point: 0.8143727779388428
