n_obs: 10
data_preparation: 14.653697729110718
writing: 0.3569941520690918
reading: 0.03665041923522949
data_fitting: 2.005617141723633
flux_point: 0.5809817314147949
