n_obs: 10
data_preparation: 14.942070484161377
writing: 0.3841848373413086
reading: 0.06228184700012207
data_fitting: 1.810455083847046
flux_point: 0.8179094791412354
