n_obs: 10
data_preparation: 52.39521288871765
writing: 0.20258855819702148
reading: 0.16042184829711914
data_fitting: 3.183122396469116
flux_point: 1.5151314735412598
