n_obs: 10
data_preparation: 13.163382530212402
writing: 0.13475394248962402
reading: 0.06204938888549805
data_fitting: 3.2407593727111816
flux_point: 0.7717888355255127
