n_obs: 10
data_preparation: 14.642469644546509
writing: 0.4075946807861328
reading: 0.059595346450805664
data_fitting: 1.7730209827423096
flux_point: 0.8020884990692139
