n_obs: 10
data_preparation: 15.61716628074646
writing: 0.16360878944396973
reading: 0.11695027351379395
data_fitting: 3.5139100551605225
flux_point: 2.236727237701416
