n_obs: 10
data_preparation: 14.668944597244263
writing: 0.2982137203216553
reading: 0.039243221282958984
data_fitting: 1.9889535903930664
flux_point: 0.6248388290405273
