n_obs: 10
data_preparation: 48.922823667526245
writing: 0.29091930389404297
reading: 0.060453176498413086
data_fitting: 3.286820888519287
flux_point: 0.9089770317077637
