n_obs: 10
data_preparation: 43.96594595909119
writing: 0.14673209190368652
reading: 0.05664467811584473
data_fitting: 2.386171340942383
flux_point: 1.5048880577087402
