n_obs: 10
data_preparation: 15.072779417037964
writing: 0.31276774406433105
reading: 0.059977054595947266
data_fitting: 1.9574551582336426
flux_point: 0.8316943645477295
