n_obs: 10
data_preparation: 14.466212511062622
writing: 0.3801233768463135
reading: 0.060639381408691406
data_fitting: 2.672335386276245
flux_point: 0.8121902942657471
