n_obs: 10
data_preparation: 16.259726762771606
writing: 0.40111279487609863
reading: 0.06296348571777344
data_fitting: 1.6963043212890625
flux_point: 0.8027889728546143
