n_obs: 10
data_preparation: 49.78253626823425
writing: 0.27630162239074707
reading: 0.06646299362182617
data_fitting: 6.62247896194458
flux_point: 1.4839677810668945
