n_obs: 10
data_preparation: 14.761594772338867
writing: 0.14771318435668945
reading: 0.0646371841430664
data_fitting: 2.8002078533172607
flux_point: 0.8267061710357666
