n_obs: 10
data_preparation: 14.083767414093018
writing: 0.37836337089538574
reading: 0.05857133865356445
data_fitting: 1.7630913257598877
flux_point: 0.7904255390167236
