n_obs: 10
data_preparation: 14.863475561141968
writing: 0.4267239570617676
reading: 0.061858177185058594
data_fitting: 1.796112298965454
flux_point: 0.8046538829803467
