n_obs: 10
data_preparation: 13.554136991500854
writing: 0.13479042053222656
reading: 0.06728577613830566
data_fitting: 3.4710066318511963
flux_point: 0.8176474571228027
