n_obs: 10
data_preparation: 13.165606021881104
writing: 0.13100242614746094
reading: 0.06240415573120117
data_fitting: 3.0698437690734863
flux_point: 0.7757568359375
