n_obs: 10
data_preparation: 14.650335311889648
writing: 0.4092891216278076
reading: 0.061072587966918945
data_fitting: 2.699706792831421
flux_point: 0.8252770900726318
