n_obs: 10
data_preparation: 45.51681184768677
writing: 0.295490026473999
reading: 0.0646820068359375
data_fitting: 3.614133834838867
flux_point: 1.1013147830963135
