n_obs: 10
data_preparation: 50.45445728302002
writing: 0.17516255378723145
reading: 0.1355421543121338
data_fitting: 3.7638418674468994
flux_point: 2.5408434867858887
