n_obs: 10
data_preparation: 41.098159074783325
writing: 0.17294001579284668
reading: 0.20106124877929688
data_fitting: 2.8131444454193115
flux_point: 2.06752610206604
