n_obs: 10
data_preparation: 41.67506456375122
writing: 0.17283892631530762
reading: 0.20180916786193848
data_fitting: 2.771496057510376
flux_point: 2.205825090408325
