n_obs: 10
data_preparation: 13.34445571899414
writing: 0.13553428649902344
reading: 0.06431174278259277
data_fitting: 3.2296252250671387
flux_point: 0.8031697273254395
