n_obs: 10
data_preparation: 15.405924081802368
writing: 0.1487104892730713
reading: 0.06608176231384277
data_fitting: 2.979499101638794
flux_point: 0.8511297702789307
