n_obs: 10
data_preparation: 14.950498580932617
writing: 0.4203944206237793
reading: 0.06101417541503906
data_fitting: 2.6990315914154053
flux_point: 0.8229200839996338
