n_obs: 10
data_preparation: 42.565853118896484
writing: 0.2102494239807129
reading: 0.04889845848083496
data_fitting: 3.0451266765594482
flux_point: 0.8184435367584229
