n_obs: 10
data_preparation: 45.209506034851074
writing: 0.2090449333190918
reading: 0.04355812072753906
data_fitting: 2.7342581748962402
flux_point: 1.0200023651123047
