n_obs: 10
data_preparation: 14.52370309829712
writing: 0.14625906944274902
reading: 0.06351017951965332
data_fitting: 2.761613607406616
flux_point: 0.8163888454437256
