n_obs: 10
data_preparation: 15.864407539367676
writing: 0.16682982444763184
reading: 0.12589240074157715
data_fitting: 3.836961507797241
flux_point: 2.575221061706543
