n_obs: 10
data_preparation: 14.590523719787598
writing: 0.31429243087768555
reading: 0.0368647575378418
data_fitting: 2.1906282901763916
flux_point: 0.5949678421020508
