n_obs: 10
data_preparation: 33.46858191490173
writing: 0.2056436538696289
reading: 0.04080986976623535
data_fitting: 2.193721055984497
flux_point: 0.7831659317016602
