n_obs: 10
data_preparation: 37.74099612236023
writing: 0.19791913032531738
reading: 0.045778512954711914
data_fitting: 2.7313826084136963
flux_point: 0.7505013942718506
