n_obs: 10
data_preparation: 14.185028076171875
writing: 0.3565104007720947
reading: 0.05756115913391113
data_fitting: 1.7129435539245605
flux_point: 0.772700309753418
