n_obs: 10
data_preparation: 15.00777554512024
writing: 0.1493077278137207
reading: 0.0649261474609375
data_fitting: 2.8536858558654785
flux_point: 0.8535792827606201
