n_obs: 10
data_preparation: 42.31672549247742
writing: 0.23502445220947266
reading: 0.051137447357177734
data_fitting: 4.535740375518799
flux_point: 1.1661906242370605
