n_obs: 10
data_preparation: 13.30099892616272
writing: 0.1343061923980713
reading: 0.060503244400024414
data_fitting: 3.250612497329712
flux_point: 0.7660787105560303
