n_obs: 10
data_preparation: 30.77194857597351
writing: 0.22103095054626465
reading: 0.050436973571777344
data_fitting: 2.810835838317871
flux_point: 0.8728153705596924
