n_obs: 10
data_preparation: 44.62518763542175
writing: 0.24001693725585938
reading: 0.053786516189575195
data_fitting: 3.3276278972625732
flux_point: 0.8947310447692871
