n_obs: 10
data_preparation: 14.055883407592773
writing: 0.3679518699645996
reading: 0.03869223594665527
data_fitting: 1.7718086242675781
flux_point: 0.6218576431274414
