n_obs: 10
data_preparation: 15.217580080032349
writing: 0.1424405574798584
reading: 0.06417965888977051
data_fitting: 2.8882360458374023
flux_point: 0.8071403503417969
