n_obs: 10
data_preparation: 42.657039642333984
writing: 0.1946871280670166
reading: 0.043081045150756836
data_fitting: 2.8507683277130127
flux_point: 1.010754108428955
