n_obs: 10
data_preparation: 14.554013967514038
writing: 0.39719462394714355
reading: 0.061212778091430664
data_fitting: 1.6937854290008545
flux_point: 0.7847177982330322
