n_obs: 10
data_preparation: 39.85552358627319
writing: 0.13041448593139648
reading: 0.10700106620788574
data_fitting: 4.909409523010254
flux_point: 3.5145864486694336
