n_obs: 10
data_preparation: 34.17819786071777
writing: 0.2039637565612793
reading: 0.04088592529296875
data_fitting: 2.220254898071289
flux_point: 0.785754919052124
