n_obs: 10
data_preparation: 13.918675422668457
writing: 0.1354820728302002
reading: 0.062436819076538086
data_fitting: 3.357215404510498
flux_point: 0.7886228561401367
