n_obs: 10
data_preparation: 15.03154444694519
writing: 0.42847752571105957
reading: 0.06276488304138184
data_fitting: 2.7886338233947754
flux_point: 0.8411393165588379
