n_obs: 10
data_preparation: 14.211225032806396
writing: 0.367764949798584
reading: 0.05772757530212402
data_fitting: 1.7340373992919922
flux_point: 0.784771203994751
