n_obs: 10
data_preparation: 14.450581073760986
writing: 0.3073742389678955
reading: 0.05828523635864258
data_fitting: 1.747305154800415
flux_point: 0.7782235145568848
