n_obs: 10
data_preparation: 14.734286308288574
writing: 0.14909601211547852
reading: 0.06330132484436035
data_fitting: 2.737741708755493
flux_point: 0.813849687576294
