n_obs: 10
data_preparation: 41.61617827415466
writing: 0.1903245449066162
reading: 0.04347872734069824
data_fitting: 2.6490936279296875
flux_point: 0.9818284511566162
