n_obs: 10
data_preparation: 41.492037773132324
writing: 0.22825908660888672
reading: 0.05159163475036621
data_fitting: 3.0703113079071045
flux_point: 0.874983549118042
