n_obs: 10
data_preparation: 50.329773902893066
writing: 0.18049097061157227
reading: 0.05628561973571777
data_fitting: 2.948316812515259
flux_point: 1.5487866401672363
