n_obs: 10
data_preparation: 44.11336421966553
writing: 0.23055648803710938
reading: 0.05233168601989746
data_fitting: 3.0326662063598633
flux_point: 0.922088623046875
