n_obs: 10
data_preparation: 12.937228918075562
writing: 0.12667632102966309
reading: 0.0635828971862793
data_fitting: 3.0100550651550293
flux_point: 0.7668983936309814
