n_obs: 10
data_preparation: 43.10614371299744
writing: 0.15862417221069336
reading: 0.11390495300292969
data_fitting: 2.4022200107574463
flux_point: 1.061161756515503
