n_obs: 10
data_preparation: 40.13370871543884
writing: 0.3106229305267334
reading: 0.06464767456054688
data_fitting: 3.821821451187134
flux_point: 1.215989589691162
