n_obs: 10
data_preparation: 14.717315435409546
writing: 0.3746013641357422
reading: 0.06092262268066406
data_fitting: 1.8442878723144531
flux_point: 0.8089821338653564
