n_obs: 10
data_preparation: 44.92368221282959
writing: 0.24062871932983398
reading: 0.05426764488220215
data_fitting: 3.0499300956726074
flux_point: 0.8542563915252686
