n_obs: 10
data_preparation: 14.997147560119629
writing: 0.14478135108947754
reading: 0.0630178451538086
data_fitting: 2.930312156677246
flux_point: 0.8175194263458252
