n_obs: 10
data_preparation: 49.622050762176514
writing: 0.25832509994506836
reading: 0.057929277420043945
data_fitting: 3.2765376567840576
flux_point: 1.4154467582702637
