n_obs: 10
data_preparation: 14.39428186416626
writing: 0.3876628875732422
reading: 0.06071639060974121
data_fitting: 1.905487060546875
flux_point: 0.8049499988555908
