n_obs: 10
data_preparation: 53.95647192001343
writing: 0.28226423263549805
reading: 0.06572318077087402
data_fitting: 4.436766862869263
flux_point: 1.56184983253479
