n_obs: 10
data_preparation: 14.070249080657959
writing: 0.35886049270629883
reading: 0.057324886322021484
data_fitting: 1.7771599292755127
flux_point: 0.8428058624267578
