n_obs: 10
data_preparation: 50.32506012916565
writing: 0.25809550285339355
reading: 0.06338381767272949
data_fitting: 6.566930770874023
flux_point: 1.4470596313476562
