n_obs: 10
data_preparation: 13.968565225601196
writing: 0.3531363010406494
reading: 0.05916738510131836
data_fitting: 1.7681570053100586
flux_point: 0.7988653182983398
