n_obs: 10
data_preparation: 14.733227729797363
writing: 0.3113062381744385
reading: 0.058908939361572266
data_fitting: 1.806269884109497
flux_point: 0.8592841625213623
