n_obs: 10
data_preparation: 45.28226590156555
writing: 0.2764880657196045
reading: 0.056070566177368164
data_fitting: 3.410399913787842
flux_point: 1.0523808002471924
