n_obs: 10
data_preparation: 13.958914279937744
writing: 0.28756189346313477
reading: 0.036925315856933594
data_fitting: 1.9017527103424072
flux_point: 0.6021699905395508
