n_obs: 10
data_preparation: 45.690980672836304
writing: 0.22484874725341797
reading: 0.052602529525756836
data_fitting: 3.4405219554901123
flux_point: 1.2138667106628418
