n_obs: 10
data_preparation: 15.783842086791992
writing: 0.30486488342285156
reading: 0.0576474666595459
data_fitting: 1.7632734775543213
flux_point: 0.7973601818084717
