n_obs: 10
data_preparation: 32.24341344833374
writing: 0.1906876564025879
reading: 0.04331326484680176
data_fitting: 2.5637669563293457
flux_point: 0.9581120014190674
