n_obs: 10
data_preparation: 14.047963619232178
writing: 0.3594930171966553
reading: 0.05756235122680664
data_fitting: 1.7960212230682373
flux_point: 0.8087100982666016
