n_obs: 10
data_preparation: 15.06148386001587
writing: 0.17583274841308594
reading: 0.10991930961608887
data_fitting: 3.658665895462036
flux_point: 2.4422502517700195
