n_obs: 10
data_preparation: 29.112144947052002
writing: 0.21410632133483887
reading: 0.04577207565307617
data_fitting: 2.7758634090423584
flux_point: 0.8110804557800293
