n_obs: 10
data_preparation: 14.477809429168701
writing: 0.29581379890441895
reading: 0.04055523872375488
data_fitting: 1.9920120239257812
flux_point: 0.618211030960083
