n_obs: 10
data_preparation: 38.46074843406677
writing: 0.19247841835021973
reading: 0.043900251388549805
data_fitting: 2.6923725605010986
flux_point: 0.9847683906555176
