n_obs: 10
data_preparation: 52.17370343208313
writing: 0.23706364631652832
reading: 0.28482508659362793
data_fitting: 4.076236248016357
flux_point: 3.0220870971679688
