n_obs: 10
data_preparation: 34.577754735946655
writing: 0.25962042808532715
reading: 0.05541634559631348
data_fitting: 3.450727939605713
flux_point: 1.0190997123718262
