n_obs: 10
data_preparation: 44.18243074417114
writing: 0.24100828170776367
reading: 0.05492877960205078
data_fitting: 3.439640998840332
flux_point: 3.039153575897217
