n_obs: 10
data_preparation: 15.619880676269531
writing: 0.15116286277770996
reading: 0.06431078910827637
data_fitting: 2.782893419265747
flux_point: 0.8273088932037354
