n_obs: 10
data_preparation: 12.738080501556396
writing: 0.1232755184173584
reading: 0.054532527923583984
data_fitting: 2.7909247875213623
flux_point: 0.7008540630340576
