n_obs: 10
data_preparation: 38.9903621673584
writing: 0.17330384254455566
reading: 0.04468727111816406
data_fitting: 2.719860553741455
flux_point: 2.326209783554077
