n_obs: 10
data_preparation: 14.790939569473267
writing: 0.14695215225219727
reading: 0.0632333755493164
data_fitting: 2.7567687034606934
flux_point: 0.8199272155761719
