n_obs: 10
data_preparation: 14.662426948547363
writing: 0.4087717533111572
reading: 0.058733224868774414
data_fitting: 1.7418231964111328
flux_point: 0.7952799797058105
