n_obs: 10
data_preparation: 14.616339206695557
writing: 0.1462547779083252
reading: 0.06188678741455078
data_fitting: 2.7376604080200195
flux_point: 0.8135442733764648
