n_obs: 10
data_preparation: 14.492431402206421
writing: 0.39990782737731934
reading: 0.05776715278625488
data_fitting: 1.7184545993804932
flux_point: 0.7830584049224854
