n_obs: 10
data_preparation: 14.232247829437256
writing: 0.36026549339294434
reading: 0.05773353576660156
data_fitting: 1.7339301109313965
flux_point: 0.7850217819213867
