n_obs: 10
data_preparation: 13.743122339248657
writing: 0.15213441848754883
reading: 0.06478428840637207
data_fitting: 3.28227162361145
flux_point: 0.8139898777008057
