n_obs: 10
data_preparation: 47.59644269943237
writing: 0.2541077136993408
reading: 0.055716753005981445
data_fitting: 6.3117077350616455
flux_point: 1.4465763568878174
