n_obs: 10
data_preparation: 35.1032075881958
writing: 0.20561885833740234
reading: 0.040894269943237305
data_fitting: 2.275819778442383
flux_point: 0.7818667888641357
