n_obs: 10
data_preparation: 14.377764701843262
writing: 0.30617642402648926
reading: 0.0582122802734375
data_fitting: 1.8317060470581055
flux_point: 0.7915334701538086
