n_obs: 10
data_preparation: 14.399049520492554
writing: 0.40386128425598145
reading: 0.029995441436767578
data_fitting: 1.7570383548736572
flux_point: 0.5530173778533936
