n_obs: 10
data_preparation: 14.806791543960571
writing: 0.36296820640563965
reading: 0.035353660583496094
data_fitting: 1.916081190109253
flux_point: 0.6098816394805908
