n_obs: 10
data_preparation: 14.630529165267944
writing: 0.35550546646118164
reading: 0.04051995277404785
data_fitting: 2.0008890628814697
flux_point: 0.5897228717803955
