n_obs: 10
data_preparation: 14.432365894317627
writing: 0.3104071617126465
reading: 0.07239222526550293
data_fitting: 1.9109625816345215
flux_point: 0.8435630798339844
