n_obs: 10
data_preparation: 31.968846559524536
writing: 0.18999624252319336
reading: 0.04071664810180664
data_fitting: 2.5258607864379883
flux_point: 0.9188759326934814
