n_obs: 10
data_preparation: 15.209697723388672
writing: 0.14792513847351074
reading: 0.0682823657989502
data_fitting: 2.8991410732269287
flux_point: 0.8581140041351318
