n_obs: 10
data_preparation: 33.60110878944397
writing: 0.19075632095336914
reading: 0.04319000244140625
data_fitting: 2.576899528503418
flux_point: 0.9575691223144531
