n_obs: 10
data_preparation: 40.02723503112793
writing: 0.2209944725036621
reading: 0.05133366584777832
data_fitting: 5.1674253940582275
flux_point: 1.1305468082427979
