n_obs: 10
data_preparation: 45.95625710487366
writing: 0.2550177574157715
reading: 0.058654069900512695
data_fitting: 6.421977281570435
flux_point: 1.358292579650879
