n_obs: 10
data_preparation: 29.279508113861084
writing: 0.2032151222229004
reading: 0.04210233688354492
data_fitting: 2.5661568641662598
flux_point: 0.8134257793426514
