n_obs: 10
data_preparation: 42.76898741722107
writing: 0.16133928298950195
reading: 0.06709599494934082
data_fitting: 2.619358777999878
flux_point: 1.7887868881225586
