n_obs: 10
data_preparation: 29.246426105499268
writing: 0.2094738483428955
reading: 0.044808149337768555
data_fitting: 2.6607754230499268
flux_point: 0.7899277210235596
