n_obs: 10
data_preparation: 14.817879676818848
writing: 0.3012566566467285
reading: 0.03721117973327637
data_fitting: 2.0336337089538574
flux_point: 0.5930709838867188
