n_obs: 10
data_preparation: 14.945083856582642
writing: 0.14803266525268555
reading: 0.06431126594543457
data_fitting: 2.891820192337036
flux_point: 0.8103070259094238
