n_obs: 10
data_preparation: 43.034539222717285
writing: 0.22411847114562988
reading: 0.05167412757873535
data_fitting: 3.4463419914245605
flux_point: 1.1559057235717773
