n_obs: 10
data_preparation: 39.14465379714966
writing: 0.1896202564239502
reading: 0.04352998733520508
data_fitting: 2.66849684715271
flux_point: 0.9810750484466553
