n_obs: 10
data_preparation: 13.235178470611572
writing: 0.12983226776123047
reading: 0.06247067451477051
data_fitting: 3.1959683895111084
flux_point: 0.8343446254730225
