n_obs: 10
data_preparation: 34.75360321998596
writing: 0.20564603805541992
reading: 0.04070901870727539
data_fitting: 2.2532002925872803
flux_point: 0.7781956195831299
