n_obs: 10
data_preparation: 14.554165363311768
writing: 0.14578890800476074
reading: 0.06208395957946777
data_fitting: 2.701227903366089
flux_point: 0.805389404296875
