n_obs: 10
data_preparation: 14.600833892822266
writing: 0.3664674758911133
reading: 0.05944085121154785
data_fitting: 1.7391481399536133
flux_point: 0.8286464214324951
