n_obs: 10
data_preparation: 45.045482873916626
writing: 0.16029810905456543
reading: 0.07118678092956543
data_fitting: 2.633060932159424
flux_point: 1.8954071998596191
