n_obs: 10
data_preparation: 14.650409698486328
writing: 0.37595438957214355
reading: 0.030534029006958008
data_fitting: 1.7794060707092285
flux_point: 0.5661618709564209
