n_obs: 10
data_preparation: 49.91876029968262
writing: 0.27741408348083496
reading: 0.06424736976623535
data_fitting: 3.3239879608154297
flux_point: 0.9153530597686768
