n_obs: 10
data_preparation: 14.16697096824646
writing: 0.3514130115509033
reading: 0.05829167366027832
data_fitting: 1.7990472316741943
flux_point: 0.7875368595123291
