n_obs: 10
data_preparation: 42.312455892562866
writing: 0.20415687561035156
reading: 0.04722237586975098
data_fitting: 5.256667375564575
flux_point: 1.1176621913909912
