n_obs: 10
data_preparation: 41.093119859695435
writing: 0.19127655029296875
reading: 0.04458975791931152
data_fitting: 2.7385237216949463
flux_point: 0.7663476467132568
