n_obs: 10
data_preparation: 14.794214248657227
writing: 0.14786338806152344
reading: 0.06293296813964844
data_fitting: 2.7815093994140625
flux_point: 0.8374147415161133
