n_obs: 10
data_preparation: 32.14827919006348
writing: 0.21200776100158691
reading: 0.045934438705444336
data_fitting: 2.6356451511383057
flux_point: 0.8266818523406982
