n_obs: 10
data_preparation: 41.85596013069153
writing: 0.22391390800476074
reading: 0.05015254020690918
data_fitting: 5.353425741195679
flux_point: 1.1930110454559326
