n_obs: 10
data_preparation: 14.786081552505493
writing: 0.3013427257537842
reading: 0.045406341552734375
data_fitting: 2.0527501106262207
flux_point: 0.6515803337097168
