n_obs: 10
data_preparation: 43.616426944732666
writing: 0.23099565505981445
reading: 0.05211806297302246
data_fitting: 3.070286750793457
flux_point: 0.9330201148986816
