n_obs: 10
data_preparation: 42.71383833885193
writing: 0.19532251358032227
reading: 0.22524166107177734
data_fitting: 3.178335428237915
flux_point: 2.462815761566162
