n_obs: 10
data_preparation: 38.32572078704834
writing: 0.18908953666687012
reading: 0.044035911560058594
data_fitting: 2.9923925399780273
flux_point: 1.0104341506958008
