n_obs: 10
data_preparation: 21.276843786239624
writing: 0.14123058319091797
reading: 0.05912613868713379
data_fitting: 2.83341383934021
flux_point: 0.8463015556335449
