n_obs: 10
data_preparation: 44.46385145187378
writing: 0.22339773178100586
reading: 0.0499730110168457
data_fitting: 3.3754208087921143
flux_point: 1.160414695739746
