n_obs: 10
data_preparation: 42.75772166252136
writing: 0.23813629150390625
reading: 0.053908586502075195
data_fitting: 3.388779401779175
flux_point: 0.8987984657287598
