n_obs: 10
data_preparation: 15.034701824188232
writing: 0.3164246082305908
reading: 0.03850674629211426
data_fitting: 2.1850686073303223
flux_point: 0.6450505256652832
