n_obs: 10
data_preparation: 14.564125776290894
writing: 0.29685544967651367
reading: 0.0395510196685791
data_fitting: 2.022582530975342
flux_point: 0.6342282295227051
