n_obs: 10
data_preparation: 14.20009994506836
writing: 0.28095245361328125
reading: 0.03852725028991699
data_fitting: 1.9135832786560059
flux_point: 0.6144766807556152
