n_obs: 10
data_preparation: 43.712517499923706
writing: 0.16193556785583496
reading: 0.06710362434387207
data_fitting: 2.5939629077911377
flux_point: 1.8980724811553955
