n_obs: 10
data_preparation: 23.711448192596436
writing: 0.14435672760009766
reading: 0.06203174591064453
data_fitting: 3.0022127628326416
flux_point: 0.8267264366149902
