n_obs: 10
data_preparation: 39.83383560180664
writing: 0.23183202743530273
reading: 0.05256819725036621
data_fitting: 3.0935895442962646
flux_point: 3.0249316692352295
