n_obs: 10
data_preparation: 14.931527614593506
writing: 0.3681519031524658
reading: 0.03717637062072754
data_fitting: 2.049445629119873
flux_point: 0.5843126773834229
