n_obs: 10
data_preparation: 42.38779807090759
writing: 0.181046724319458
reading: 0.04569745063781738
data_fitting: 2.7455713748931885
flux_point: 2.089616060256958
