n_obs: 10
data_preparation: 14.251350164413452
writing: 0.36446666717529297
reading: 0.06104731559753418
data_fitting: 1.8080127239227295
flux_point: 0.8105134963989258
