n_obs: 10
data_preparation: 14.430109739303589
writing: 0.31361818313598633
reading: 0.06067228317260742
data_fitting: 1.9392879009246826
flux_point: 0.8257830142974854
