n_obs: 10
data_preparation: 43.5535774230957
writing: 0.24498796463012695
reading: 0.05578494071960449
data_fitting: 3.274602174758911
flux_point: 0.9124376773834229
