n_obs: 10
data_preparation: 14.748456954956055
writing: 0.40175342559814453
reading: 0.06520295143127441
data_fitting: 2.803978443145752
flux_point: 0.8463590145111084
