n_obs: 10
data_preparation: 35.49106287956238
writing: 0.20266962051391602
reading: 0.041135311126708984
data_fitting: 2.315633773803711
flux_point: 0.9225666522979736
