n_obs: 10
data_preparation: 44.28122115135193
writing: 0.20068097114562988
reading: 0.05203390121459961
data_fitting: 3.1323513984680176
flux_point: 2.359058141708374
