n_obs: 10
data_preparation: 14.798978805541992
writing: 0.39318084716796875
reading: 0.0635826587677002
data_fitting: 2.7652974128723145
flux_point: 0.8240280151367188
