n_obs: 10
data_preparation: 48.873088359832764
writing: 0.17584776878356934
reading: 0.13244366645812988
data_fitting: 6.8628129959106445
flux_point: 4.327600717544556
