n_obs: 10
data_preparation: 15.67554783821106
writing: 0.3834395408630371
reading: 0.05945301055908203
data_fitting: 1.7852504253387451
flux_point: 0.8259010314941406
