n_obs: 10
data_preparation: 42.14802169799805
writing: 0.2624526023864746
reading: 0.058904170989990234
data_fitting: 5.633157253265381
flux_point: 1.2768115997314453
