n_obs: 10
data_preparation: 13.930785894393921
writing: 0.14372611045837402
reading: 0.06688380241394043
data_fitting: 3.410933256149292
flux_point: 0.8563456535339355
