n_obs: 10
data_preparation: 15.052870035171509
writing: 0.3746979236602783
reading: 0.035149574279785156
data_fitting: 1.9621264934539795
flux_point: 0.6045739650726318
