n_obs: 10
data_preparation: 46.731783628463745
writing: 0.17737865447998047
reading: 0.12045788764953613
data_fitting: 6.556605339050293
flux_point: 4.198044776916504
