n_obs: 10
data_preparation: 40.26762294769287
writing: 0.19308781623840332
reading: 0.043337345123291016
data_fitting: 2.483883857727051
flux_point: 0.7322707176208496
