n_obs: 10
data_preparation: 14.517139196395874
writing: 0.4083445072174072
reading: 0.0597231388092041
data_fitting: 1.748722791671753
flux_point: 0.7910139560699463
