n_obs: 10
data_preparation: 14.726420402526855
writing: 1.4456348419189453
reading: 0.06269335746765137
data_fitting: 2.741872787475586
flux_point: 0.8353941440582275
