n_obs: 10
data_preparation: 14.394407510757446
writing: 0.3724803924560547
reading: 0.059075117111206055
data_fitting: 1.7612168788909912
flux_point: 0.7914872169494629
