n_obs: 10
data_preparation: 29.3499174118042
writing: 0.21162080764770508
reading: 0.044844865798950195
data_fitting: 2.7474563121795654
flux_point: 0.8243014812469482
