n_obs: 10
data_preparation: 50.42465877532959
writing: 0.2675199508666992
reading: 0.05875515937805176
data_fitting: 3.1703920364379883
flux_point: 0.8766231536865234
