n_obs: 10
data_preparation: 12.97615671157837
writing: 0.1271953582763672
reading: 0.06096482276916504
data_fitting: 3.0029489994049072
flux_point: 0.7686426639556885
