n_obs: 10
data_preparation: 45.7999062538147
writing: 0.20842337608337402
reading: 0.0579836368560791
data_fitting: 3.303814172744751
flux_point: 2.471724271774292
