n_obs: 10
data_preparation: 42.54040884971619
writing: 0.23934268951416016
reading: 0.05968928337097168
data_fitting: 5.704867839813232
flux_point: 1.2194633483886719
