n_obs: 10
data_preparation: 14.20506763458252
writing: 0.1341402530670166
reading: 0.0628671646118164
data_fitting: 3.384498357772827
flux_point: 0.8115835189819336
