n_obs: 10
data_preparation: 40.444565296173096
writing: 0.20123052597045898
reading: 0.04189634323120117
data_fitting: 2.287506103515625
flux_point: 0.8125309944152832
