n_obs: 10
data_preparation: 39.05847120285034
writing: 0.19752120971679688
reading: 0.0440671443939209
data_fitting: 3.1007652282714844
flux_point: 0.8370003700256348
