n_obs: 10
data_preparation: 12.945982456207275
writing: 0.13323426246643066
reading: 0.06116747856140137
data_fitting: 3.3002402782440186
flux_point: 0.7730739116668701
