n_obs: 10
data_preparation: 15.276163816452026
writing: 0.32783937454223633
reading: 0.0443270206451416
data_fitting: 2.317425489425659
flux_point: 0.695683479309082
