n_obs: 10
data_preparation: 50.53700137138367
writing: 0.1922740936279297
reading: 0.0802764892578125
data_fitting: 3.0179176330566406
flux_point: 2.2242636680603027
