n_obs: 10
data_preparation: 14.687172174453735
writing: 0.39760684967041016
reading: 0.06183147430419922
data_fitting: 2.6800320148468018
flux_point: 0.815129280090332
