n_obs: 10
data_preparation: 14.668264627456665
writing: 0.40308570861816406
reading: 0.06465649604797363
data_fitting: 2.71419620513916
flux_point: 0.8212602138519287
