n_obs: 10
data_preparation: 16.614465475082397
writing: 0.19218158721923828
reading: 0.1343526840209961
data_fitting: 4.066093683242798
flux_point: 2.6854686737060547
