n_obs: 10
data_preparation: 14.935122966766357
writing: 0.3791964054107666
reading: 0.03536629676818848
data_fitting: 2.0726842880249023
flux_point: 0.6126031875610352
