n_obs: 10
data_preparation: 40.90251970291138
writing: 0.19042396545410156
reading: 0.044188737869262695
data_fitting: 3.1513736248016357
flux_point: 1.0181748867034912
