n_obs: 10
data_preparation: 39.396817445755005
writing: 0.14046978950500488
reading: 0.10028553009033203
data_fitting: 2.6466338634490967
flux_point: 1.8262431621551514
