n_obs: 10
data_preparation: 15.57431173324585
writing: 0.43470001220703125
reading: 0.0657205581665039
data_fitting: 2.0619683265686035
flux_point: 0.872852087020874
