n_obs: 10
data_preparation: 14.589556217193604
writing: 0.145402193069458
reading: 0.06496334075927734
data_fitting: 2.710088014602661
flux_point: 0.8144545555114746
