n_obs: 10
data_preparation: 49.82244277000427
writing: 0.2994558811187744
reading: 0.07015752792358398
data_fitting: 4.010014533996582
flux_point: 1.1241555213928223
