n_obs: 10
data_preparation: 49.174968242645264
writing: 0.2664639949798584
reading: 0.06472635269165039
data_fitting: 4.055045127868652
flux_point: 1.0895040035247803
