n_obs: 10
data_preparation: 25.782076597213745
writing: 0.20646095275878906
reading: 0.04274392127990723
data_fitting: 2.630378007888794
flux_point: 0.7742331027984619
