n_obs: 10
data_preparation: 32.73626494407654
writing: 0.19264602661132812
reading: 0.0412144660949707
data_fitting: 2.548923969268799
flux_point: 0.9280755519866943
