n_obs: 10
data_preparation: 14.178247690200806
writing: 0.3632946014404297
reading: 0.0596005916595459
data_fitting: 1.7831270694732666
flux_point: 0.830613374710083
