n_obs: 10
data_preparation: 14.440780639648438
writing: 0.30402541160583496
reading: 0.0366671085357666
data_fitting: 2.174727201461792
flux_point: 0.591724157333374
