n_obs: 10
data_preparation: 14.641509771347046
writing: 0.3036508560180664
reading: 0.04170536994934082
data_fitting: 2.1325244903564453
flux_point: 0.6366324424743652
