n_obs: 10
data_preparation: 43.4649600982666
writing: 0.17554855346679688
reading: 0.13404273986816406
data_fitting: 3.5194804668426514
flux_point: 2.224341869354248
