n_obs: 10
data_preparation: 41.01525115966797
writing: 0.2287156581878662
reading: 0.05373215675354004
data_fitting: 5.512590169906616
flux_point: 1.1831974983215332
