n_obs: 10
data_preparation: 14.736244678497314
writing: 0.41027402877807617
reading: 0.06282377243041992
data_fitting: 1.817185878753662
flux_point: 0.8172359466552734
