n_obs: 10
data_preparation: 33.01751136779785
writing: 0.1931777000427246
reading: 0.043271780014038086
data_fitting: 2.6734890937805176
flux_point: 0.9554402828216553
