n_obs: 10
data_preparation: 39.478880882263184
writing: 0.20084786415100098
reading: 0.04630565643310547
data_fitting: 4.655035734176636
flux_point: 1.0412929058074951
