n_obs: 10
data_preparation: 14.563812494277954
writing: 0.14437031745910645
reading: 0.061609745025634766
data_fitting: 2.648406744003296
flux_point: 0.8000838756561279
