n_obs: 10
data_preparation: 36.62181043624878
writing: 0.18618440628051758
reading: 0.04368734359741211
data_fitting: 2.5265913009643555
flux_point: 0.7306323051452637
