n_obs: 10
data_preparation: 28.124849557876587
writing: 0.199080228805542
reading: 0.040285587310791016
data_fitting: 2.4306800365448
flux_point: 0.7813045978546143
