n_obs: 10
data_preparation: 13.41464877128601
writing: 0.15183663368225098
reading: 0.06566381454467773
data_fitting: 3.183927536010742
flux_point: 0.804373025894165
