n_obs: 10
data_preparation: 15.275746583938599
writing: 0.3067140579223633
reading: 0.058470726013183594
data_fitting: 1.766904592514038
flux_point: 0.7777056694030762
