n_obs: 10
data_preparation: 18.66595959663391
writing: 0.12277626991271973
reading: 0.05767035484313965
data_fitting: 3.278398275375366
flux_point: 0.8195209503173828
