n_obs: 10
data_preparation: 14.887799739837646
writing: 0.1449565887451172
reading: 0.06428766250610352
data_fitting: 2.8121774196624756
flux_point: 0.8158514499664307
