n_obs: 10
data_preparation: 14.788842678070068
writing: 0.411365270614624
reading: 0.06099677085876465
data_fitting: 1.6967895030975342
flux_point: 0.7852528095245361
