n_obs: 10
data_preparation: 14.603957414627075
writing: 0.4093761444091797
reading: 0.06374382972717285
data_fitting: 1.8127031326293945
flux_point: 0.8050374984741211
