n_obs: 10
data_preparation: 14.363565683364868
writing: 0.3842344284057617
reading: 0.0611424446105957
data_fitting: 2.7060530185699463
flux_point: 0.8217957019805908
