n_obs: 10
data_preparation: 39.84235453605652
writing: 0.14913511276245117
reading: 0.11641383171081543
data_fitting: 3.4474267959594727
flux_point: 2.2539615631103516
