n_obs: 10
data_preparation: 42.2693886756897
writing: 0.19107532501220703
reading: 0.22027087211608887
data_fitting: 3.0594053268432617
flux_point: 2.296607255935669
