n_obs: 10
data_preparation: 14.370207786560059
writing: 0.36058616638183594
reading: 0.05772805213928223
data_fitting: 1.8399229049682617
flux_point: 0.8300793170928955
