n_obs: 10
data_preparation: 44.28248596191406
writing: 0.20039701461791992
reading: 0.11751198768615723
data_fitting: 8.879613637924194
flux_point: 1.8718955516815186
