n_obs: 10
data_preparation: 45.17037010192871
writing: 0.24527549743652344
reading: 0.06004667282104492
data_fitting: 3.826871871948242
flux_point: 1.3372156620025635
