n_obs: 10
data_preparation: 15.69764757156372
writing: 0.41391706466674805
reading: 0.06488490104675293
data_fitting: 1.7563493251800537
flux_point: 0.8087468147277832
