n_obs: 10
data_preparation: 14.73652458190918
writing: 0.41616010665893555
reading: 0.060791015625
data_fitting: 1.773268699645996
flux_point: 0.800419807434082
