n_obs: 10
data_preparation: 44.24907445907593
writing: 0.20906448364257812
reading: 0.2299349308013916
data_fitting: 3.429877758026123
flux_point: 2.754727363586426
