n_obs: 10
data_preparation: 49.05743336677551
writing: 0.18801140785217285
reading: 0.14020061492919922
data_fitting: 3.856827974319458
flux_point: 2.4326813220977783
