n_obs: 10
data_preparation: 49.43000292778015
writing: 0.1718580722808838
reading: 0.12139701843261719
data_fitting: 3.4406445026397705
flux_point: 2.2890188694000244
