n_obs: 10
data_preparation: 14.815471172332764
writing: 0.14669251441955566
reading: 0.0652017593383789
data_fitting: 2.8073716163635254
flux_point: 0.8342790603637695
