n_obs: 10
data_preparation: 49.14297032356262
writing: 0.181746244430542
reading: 0.07825565338134766
data_fitting: 3.436427116394043
flux_point: 2.047358274459839
