n_obs: 10
data_preparation: 32.831172466278076
writing: 0.2115800380706787
reading: 0.04728960990905762
data_fitting: 2.612414598464966
flux_point: 0.7306492328643799
