n_obs: 10
data_preparation: 16.2224862575531
writing: 0.4121830463409424
reading: 0.0653071403503418
data_fitting: 2.934947967529297
flux_point: 0.8597621917724609
