n_obs: 10
data_preparation: 47.02898287773132
writing: 0.21779179573059082
reading: 0.056195735931396484
data_fitting: 3.775805950164795
flux_point: 1.3388314247131348
