n_obs: 10
data_preparation: 14.505040168762207
writing: 0.3075404167175293
reading: 0.05897188186645508
data_fitting: 1.7492618560791016
flux_point: 0.790278434753418
