n_obs: 10
data_preparation: 41.48471260070801
writing: 0.23450970649719238
reading: 0.054816484451293945
data_fitting: 3.524315118789673
flux_point: 1.2271990776062012
