n_obs: 10
data_preparation: 43.064308404922485
writing: 0.24152874946594238
reading: 0.05345869064331055
data_fitting: 3.2350354194641113
flux_point: 0.8861308097839355
