n_obs: 10
data_preparation: 54.616780519485474
writing: 0.29669189453125
reading: 0.09369397163391113
data_fitting: 4.0925092697143555
flux_point: 2.143275737762451
