n_obs: 10
data_preparation: 46.35240817070007
writing: 0.1700892448425293
reading: 0.07754945755004883
data_fitting: 2.666818618774414
flux_point: 1.7620460987091064
