n_obs: 10
data_preparation: 39.37546253204346
writing: 0.1871654987335205
reading: 0.043407440185546875
data_fitting: 2.716649055480957
flux_point: 0.9843430519104004
