n_obs: 10
data_preparation: 45.32965159416199
writing: 0.2539713382720947
reading: 0.05930018424987793
data_fitting: 3.8770079612731934
flux_point: 1.3113329410552979
