n_obs: 10
data_preparation: 51.25703191757202
writing: 0.2784290313720703
reading: 0.06828927993774414
data_fitting: 6.8883562088012695
flux_point: 1.5667846202850342
