n_obs: 10
data_preparation: 45.24281120300293
writing: 0.19684052467346191
reading: 0.2320406436920166
data_fitting: 3.3284339904785156
flux_point: 2.603029727935791
