n_obs: 10
data_preparation: 46.08635902404785
writing: 0.2503657341003418
reading: 0.056952476501464844
data_fitting: 3.586805582046509
flux_point: 0.9588994979858398
