n_obs: 10
data_preparation: 24.35114312171936
writing: 0.20382308959960938
reading: 0.040319204330444336
data_fitting: 2.38698673248291
flux_point: 0.7611191272735596
