n_obs: 10
data_preparation: 14.715084314346313
writing: 0.1451873779296875
reading: 0.06422019004821777
data_fitting: 2.7928147315979004
flux_point: 0.8270795345306396
