n_obs: 10
data_preparation: 32.7273588180542
writing: 0.23381280899047852
reading: 0.04820752143859863
data_fitting: 2.9584052562713623
flux_point: 0.9385828971862793
