n_obs: 10
data_preparation: 30.596845865249634
writing: 0.20760560035705566
reading: 0.044564247131347656
data_fitting: 2.77478289604187
flux_point: 0.7966339588165283
