n_obs: 10
data_preparation: 14.691751718521118
writing: 0.4257667064666748
reading: 0.06016969680786133
data_fitting: 1.8299214839935303
flux_point: 0.8108677864074707
