n_obs: 10
data_preparation: 38.85714244842529
writing: 0.18644118309020996
reading: 0.04303383827209473
data_fitting: 2.6258511543273926
flux_point: 0.9804558753967285
