n_obs: 10
data_preparation: 40.057060956954956
writing: 0.20214557647705078
reading: 0.04192757606506348
data_fitting: 2.336005210876465
flux_point: 0.822091817855835
