n_obs: 10
data_preparation: 13.116634607315063
writing: 0.12740111351013184
reading: 0.062211036682128906
data_fitting: 3.0245134830474854
flux_point: 0.7651998996734619
