n_obs: 10
data_preparation: 56.71900153160095
writing: 0.31813573837280273
reading: 0.0682978630065918
data_fitting: 4.456519365310669
flux_point: 1.5673046112060547
