n_obs: 10
data_preparation: 42.47889280319214
writing: 0.14178752899169922
reading: 0.05846691131591797
data_fitting: 2.297342538833618
flux_point: 1.7428863048553467
