n_obs: 10
data_preparation: 16.748843908309937
writing: 0.5600099563598633
reading: 0.33066606521606445
data_fitting: 3.406888961791992
flux_point: 1.5537457466125488
