n_obs: 10
data_preparation: 15.005907773971558
writing: 0.35326695442199707
reading: 0.03678750991821289
data_fitting: 2.0236222743988037
flux_point: 0.5906314849853516
