n_obs: 10
data_preparation: 15.779903173446655
writing: 0.1630873680114746
reading: 0.1189885139465332
data_fitting: 3.6248433589935303
flux_point: 2.2520580291748047
