n_obs: 10
data_preparation: 43.990317821502686
writing: 0.2206406593322754
reading: 0.055484771728515625
data_fitting: 3.5506038665771484
flux_point: 1.2670269012451172
