n_obs: 10
data_preparation: 44.21568012237549
writing: 0.1570136547088623
reading: 0.11957740783691406
data_fitting: 2.5328242778778076
flux_point: 1.1496350765228271
