n_obs: 10
data_preparation: 15.606503248214722
writing: 0.4265737533569336
reading: 0.059929609298706055
data_fitting: 1.8705229759216309
flux_point: 0.8328452110290527
