n_obs: 10
data_preparation: 14.599059104919434
writing: 0.1457061767578125
reading: 0.06152629852294922
data_fitting: 2.717846393585205
flux_point: 0.8103969097137451
