n_obs: 10
data_preparation: 22.965944528579712
writing: 0.12495875358581543
reading: 0.057073116302490234
data_fitting: 3.0614850521087646
flux_point: 0.7735683917999268
