n_obs: 10
data_preparation: 14.90873384475708
writing: 0.37291693687438965
reading: 0.04155087471008301
data_fitting: 2.143937110900879
flux_point: 0.5856702327728271
