n_obs: 10
data_preparation: 16.12447690963745
writing: 0.15274739265441895
reading: 0.06600618362426758
data_fitting: 2.8342843055725098
flux_point: 0.8464264869689941
