n_obs: 10
data_preparation: 14.64063835144043
writing: 0.42395591735839844
reading: 0.06209516525268555
data_fitting: 1.7573974132537842
flux_point: 0.8107714653015137
