n_obs: 10
data_preparation: 50.27593779563904
writing: 0.25926685333251953
reading: 0.06416678428649902
data_fitting: 3.9504776000976562
flux_point: 1.4118306636810303
