n_obs: 10
data_preparation: 14.768412351608276
writing: 0.14371085166931152
reading: 0.06178855895996094
data_fitting: 2.732327938079834
flux_point: 0.8556075096130371
