n_obs: 10
data_preparation: 45.97120404243469
writing: 0.16735577583312988
reading: 0.1271216869354248
data_fitting: 2.6642706394195557
flux_point: 1.2385919094085693
