n_obs: 10
data_preparation: 42.04413366317749
writing: 0.21468305587768555
reading: 0.05011606216430664
data_fitting: 5.126996994018555
flux_point: 1.1871848106384277
