n_obs: 10
data_preparation: 15.078543901443481
writing: 0.4062325954437256
reading: 0.05896949768066406
data_fitting: 1.7651314735412598
flux_point: 0.803765058517456
