n_obs: 10
data_preparation: 41.25991106033325
writing: 0.22899079322814941
reading: 0.05449867248535156
data_fitting: 5.465524196624756
flux_point: 1.1789066791534424
