n_obs: 10
data_preparation: 47.964489459991455
writing: 0.28350090980529785
reading: 0.06420063972473145
data_fitting: 3.2788662910461426
flux_point: 0.9242367744445801
