n_obs: 10
data_preparation: 41.737250328063965
writing: 0.21609973907470703
reading: 0.05162453651428223
data_fitting: 2.982733964920044
flux_point: 0.8288569450378418
