n_obs: 10
data_preparation: 32.8500497341156
writing: 0.1900649070739746
reading: 0.042624711990356445
data_fitting: 2.525980234146118
flux_point: 0.9377620220184326
