n_obs: 10
data_preparation: 16.661672115325928
writing: 0.17011022567749023
reading: 0.12655019760131836
data_fitting: 3.8008768558502197
flux_point: 2.2986512184143066
