n_obs: 10
data_preparation: 29.34812879562378
writing: 0.2100691795349121
reading: 0.04506945610046387
data_fitting: 2.5433757305145264
flux_point: 0.8245344161987305
