n_obs: 10
data_preparation: 19.71530294418335
writing: 0.2032170295715332
reading: 0.05793476104736328
data_fitting: 3.3074135780334473
flux_point: 0.8266372680664062
