n_obs: 10
data_preparation: 15.287385940551758
writing: 0.4287848472595215
reading: 0.06788182258605957
data_fitting: 3.0150861740112305
flux_point: 0.879995584487915
