n_obs: 10
data_preparation: 46.85235619544983
writing: 0.2746546268463135
reading: 0.06534004211425781
data_fitting: 3.602346420288086
flux_point: 1.0313029289245605
