n_obs: 10
data_preparation: 39.897876024246216
writing: 0.21807098388671875
reading: 0.04991960525512695
data_fitting: 5.2064902782440186
flux_point: 1.1383771896362305
