n_obs: 10
data_preparation: 42.011528968811035
writing: 0.23183131217956543
reading: 0.05247354507446289
data_fitting: 4.493964195251465
flux_point: 1.1068341732025146
