n_obs: 10
data_preparation: 42.538578510284424
writing: 0.1931629180908203
reading: 0.04475545883178711
data_fitting: 2.8055741786956787
flux_point: 1.0230977535247803
