n_obs: 10
data_preparation: 14.653388738632202
writing: 0.1447765827178955
reading: 0.06218123435974121
data_fitting: 3.338900089263916
flux_point: 0.8165593147277832
