n_obs: 10
data_preparation: 37.690906286239624
writing: 0.1881880760192871
reading: 0.043409109115600586
data_fitting: 2.870267391204834
flux_point: 0.9734745025634766
