n_obs: 10
data_preparation: 45.04986071586609
writing: 0.20867061614990234
reading: 0.04394841194152832
data_fitting: 2.775771379470825
flux_point: 1.0476162433624268
