n_obs: 10
data_preparation: 50.26124572753906
writing: 0.2587461471557617
reading: 0.055126190185546875
data_fitting: 3.6704065799713135
flux_point: 1.120295524597168
