n_obs: 10
data_preparation: 41.109381675720215
writing: 0.1711585521697998
reading: 0.1986386775970459
data_fitting: 2.6812925338745117
flux_point: 2.032707691192627
