n_obs: 10
data_preparation: 15.328554391860962
writing: 0.3897116184234619
reading: 0.04195761680603027
data_fitting: 2.2702255249023438
flux_point: 0.6230213642120361
