n_obs: 10
data_preparation: 14.898292064666748
writing: 0.2995724678039551
reading: 0.0396733283996582
data_fitting: 2.01511812210083
flux_point: 0.6361589431762695
