n_obs: 10
data_preparation: 49.66052985191345
writing: 0.2082653045654297
reading: 0.0477147102355957
data_fitting: 2.82855486869812
flux_point: 0.7830665111541748
