n_obs: 10
data_preparation: 37.40547180175781
writing: 0.22164416313171387
reading: 0.04965639114379883
data_fitting: 4.350242614746094
flux_point: 2.908726692199707
