n_obs: 10
data_preparation: 14.37999963760376
writing: 0.35332322120666504
reading: 0.06050872802734375
data_fitting: 1.7709026336669922
flux_point: 0.8298189640045166
