n_obs: 10
data_preparation: 15.001376152038574
writing: 0.3757667541503906
reading: 0.05871129035949707
data_fitting: 1.7325303554534912
flux_point: 0.7941687107086182
