n_obs: 10
data_preparation: 47.74691605567932
writing: 0.2838456630706787
reading: 0.06610631942749023
data_fitting: 3.5332882404327393
flux_point: 1.0768513679504395
