n_obs: 10
data_preparation: 44.3326690196991
writing: 0.19982194900512695
reading: 0.04895162582397461
data_fitting: 3.1165480613708496
flux_point: 1.060431957244873
