n_obs: 10
data_preparation: 15.103139638900757
writing: 0.3563041687011719
reading: 0.03934884071350098
data_fitting: 2.002997636795044
flux_point: 0.5853471755981445
