n_obs: 10
data_preparation: 44.08357834815979
writing: 0.2351529598236084
reading: 0.052831172943115234
data_fitting: 3.0593771934509277
flux_point: 0.8396344184875488
