n_obs: 10
data_preparation: 14.46209192276001
writing: 0.40641093254089355
reading: 0.05887913703918457
data_fitting: 1.7413921356201172
flux_point: 0.7894906997680664
