n_obs: 10
data_preparation: 14.109352588653564
writing: 0.36455678939819336
reading: 0.06278514862060547
data_fitting: 1.8582298755645752
flux_point: 0.8317866325378418
