n_obs: 10
data_preparation: 14.59593915939331
writing: 0.40694117546081543
reading: 0.06156611442565918
data_fitting: 2.7200076580047607
flux_point: 0.8285739421844482
