n_obs: 10
data_preparation: 14.723936796188354
writing: 0.14507532119750977
reading: 0.0625619888305664
data_fitting: 2.7319483757019043
flux_point: 0.8107354640960693
