n_obs: 10
data_preparation: 43.67884659767151
writing: 0.2285001277923584
reading: 0.054294586181640625
data_fitting: 3.325086832046509
flux_point: 0.864264726638794
