n_obs: 10
data_preparation: 13.944710969924927
writing: 0.1436138153076172
reading: 0.06108570098876953
data_fitting: 3.3101108074188232
flux_point: 0.8035361766815186
