n_obs: 10
data_preparation: 45.13986325263977
writing: 0.14954590797424316
reading: 0.11182141304016113
data_fitting: 2.921396493911743
flux_point: 2.049337387084961
