n_obs: 10
data_preparation: 14.66742730140686
writing: 0.36562156677246094
reading: 0.03137063980102539
data_fitting: 1.7157905101776123
flux_point: 0.5483710765838623
