n_obs: 10
data_preparation: 51.87698483467102
writing: 0.25755882263183594
reading: 0.06634926795959473
data_fitting: 4.432084083557129
flux_point: 1.5325798988342285
