n_obs: 10
data_preparation: 42.115344524383545
writing: 0.19085097312927246
reading: 0.04308509826660156
data_fitting: 2.808948278427124
flux_point: 0.980954647064209
