n_obs: 10
data_preparation: 12.969493627548218
writing: 0.1305997371673584
reading: 0.06232094764709473
data_fitting: 3.0635290145874023
flux_point: 0.7854588031768799
