n_obs: 10
data_preparation: 16.63609766960144
writing: 0.1788041591644287
reading: 0.1297140121459961
data_fitting: 3.9484572410583496
flux_point: 2.379655361175537
