n_obs: 10
data_preparation: 51.279709815979004
writing: 0.18098139762878418
reading: 0.07865595817565918
data_fitting: 3.058077335357666
flux_point: 2.031398296356201
