n_obs: 10
data_preparation: 41.645963191986084
writing: 0.18936514854431152
reading: 0.043710947036743164
data_fitting: 2.7614803314208984
flux_point: 1.0095341205596924
