n_obs: 10
data_preparation: 42.588446378707886
writing: 0.21055006980895996
reading: 0.0476841926574707
data_fitting: 3.028838634490967
flux_point: 0.787510871887207
