n_obs: 10
data_preparation: 14.744116306304932
writing: 0.3086392879486084
reading: 0.036533355712890625
data_fitting: 2.137503147125244
flux_point: 0.5989894866943359
