n_obs: 10
data_preparation: 14.29581069946289
writing: 0.38356733322143555
reading: 0.05865216255187988
data_fitting: 1.793001651763916
flux_point: 0.7914338111877441
