n_obs: 10
data_preparation: 43.960492849349976
writing: 0.2641880512237549
reading: 0.06369423866271973
data_fitting: 5.939864158630371
flux_point: 1.333972692489624
