n_obs: 10
data_preparation: 45.30206918716431
writing: 0.2045588493347168
reading: 0.04228520393371582
data_fitting: 2.5530357360839844
flux_point: 0.9884586334228516
