n_obs: 10
data_preparation: 14.74038052558899
writing: 0.4366464614868164
reading: 0.06636714935302734
data_fitting: 2.846874475479126
flux_point: 0.8498134613037109
