n_obs: 10
data_preparation: 14.915831565856934
writing: 0.38751673698425293
reading: 0.0612335205078125
data_fitting: 2.669708013534546
flux_point: 0.8085386753082275
