n_obs: 10
data_preparation: 14.819985628128052
writing: 0.3667318820953369
reading: 0.06033897399902344
data_fitting: 1.7684626579284668
flux_point: 0.8033888339996338
