n_obs: 10
data_preparation: 52.17708086967468
writing: 0.3014402389526367
reading: 0.0684964656829834
data_fitting: 4.625864028930664
flux_point: 1.1980764865875244
