n_obs: 10
data_preparation: 46.84955883026123
writing: 0.1723005771636963
reading: 0.12375450134277344
data_fitting: 2.7494964599609375
flux_point: 1.3264310359954834
