n_obs: 10
data_preparation: 15.062112808227539
writing: 0.15007424354553223
reading: 0.0662994384765625
data_fitting: 3.6253535747528076
flux_point: 0.862034797668457
