n_obs: 10
data_preparation: 45.92613101005554
writing: 0.2752552032470703
reading: 0.06402444839477539
data_fitting: 6.305106163024902
flux_point: 1.3924837112426758
