n_obs: 10
data_preparation: 14.272908210754395
writing: 0.3132355213165283
reading: 0.058976173400878906
data_fitting: 1.877868890762329
flux_point: 0.8005859851837158
