n_obs: 10
data_preparation: 43.69923806190491
writing: 0.19998598098754883
reading: 0.12348484992980957
data_fitting: 9.033238172531128
flux_point: 1.8976383209228516
