n_obs: 10
data_preparation: 14.677937269210815
writing: 0.14905524253845215
reading: 0.06356668472290039
data_fitting: 2.6964080333709717
flux_point: 0.8039958477020264
