n_obs: 10
data_preparation: 33.67942547798157
writing: 0.20507049560546875
reading: 0.04040265083312988
data_fitting: 2.2021701335906982
flux_point: 0.7708790302276611
