n_obs: 10
data_preparation: 14.934048175811768
writing: 0.1415543556213379
reading: 0.06245112419128418
data_fitting: 2.667513370513916
flux_point: 0.7998344898223877
