n_obs: 10
data_preparation: 45.26594543457031
writing: 0.20365071296691895
reading: 0.05328202247619629
data_fitting: 3.386514186859131
flux_point: 2.4282777309417725
