n_obs: 10
data_preparation: 14.431785106658936
writing: 0.2983393669128418
reading: 0.03521585464477539
data_fitting: 2.0368597507476807
flux_point: 0.5764985084533691
