n_obs: 10
data_preparation: 47.30956315994263
writing: 0.16594886779785156
reading: 0.11933135986328125
data_fitting: 6.726716756820679
flux_point: 4.299339056015015
