n_obs: 10
data_preparation: 13.317894458770752
writing: 0.13048815727233887
reading: 0.0631265640258789
data_fitting: 3.2060599327087402
flux_point: 0.7958543300628662
