n_obs: 10
data_preparation: 13.34124755859375
writing: 0.12695765495300293
reading: 0.10240292549133301
data_fitting: 2.878647565841675
flux_point: 1.804917812347412
