n_obs: 10
data_preparation: 14.659010648727417
writing: 0.14688801765441895
reading: 0.06631660461425781
data_fitting: 2.766371250152588
flux_point: 0.8227531909942627
