n_obs: 10
data_preparation: 13.769735336303711
writing: 0.36597704887390137
reading: 0.05748486518859863
data_fitting: 1.743819236755371
flux_point: 0.8127241134643555
