n_obs: 10
data_preparation: 29.3127658367157
writing: 0.2113628387451172
reading: 0.04568076133728027
data_fitting: 2.6732337474823
flux_point: 0.8269026279449463
