n_obs: 10
data_preparation: 14.422409296035767
writing: 0.40189194679260254
reading: 0.06028866767883301
data_fitting: 2.6732981204986572
flux_point: 0.8065690994262695
