n_obs: 10
data_preparation: 39.35088634490967
writing: 0.20376873016357422
reading: 0.046306610107421875
data_fitting: 2.6148126125335693
flux_point: 0.7310349941253662
