n_obs: 10
data_preparation: 28.000681400299072
writing: 0.14424872398376465
reading: 0.06543254852294922
data_fitting: 3.1598503589630127
flux_point: 1.0212035179138184
