n_obs: 10
data_preparation: 42.62125062942505
writing: 0.21808886528015137
reading: 0.05126595497131348
data_fitting: 3.4847323894500732
flux_point: 1.1456599235534668
