n_obs: 10
data_preparation: 40.06767272949219
writing: 0.2184004783630371
reading: 0.05224108695983887
data_fitting: 2.951907157897949
flux_point: 0.8078131675720215
