n_obs: 10
data_preparation: 41.40177941322327
writing: 0.2532057762145996
reading: 0.07936859130859375
data_fitting: 3.048955202102661
flux_point: 1.7044529914855957
