n_obs: 10
data_preparation: 18.00817370414734
writing: 0.2485218048095703
reading: 0.17384099960327148
data_fitting: 3.354315757751465
flux_point: 1.7316961288452148
