n_obs: 10
data_preparation: 14.852338314056396
writing: 0.36598825454711914
reading: 0.041568756103515625
data_fitting: 2.114680767059326
flux_point: 0.5940940380096436
