n_obs: 10
data_preparation: 38.89649987220764
writing: 0.19341015815734863
reading: 0.04268908500671387
data_fitting: 2.8527047634124756
flux_point: 0.9887166023254395
