n_obs: 10
data_preparation: 58.09498977661133
writing: 0.20027828216552734
reading: 0.04688525199890137
data_fitting: 3.3912720680236816
flux_point: 0.8384578227996826
