n_obs: 10
data_preparation: 35.70624589920044
writing: 0.20608925819396973
reading: 0.04216814041137695
data_fitting: 2.311020612716675
flux_point: 0.8106379508972168
