n_obs: 10
data_preparation: 49.13732719421387
writing: 0.22723150253295898
reading: 0.05413031578063965
data_fitting: 4.109403371810913
flux_point: 1.0906431674957275
