n_obs: 10
data_preparation: 44.765023946762085
writing: 0.22907233238220215
reading: 0.05619692802429199
data_fitting: 3.2189838886260986
flux_point: 1.1777844429016113
