n_obs: 10
data_preparation: 14.494322299957275
writing: 0.3999466896057129
reading: 0.0600740909576416
data_fitting: 1.6962087154388428
flux_point: 0.7945101261138916
