n_obs: 10
data_preparation: 14.992671966552734
writing: 0.4205057621002197
reading: 0.06296992301940918
data_fitting: 1.780144214630127
flux_point: 0.7912025451660156
