n_obs: 10
data_preparation: 28.848376989364624
writing: 0.20981860160827637
reading: 0.04594850540161133
data_fitting: 2.8332650661468506
flux_point: 0.8090074062347412
