n_obs: 10
data_preparation: 14.43882155418396
writing: 0.39196109771728516
reading: 0.06109046936035156
data_fitting: 1.7540016174316406
flux_point: 0.7918877601623535
