n_obs: 10
data_preparation: 17.04483985900879
writing: 0.2377171516418457
reading: 0.16498994827270508
data_fitting: 3.3468871116638184
flux_point: 1.7267026901245117
