n_obs: 10
data_preparation: 42.88944101333618
writing: 0.2266395092010498
reading: 0.053365230560302734
data_fitting: 3.2485175132751465
flux_point: 1.155573844909668
