n_obs: 10
data_preparation: 14.352005243301392
writing: 0.35730600357055664
reading: 0.0629880428314209
data_fitting: 1.7894725799560547
flux_point: 0.8012044429779053
