n_obs: 10
data_preparation: 14.391164302825928
writing: 0.362149715423584
reading: 0.05882406234741211
data_fitting: 1.7310905456542969
flux_point: 0.7874155044555664
