n_obs: 10
data_preparation: 33.05558252334595
writing: 0.24722886085510254
reading: 0.05335259437561035
data_fitting: 3.1105306148529053
flux_point: 0.9479000568389893
