n_obs: 10
data_preparation: 14.417600631713867
writing: 0.37623047828674316
reading: 0.06028938293457031
data_fitting: 1.8133268356323242
flux_point: 0.785984992980957
