n_obs: 10
data_preparation: 54.46723461151123
writing: 0.31267642974853516
reading: 0.07108378410339355
data_fitting: 4.969754219055176
flux_point: 1.1696979999542236
