n_obs: 10
data_preparation: 39.801777601242065
writing: 0.1928846836090088
reading: 0.045015811920166016
data_fitting: 2.9320874214172363
flux_point: 1.0375096797943115
