n_obs: 10
data_preparation: 42.8108389377594
writing: 0.21897554397583008
reading: 0.050261735916137695
data_fitting: 3.3992395401000977
flux_point: 1.1312999725341797
