n_obs: 10
data_preparation: 14.49642562866211
writing: 0.3760354518890381
reading: 0.06245708465576172
data_fitting: 2.802957773208618
flux_point: 0.829465389251709
