n_obs: 10
data_preparation: 43.4666805267334
writing: 0.22386837005615234
reading: 0.046926259994506836
data_fitting: 2.930896043777466
flux_point: 0.8219892978668213
