n_obs: 10
data_preparation: 14.569142580032349
writing: 0.14436721801757812
reading: 0.06542158126831055
data_fitting: 2.755620241165161
flux_point: 0.8073468208312988
