n_obs: 10
data_preparation: 37.26191806793213
writing: 0.2173924446105957
reading: 0.059479475021362305
data_fitting: 3.471968412399292
flux_point: 3.1979260444641113
