n_obs: 10
data_preparation: 14.903061151504517
writing: 0.41092610359191895
reading: 0.062296152114868164
data_fitting: 1.85304594039917
flux_point: 0.8168408870697021
