n_obs: 10
data_preparation: 14.581762313842773
writing: 0.3949434757232666
reading: 0.060622453689575195
data_fitting: 1.7152931690216064
flux_point: 0.7900550365447998
