n_obs: 10
data_preparation: 41.48432159423828
writing: 0.19173979759216309
reading: 0.04509615898132324
data_fitting: 2.8020877838134766
flux_point: 1.0289149284362793
