n_obs: 10
data_preparation: 41.9962112903595
writing: 0.24698829650878906
reading: 0.05848431587219238
data_fitting: 5.530993700027466
flux_point: 1.2991061210632324
