n_obs: 10
data_preparation: 32.29324460029602
writing: 0.19164180755615234
reading: 0.04339885711669922
data_fitting: 2.6176743507385254
flux_point: 0.9540402889251709
