n_obs: 10
data_preparation: 44.828141927719116
writing: 0.2053518295288086
reading: 0.04717063903808594
data_fitting: 3.41640043258667
flux_point: 0.849651575088501
