n_obs: 10
data_preparation: 14.693994760513306
writing: 0.1416018009185791
reading: 0.06138777732849121
data_fitting: 2.6956348419189453
flux_point: 0.8006937503814697
