n_obs: 10
data_preparation: 14.735676765441895
writing: 0.3895888328552246
reading: 0.06194138526916504
data_fitting: 2.727222442626953
flux_point: 0.8128440380096436
