n_obs: 10
data_preparation: 14.844210386276245
writing: 0.1436910629272461
reading: 0.06261825561523438
data_fitting: 2.7507736682891846
flux_point: 0.8121018409729004
