n_obs: 10
data_preparation: 49.86519432067871
writing: 0.27406764030456543
reading: 0.05984044075012207
data_fitting: 6.5204784870147705
flux_point: 1.4949593544006348
