n_obs: 10
data_preparation: 14.621814727783203
writing: 0.14394116401672363
reading: 0.06254172325134277
data_fitting: 2.7593133449554443
flux_point: 0.7996201515197754
