n_obs: 10
data_preparation: 14.614244222640991
writing: 0.14829349517822266
reading: 0.0614776611328125
data_fitting: 2.848740816116333
flux_point: 0.7998254299163818
