n_obs: 10
data_preparation: 44.23983836174011
writing: 0.24267911911010742
reading: 0.0559544563293457
data_fitting: 3.5303280353546143
flux_point: 0.9711849689483643
