n_obs: 10
data_preparation: 13.272491693496704
writing: 0.13906049728393555
reading: 0.0641183853149414
data_fitting: 3.432525157928467
flux_point: 0.7917678356170654
