n_obs: 10
data_preparation: 41.02619767189026
writing: 0.16933846473693848
reading: 0.20009660720825195
data_fitting: 2.9247069358825684
flux_point: 2.3704397678375244
