n_obs: 10
data_preparation: 14.557284832000732
writing: 0.3827385902404785
reading: 0.060305118560791016
data_fitting: 1.8764097690582275
flux_point: 0.7833003997802734
