n_obs: 10
data_preparation: 14.49940299987793
writing: 0.1498401165008545
reading: 0.0651998519897461
data_fitting: 2.876073122024536
flux_point: 0.8351101875305176
