n_obs: 10
data_preparation: 43.62040710449219
writing: 0.2369227409362793
reading: 0.05305767059326172
data_fitting: 3.1926095485687256
flux_point: 0.9254727363586426
