n_obs: 10
data_preparation: 14.859309434890747
writing: 0.14130020141601562
reading: 0.06127524375915527
data_fitting: 2.666780948638916
flux_point: 0.7954897880554199
