n_obs: 10
data_preparation: 45.04265809059143
writing: 0.23465275764465332
reading: 0.056774139404296875
data_fitting: 3.1167008876800537
flux_point: 0.9025111198425293
