n_obs: 10
data_preparation: 38.20641875267029
writing: 0.2031691074371338
reading: 0.04640555381774902
data_fitting: 2.729921579360962
flux_point: 0.760075569152832
