n_obs: 10
data_preparation: 49.22493386268616
writing: 0.26474666595458984
reading: 0.06372451782226562
data_fitting: 6.503546714782715
flux_point: 1.4584403038024902
