n_obs: 10
data_preparation: 14.578746795654297
writing: 0.14189934730529785
reading: 0.060761451721191406
data_fitting: 2.7838242053985596
flux_point: 0.7856402397155762
