n_obs: 10
data_preparation: 14.967366933822632
writing: 0.36747002601623535
reading: 0.03413963317871094
data_fitting: 1.9770445823669434
flux_point: 0.6112658977508545
