n_obs: 10
data_preparation: 43.13550353050232
writing: 0.17162275314331055
reading: 0.1995987892150879
data_fitting: 2.8383026123046875
flux_point: 2.241182565689087
