n_obs: 10
data_preparation: 30.751640558242798
writing: 0.20654702186584473
reading: 0.04542040824890137
data_fitting: 2.770789384841919
flux_point: 0.8076393604278564
