n_obs: 10
data_preparation: 13.279202222824097
writing: 0.1353435516357422
reading: 0.0663290023803711
data_fitting: 3.2751522064208984
flux_point: 0.8096334934234619
