n_obs: 10
data_preparation: 27.561134576797485
writing: 0.2186596393585205
reading: 0.0456392765045166
data_fitting: 2.90476131439209
flux_point: 0.8520808219909668
