n_obs: 10
data_preparation: 41.73288059234619
writing: 0.33577537536621094
reading: 0.06928801536560059
data_fitting: 5.212047338485718
flux_point: 1.3858728408813477
