n_obs: 10
data_preparation: 14.871814250946045
writing: 0.15293025970458984
reading: 0.06237006187438965
data_fitting: 2.7675321102142334
flux_point: 0.8176512718200684
