n_obs: 10
data_preparation: 46.826287031173706
writing: 0.1601259708404541
reading: 0.0693807601928711
data_fitting: 2.707706928253174
flux_point: 1.631103515625
