n_obs: 10
data_preparation: 42.98303246498108
writing: 0.19218111038208008
reading: 0.11222028732299805
data_fitting: 8.229130029678345
flux_point: 1.762556552886963
