n_obs: 10
data_preparation: 33.443548917770386
writing: 0.24530553817749023
reading: 0.05402541160583496
data_fitting: 3.388355255126953
flux_point: 0.9433197975158691
