n_obs: 10
data_preparation: 57.0296905040741
writing: 0.3020801544189453
reading: 0.06885242462158203
data_fitting: 4.887242317199707
flux_point: 1.7125520706176758
