n_obs: 10
data_preparation: 51.85027885437012
writing: 0.2613804340362549
reading: 0.06072568893432617
data_fitting: 4.15662956237793
flux_point: 1.4257285594940186
