n_obs: 10
data_preparation: 45.25916600227356
writing: 0.2516899108886719
reading: 0.05626821517944336
data_fitting: 3.02020263671875
flux_point: 1.2951304912567139
