n_obs: 10
data_preparation: 45.44865965843201
writing: 0.17244863510131836
reading: 0.1296834945678711
data_fitting: 3.8737564086914062
flux_point: 2.364206075668335
