n_obs: 10
data_preparation: 12.823578834533691
writing: 0.1184546947479248
reading: 0.05399012565612793
data_fitting: 2.6304616928100586
flux_point: 0.7119560241699219
