n_obs: 10
data_preparation: 14.461388111114502
writing: 0.3824620246887207
reading: 0.061681270599365234
data_fitting: 1.7819204330444336
flux_point: 0.8040504455566406
