n_obs: 10
data_preparation: 45.28192138671875
writing: 0.1558675765991211
reading: 0.06901121139526367
data_fitting: 2.8095743656158447
flux_point: 1.5424094200134277
