n_obs: 10
data_preparation: 14.049193859100342
writing: 0.3604395389556885
reading: 0.05849599838256836
data_fitting: 1.7381930351257324
flux_point: 0.8365015983581543
