n_obs: 10
data_preparation: 14.691555738449097
writing: 0.36525845527648926
reading: 0.03377103805541992
data_fitting: 1.894770860671997
flux_point: 0.5925321578979492
