n_obs: 10
data_preparation: 15.56425142288208
writing: 0.4162428379058838
reading: 0.0364224910736084
data_fitting: 1.9229686260223389
flux_point: 0.5752503871917725
