n_obs: 10
data_preparation: 51.18139052391052
writing: 0.25728273391723633
reading: 0.06637740135192871
data_fitting: 4.2335615158081055
flux_point: 1.1109025478363037
