n_obs: 10
data_preparation: 44.40577840805054
writing: 0.19529271125793457
reading: 0.046263933181762695
data_fitting: 3.2313907146453857
flux_point: 1.0800328254699707
