n_obs: 10
data_preparation: 33.563390254974365
writing: 0.25121450424194336
reading: 0.05460762977600098
data_fitting: 3.6288745403289795
flux_point: 0.9854896068572998
