n_obs: 10
data_preparation: 42.0220742225647
writing: 0.15390324592590332
reading: 0.17992472648620605
data_fitting: 2.554636001586914
flux_point: 1.976156234741211
