n_obs: 10
data_preparation: 35.219549894332886
writing: 0.20673561096191406
reading: 0.04099011421203613
data_fitting: 2.281428337097168
flux_point: 0.7868199348449707
