n_obs: 10
data_preparation: 15.99138331413269
writing: 0.47099852561950684
reading: 0.06256723403930664
data_fitting: 2.7708492279052734
flux_point: 0.8433711528778076
