n_obs: 10
data_preparation: 14.600193977355957
writing: 0.38968682289123535
reading: 0.05794048309326172
data_fitting: 1.7735860347747803
flux_point: 0.7964224815368652
