n_obs: 10
data_preparation: 18.167825937271118
writing: 0.19504809379577637
reading: 0.1459789276123047
data_fitting: 4.367317199707031
flux_point: 2.8591079711914062
