n_obs: 10
data_preparation: 15.18808889389038
writing: 0.45276713371276855
reading: 0.06313180923461914
data_fitting: 1.8997077941894531
flux_point: 0.8110206127166748
