n_obs: 10
data_preparation: 13.868682384490967
writing: 0.14258933067321777
reading: 0.06431412696838379
data_fitting: 3.347601890563965
flux_point: 0.8148200511932373
