n_obs: 10
data_preparation: 41.455177307128906
writing: 0.19288897514343262
reading: 0.04556393623352051
data_fitting: 2.844090461730957
flux_point: 1.0137903690338135
