n_obs: 10
data_preparation: 41.98923349380493
writing: 0.20145630836486816
reading: 0.04493069648742676
data_fitting: 2.735008955001831
flux_point: 0.8397395610809326
