n_obs: 10
data_preparation: 18.47112202644348
writing: 0.24051308631896973
reading: 0.17485713958740234
data_fitting: 3.5707340240478516
flux_point: 1.7406611442565918
