n_obs: 10
data_preparation: 32.57855463027954
writing: 0.21640706062316895
reading: 0.04735517501831055
data_fitting: 2.927405834197998
flux_point: 0.8583476543426514
