n_obs: 10
data_preparation: 33.64338541030884
writing: 0.24521875381469727
reading: 0.052628278732299805
data_fitting: 3.333204984664917
flux_point: 0.9470653533935547
