n_obs: 10
data_preparation: 14.639484643936157
writing: 0.36907434463500977
reading: 0.03765416145324707
data_fitting: 2.1009349822998047
flux_point: 0.5807886123657227
