n_obs: 10
data_preparation: 19.54793953895569
writing: 0.13042712211608887
reading: 0.056040048599243164
data_fitting: 2.5314133167266846
flux_point: 0.7860589027404785
