n_obs: 10
data_preparation: 34.26317572593689
writing: 0.1910407543182373
reading: 0.04260540008544922
data_fitting: 2.6684978008270264
flux_point: 0.951077938079834
