n_obs: 10
data_preparation: 14.749475717544556
writing: 0.1425614356994629
reading: 0.06482195854187012
data_fitting: 2.7550525665283203
flux_point: 0.8138527870178223
