n_obs: 10
data_preparation: 48.70750832557678
writing: 0.1779770851135254
reading: 0.12490344047546387
data_fitting: 2.5798449516296387
flux_point: 1.2298998832702637
