n_obs: 10
data_preparation: 12.653936386108398
writing: 0.11926031112670898
reading: 0.05346202850341797
data_fitting: 2.6212940216064453
flux_point: 0.7127816677093506
