n_obs: 10
data_preparation: 14.701722145080566
writing: 0.3699018955230713
reading: 0.061087846755981445
data_fitting: 1.8012921810150146
flux_point: 0.7954607009887695
