n_obs: 10
data_preparation: 44.03951144218445
writing: 0.20649337768554688
reading: 0.043201446533203125
data_fitting: 2.4261090755462646
flux_point: 0.8442842960357666
