n_obs: 10
data_preparation: 42.99280118942261
writing: 0.222581148147583
reading: 0.0522761344909668
data_fitting: 3.3364417552948
flux_point: 1.1758382320404053
