n_obs: 10
data_preparation: 14.733293533325195
writing: 0.14417552947998047
reading: 0.06585240364074707
data_fitting: 2.837610960006714
flux_point: 0.8026084899902344
