n_obs: 10
data_preparation: 42.81856989860535
writing: 0.1551496982574463
reading: 0.12043929100036621
data_fitting: 6.105910539627075
flux_point: 4.2638185024261475
