n_obs: 10
data_preparation: 38.35964560508728
writing: 0.19860339164733887
reading: 0.044620513916015625
data_fitting: 2.687164068222046
flux_point: 2.563534736633301
