n_obs: 10
data_preparation: 14.47792387008667
writing: 0.36451292037963867
reading: 0.056951284408569336
data_fitting: 1.77177095413208
flux_point: 0.7803659439086914
