n_obs: 10
data_preparation: 48.434303522109985
writing: 0.2974247932434082
reading: 0.0860896110534668
data_fitting: 3.472949266433716
flux_point: 1.8896288871765137
