n_obs: 10
data_preparation: 26.159916877746582
writing: 0.21265578269958496
reading: 0.044373512268066406
data_fitting: 2.5929951667785645
flux_point: 0.7961282730102539
