n_obs: 10
data_preparation: 41.65817093849182
writing: 0.2358989715576172
reading: 0.055260419845581055
data_fitting: 5.64397931098938
flux_point: 1.1988816261291504
