n_obs: 10
data_preparation: 18.709535360336304
writing: 0.12360811233520508
reading: 0.05707192420959473
data_fitting: 3.2525219917297363
flux_point: 0.8124146461486816
