n_obs: 10
data_preparation: 44.607131004333496
writing: 0.23185944557189941
reading: 0.05463457107543945
data_fitting: 3.474773406982422
flux_point: 0.9046151638031006
