n_obs: 10
data_preparation: 55.99464678764343
writing: 0.308713436126709
reading: 0.07019519805908203
data_fitting: 4.401852369308472
flux_point: 1.3001346588134766
