# Elapsed time   CPU (%)     Real (MB)   Virtual (MB)
       0.000        0.000        7.746       39.109
       0.504      162.700       89.004      360.484
       1.008      164.800      143.738      646.172
       1.511       98.900      179.094      684.977
       2.017      100.800      220.723      812.379
       2.523       99.000     1097.750     1689.363
       3.028      100.800      403.156      994.770
       3.534       98.800      314.402      941.328
       4.040      100.800     1123.352     1719.543
       4.546       99.100      292.652      875.410
       5.051      100.700      998.859     1583.211
       5.557      101.000     1136.840     1720.543
       6.062       98.800      296.078      879.766
       6.568      100.900     1119.340     1702.996
       7.074      100.900      408.734     1010.613
       7.579       98.800      322.871      906.469
       8.085       98.700     1153.391     1748.773
       8.592      102.800      294.375      877.934
       9.097       98.700      909.441     1515.809
       9.604      100.900     1128.109     1711.582
      10.109       98.800      304.133      887.590
      10.615       99.000     1135.449     1718.906
      11.120      100.900      452.805     1078.176
      11.626       98.700      425.254     1133.109
      12.132      102.500     1117.340     1700.750
      12.639       99.000      295.652      879.047
      13.145       99.200     1001.746     1603.395
      13.648      101.200      310.586      893.848
      14.152       99.200      291.613      874.926
      14.656      101.200     1139.152     1722.418
      15.160       99.200      431.547     1014.852
      15.664       99.200      233.883      815.781
      16.168       99.200      233.883      815.781
      16.672       99.300      233.945      815.781
      17.175      101.200      233.945      815.781
      17.679       99.200      233.945      815.781
      18.183       99.200      233.945      815.781
      18.687      101.200      233.945      815.781
      19.191       99.300      233.945      815.781
      19.694       99.300      233.945      815.781
      20.198      101.200      233.945      815.781
      20.702       99.300      233.945      815.781
      21.205      101.200      233.949      815.781
      21.709       99.200      234.016      815.781
