data_fitting: 3.242532730102539
data_preparation: 15.59169602394104
flux_point: 1.4669110774993896
reading: 0.3444499969482422
writing: 0.5235629081726074
