data_fitting: 2.8252551555633545
data_preparation: 14.589808225631714
flux_point: 1.4304859638214111
reading: 0.30206918716430664
writing: 0.4811747074127197
