data_preparation: 121.30091977119446
writing: 0.4511220455169678
reading: 0.3173067569732666
data_fitting: 3.520026922225952
flux_point: 1.4326708316802979
