data_fitting: 3.420167922973633
data_preparation: 17.27407717704773
flux_point: 1.5683209896087646
reading: 0.3482401371002197
writing: 0.5598080158233643
