data_preparation: 19.71994948387146
run_asmooth: 1.4346420764923096
compute_correlations: 0.0786442756652832
compute_ExcessProfileEstimator: 0.07801294326782227
