data_preparation: 20.895636558532715
run_asmooth: 1.5696463584899902
compute_correlations: 0.11407995223999023
compute_ExcessProfileEstimator: 0.1141195297241211
