data_preparation: 9.220224618911743
run_asmooth: 0.9463422298431396
compute_correlations: 0.06100010871887207
compute_ExcessProfileEstimator: 0.06007242202758789
