data_preparation: 16.66787028312683
run_asmooth: 1.2629456520080566
compute_correlations: 0.09435749053955078
compute_ExcessProfileEstimator: 0.09311032295227051
