data_preparation: 9.165646314620972
run_asmooth: 0.8681039810180664
compute_correlations: 0.05668020248413086
compute_ExcessProfileEstimator: 0.055989742279052734
