data_preparation: 18.003944635391235
run_asmooth: 1.1817171573638916
compute_correlations: 0.08324265480041504
compute_ExcessProfileEstimator: 0.08266878128051758
