data_preparation: 18.211739778518677
run_asmooth: 1.317145824432373
compute_correlations: 0.09888982772827148
compute_ExcessProfileEstimator: 0.09890484809875488
