data_preparation: 10.473202466964722
run_asmooth: 0.884650468826294
compute_correlations: 0.0647282600402832
compute_ExcessProfileEstimator: 0.06316900253295898
