data_preparation: 17.427107334136963
run_asmooth: 1.2984693050384521
compute_correlations: 0.09661579132080078
compute_ExcessProfileEstimator: 0.0937809944152832
