data_preparation: 21.350321292877197
run_asmooth: 1.6077091693878174
compute_correlations: 0.11193966865539551
compute_ExcessProfileEstimator: 0.11150860786437988
