data_preparation: 9.158605575561523
run_asmooth: 0.9284708499908447
compute_correlations: 0.05879545211791992
compute_ExcessProfileEstimator: 0.059842824935913086
