data_preparation: 14.976990938186646
run_asmooth: 1.0076396465301514
compute_correlations: 167.40603470802307
compute_ExcessProfileEstimator: 166.30474638938904
