data_preparation: 9.006227970123291
run_asmooth: 0.8757851123809814
compute_correlations: 0.057103633880615234
compute_ExcessProfileEstimator: 0.05662822723388672
