data_preparation: 21.152942657470703
run_asmooth: 1.5330984592437744
compute_correlations: 0.11063599586486816
compute_ExcessProfileEstimator: 0.10929536819458008
