data_preparation: 8.98259949684143
run_asmooth: 0.945232629776001
compute_correlations: 0.059758901596069336
compute_ExcessProfileEstimator: 0.06113386154174805
