data_preparation: 18.482674837112427
run_asmooth: 1.3213226795196533
compute_correlations: 0.10090112686157227
compute_ExcessProfileEstimator: 0.09997963905334473
