data_preparation: 9.039563417434692
run_asmooth: 0.983666181564331
compute_correlations: 0.06056046485900879
compute_ExcessProfileEstimator: 0.05993032455444336
