data_preparation: 23.807286739349365
run_asmooth: 1.144646406173706
compute_correlations: 0.07984089851379395
compute_ExcessProfileEstimator: 0.07753443717956543
