data_preparation: 10.57780647277832
run_asmooth: 0.9209315776824951
compute_correlations: 0.06572127342224121
compute_ExcessProfileEstimator: 0.0653233528137207
