data_preparation: 8.838406562805176
run_asmooth: 0.9019112586975098
compute_correlations: 0.058614492416381836
compute_ExcessProfileEstimator: 0.05872344970703125
