data_preparation: 19.58258557319641
run_asmooth: 1.4267148971557617
compute_correlations: 0.08109259605407715
compute_ExcessProfileEstimator: 0.08066868782043457
