data_preparation: 8.933551549911499
run_asmooth: 0.9846320152282715
compute_correlations: 0.058972835540771484
compute_ExcessProfileEstimator: 0.059599876403808594
