data_preparation: 16.891306400299072
run_asmooth: 1.197300910949707
compute_correlations: 0.09219908714294434
compute_ExcessProfileEstimator: 0.09030008316040039
