data_preparation: 17.84873104095459
run_asmooth: 1.279634714126587
compute_correlations: 0.09528636932373047
compute_ExcessProfileEstimator: 0.09497785568237305
