data_preparation: 10.203043460845947
run_asmooth: 0.8738551139831543
compute_correlations: 0.06338381767272949
compute_ExcessProfileEstimator: 0.062108516693115234
