data_preparation: 9.101932048797607
run_asmooth: 0.9292101860046387
compute_correlations: 0.059622764587402344
compute_ExcessProfileEstimator: 0.06007242202758789
