data_preparation: 9.325216054916382
run_asmooth: 0.961993932723999
compute_correlations: 0.06082868576049805
compute_ExcessProfileEstimator: 0.06202292442321777
