data_preparation: 9.975324869155884
run_asmooth: 0.8904144763946533
compute_correlations: 0.06759428977966309
compute_ExcessProfileEstimator: 0.06490612030029297
