data_preparation: 25.735440015792847
run_asmooth: 1.302682638168335
compute_correlations: 0.09308719635009766
compute_ExcessProfileEstimator: 0.09200692176818848
