data_preparation: 9.106129884719849
run_asmooth: 0.9027090072631836
compute_correlations: 0.058312177658081055
compute_ExcessProfileEstimator: 0.058817386627197266
