data_preparation: 18.349892139434814
run_asmooth: 1.2829532623291016
compute_correlations: 0.0914607048034668
compute_ExcessProfileEstimator: 0.08986186981201172
