data_preparation: 25.765125036239624
run_asmooth: 1.1594345569610596
compute_correlations: 0.08094406127929688
compute_ExcessProfileEstimator: 0.0806879997253418
