data_preparation: 9.19145393371582
run_asmooth: 1.0054006576538086
compute_correlations: 0.06046247482299805
compute_ExcessProfileEstimator: 0.05944633483886719
