data_preparation: 26.647337198257446
run_asmooth: 1.282726764678955
compute_correlations: 0.08865070343017578
compute_ExcessProfileEstimator: 0.08800053596496582
