data_preparation: 8.95758318901062
run_asmooth: 0.9015789031982422
compute_correlations: 0.05791163444519043
compute_ExcessProfileEstimator: 0.05737042427062988
