data_preparation: 20.648171186447144
run_asmooth: 1.5584702491760254
compute_correlations: 0.11222696304321289
compute_ExcessProfileEstimator: 0.11293482780456543
