data_preparation: 20.54930877685547
run_asmooth: 1.6176514625549316
compute_correlations: 0.12422490119934082
compute_ExcessProfileEstimator: 0.1262509822845459
