data_preparation: 9.120606899261475
run_asmooth: 0.9403407573699951
compute_correlations: 0.0610499382019043
compute_ExcessProfileEstimator: 0.13576173782348633
