data_preparation: 9.110150575637817
run_asmooth: 0.9560089111328125
compute_correlations: 0.06201767921447754
compute_ExcessProfileEstimator: 0.061173439025878906
