data_preparation: 9.090746879577637
run_asmooth: 0.9016695022583008
compute_correlations: 0.05863595008850098
compute_ExcessProfileEstimator: 0.058637142181396484
