data_preparation: 35.44820284843445
run_asmooth: 1.8743805885314941
compute_correlations: 0.1427750587463379
compute_ExcessProfileEstimator: 0.14095520973205566
