data_preparation: 8.619582176208496
run_asmooth: 0.8240087032318115
compute_correlations: 0.05280876159667969
compute_ExcessProfileEstimator: 0.05327320098876953
