data_preparation: 10.342169523239136
run_asmooth: 0.8928930759429932
compute_correlations: 0.0654456615447998
compute_ExcessProfileEstimator: 0.06483149528503418
