data_preparation: 19.485418796539307
run_asmooth: 1.5121560096740723
compute_correlations: 0.10672473907470703
compute_ExcessProfileEstimator: 0.10718679428100586
