data_preparation: 9.842979431152344
run_asmooth: 0.890876054763794
compute_correlations: 0.06457400321960449
compute_ExcessProfileEstimator: 0.0632174015045166
