data_preparation: 17.341665983200073
run_asmooth: 1.2846732139587402
compute_correlations: 0.09375858306884766
compute_ExcessProfileEstimator: 0.09229111671447754
