data_preparation: 17.374069690704346
run_asmooth: 1.2705211639404297
compute_correlations: 0.09381771087646484
compute_ExcessProfileEstimator: 0.09482932090759277
