data_preparation: 9.327867031097412
run_asmooth: 1.055999994277954
compute_correlations: 0.06318092346191406
compute_ExcessProfileEstimator: 0.06279349327087402
