data_preparation: 9.0378258228302
run_asmooth: 0.920607328414917
compute_correlations: 0.058846473693847656
compute_ExcessProfileEstimator: 0.1255502700805664
