data_preparation: 21.13436245918274
run_asmooth: 1.5357551574707031
compute_correlations: 0.11330151557922363
compute_ExcessProfileEstimator: 0.11416888236999512
