data_preparation: 8.924609422683716
run_asmooth: 0.9060213565826416
compute_correlations: 0.056708335876464844
compute_ExcessProfileEstimator: 0.05598330497741699
