data_preparation: 10.49367094039917
run_asmooth: 0.924034833908081
compute_correlations: 0.06603622436523438
compute_ExcessProfileEstimator: 0.06678557395935059
