data_preparation: 17.290513515472412
run_asmooth: 1.2941021919250488
compute_correlations: 0.09527325630187988
compute_ExcessProfileEstimator: 0.09566640853881836
