data_preparation: 9.44877004623413
run_asmooth: 0.8465766906738281
compute_correlations: 0.06171917915344238
compute_ExcessProfileEstimator: 0.05988192558288574
