data_preparation: 26.048563718795776
run_asmooth: 1.2683312892913818
compute_correlations: 0.09435105323791504
compute_ExcessProfileEstimator: 0.09038448333740234
