data_preparation: 22.966319799423218
run_asmooth: 1.8339200019836426
compute_correlations: 0.1311182975769043
compute_ExcessProfileEstimator: 0.13264203071594238
