data_preparation: 16.729374885559082
run_asmooth: 1.2282321453094482
compute_correlations: 0.09175276756286621
compute_ExcessProfileEstimator: 0.08920073509216309
