data_preparation: 9.020216703414917
run_asmooth: 0.9166533946990967
compute_correlations: 0.06185793876647949
compute_ExcessProfileEstimator: 0.06054067611694336
