data_preparation: 8.946454286575317
run_asmooth: 0.9101839065551758
compute_correlations: 0.060698747634887695
compute_ExcessProfileEstimator: 0.06123065948486328
