data_preparation: 17.93833088874817
run_asmooth: 1.2818562984466553
compute_correlations: 0.09750032424926758
compute_ExcessProfileEstimator: 0.09798574447631836
