data_preparation: 8.812622308731079
run_asmooth: 0.8840258121490479
compute_correlations: 0.05756735801696777
compute_ExcessProfileEstimator: 0.057163238525390625
