data_preparation: 19.548232793807983
run_asmooth: 1.6676661968231201
compute_correlations: 0.09373617172241211
compute_ExcessProfileEstimator: 0.09049010276794434
