data_preparation: 18.244160413742065
run_asmooth: 1.285858392715454
compute_correlations: 0.09592032432556152
compute_ExcessProfileEstimator: 0.09550833702087402
