data_preparation: 24.152130842208862
run_asmooth: 1.6824226379394531
compute_correlations: 0.12041735649108887
compute_ExcessProfileEstimator: 0.12506866455078125
