data_preparation: 10.490641355514526
run_asmooth: 0.9733762741088867
compute_correlations: 0.06624341011047363
compute_ExcessProfileEstimator: 0.06644892692565918
