data_preparation: 21.600900650024414
run_asmooth: 1.6654410362243652
compute_correlations: 0.12957048416137695
compute_ExcessProfileEstimator: 0.1233665943145752
