data_preparation: 22.174137830734253
run_asmooth: 1.6579859256744385
compute_correlations: 0.09870743751525879
compute_ExcessProfileEstimator: 0.09871387481689453
