data_preparation: 8.757316827774048
run_asmooth: 0.943854808807373
compute_correlations: 0.05937314033508301
compute_ExcessProfileEstimator: 0.1296401023864746
