data_preparation: 8.883739233016968
run_asmooth: 0.9278562068939209
compute_correlations: 0.05938243865966797
compute_ExcessProfileEstimator: 0.058840036392211914
