data_preparation: 18.07320523262024
run_asmooth: 1.3001353740692139
compute_correlations: 0.08848071098327637
compute_ExcessProfileEstimator: 0.08861732482910156
