data_preparation: 16.709301233291626
run_asmooth: 1.2326557636260986
compute_correlations: 0.09159064292907715
compute_ExcessProfileEstimator: 0.08974123001098633
