data_preparation: 9.816915512084961
run_asmooth: 0.8802554607391357
compute_correlations: 0.06506085395812988
compute_ExcessProfileEstimator: 0.06379914283752441
