data_preparation: 9.101146221160889
run_asmooth: 0.934058666229248
compute_correlations: 0.058083295822143555
compute_ExcessProfileEstimator: 0.05786418914794922
