data_preparation: 20.23843002319336
run_asmooth: 1.4734172821044922
compute_correlations: 0.11012649536132812
compute_ExcessProfileEstimator: 0.10903668403625488
