data_preparation: 9.068023920059204
run_asmooth: 0.918344259262085
compute_correlations: 0.060628652572631836
compute_ExcessProfileEstimator: 0.059517621994018555
