data_preparation: 23.323464155197144
run_asmooth: 1.7851448059082031
compute_correlations: 0.1441669464111328
compute_ExcessProfileEstimator: 0.14199471473693848
