data_preparation: 10.337183713912964
run_asmooth: 0.8920743465423584
compute_correlations: 0.06387519836425781
compute_ExcessProfileEstimator: 0.06454300880432129
