data_preparation: 8.822906494140625
run_asmooth: 0.8817281723022461
compute_correlations: 0.055922508239746094
compute_ExcessProfileEstimator: 0.05684661865234375
