data_preparation: 18.98244333267212
run_asmooth: 1.4560251235961914
compute_correlations: 0.10233712196350098
compute_ExcessProfileEstimator: 0.10190868377685547
