data_preparation: 20.029834508895874
run_asmooth: 1.5173451900482178
compute_correlations: 0.107513427734375
compute_ExcessProfileEstimator: 0.11151933670043945
