data_preparation: 8.59313178062439
run_asmooth: 0.824547529220581
compute_correlations: 0.053687334060668945
compute_ExcessProfileEstimator: 0.0527958869934082
