data_preparation: 9.11559534072876
run_asmooth: 1.0100724697113037
compute_correlations: 0.059064388275146484
compute_ExcessProfileEstimator: 0.05944705009460449
