data_preparation: 20.08927583694458
run_asmooth: 1.4884083271026611
compute_correlations: 0.10136723518371582
compute_ExcessProfileEstimator: 0.10004258155822754
