data_preparation: 9.194820404052734
run_asmooth: 0.9383680820465088
compute_correlations: 0.05921745300292969
compute_ExcessProfileEstimator: 0.05864524841308594
