data_preparation: 8.767503499984741
run_asmooth: 0.8705322742462158
compute_correlations: 0.056977033615112305
compute_ExcessProfileEstimator: 0.05721426010131836
