data_preparation: 24.083978176116943
run_asmooth: 1.7284951210021973
compute_correlations: 0.12381458282470703
compute_ExcessProfileEstimator: 0.13434386253356934
