data_preparation: 9.089218616485596
run_asmooth: 0.9213771820068359
compute_correlations: 0.05853009223937988
compute_ExcessProfileEstimator: 0.06267905235290527
