data_preparation: 16.00161600112915
run_asmooth: 1.1929726600646973
compute_correlations: 0.09002184867858887
compute_ExcessProfileEstimator: 0.0901947021484375
