data_preparation: 18.24188208580017
run_asmooth: 1.3298590183258057
compute_correlations: 0.08957767486572266
compute_ExcessProfileEstimator: 0.09219026565551758
