data_preparation: 22.27998924255371
run_asmooth: 1.973116397857666
compute_correlations: 0.1305994987487793
compute_ExcessProfileEstimator: 0.14184999465942383
