data_preparation: 26.360661029815674
run_asmooth: 1.1894831657409668
compute_correlations: 0.08218097686767578
compute_ExcessProfileEstimator: 0.08262944221496582
