data_preparation: 22.009952306747437
run_asmooth: 1.7345983982086182
compute_correlations: 0.1423330307006836
compute_ExcessProfileEstimator: 0.1270754337310791
