data_preparation: 17.8727068901062
run_asmooth: 1.3227083683013916
compute_correlations: 125.87133002281189
compute_ExcessProfileEstimator: 125.71238589286804
