data_preparation: 8.783791542053223
run_asmooth: 0.8737866878509521
compute_correlations: 0.05672121047973633
compute_ExcessProfileEstimator: 0.05767083168029785
