data_preparation: 21.879723072052002
run_asmooth: 1.6821198463439941
compute_correlations: 0.14109539985656738
compute_ExcessProfileEstimator: 0.13360214233398438
