data_preparation: 16.23763108253479
run_asmooth: 1.1926214694976807
compute_correlations: 0.08734440803527832
compute_ExcessProfileEstimator: 0.08678078651428223
