data_preparation: 25.73578929901123
run_asmooth: 1.1504929065704346
compute_correlations: 0.0808417797088623
compute_ExcessProfileEstimator: 0.08029937744140625
