data_preparation: 8.738636493682861
run_asmooth: 0.918708086013794
compute_correlations: 0.05945920944213867
compute_ExcessProfileEstimator: 0.12595057487487793
