data_preparation: 17.434288263320923
run_asmooth: 1.5459012985229492
compute_correlations: 194.24405097961426
compute_ExcessProfileEstimator: 194.42802262306213
