data_preparation: 9.047847509384155
run_asmooth: 0.8434915542602539
compute_correlations: 0.05682826042175293
compute_ExcessProfileEstimator: 0.055459022521972656
