data_preparation: 9.831109285354614
run_asmooth: 0.874434232711792
compute_correlations: 0.06450629234313965
compute_ExcessProfileEstimator: 0.06250238418579102
