data_preparation: 10.320693492889404
run_asmooth: 0.8812079429626465
compute_correlations: 0.06396245956420898
compute_ExcessProfileEstimator: 0.06424474716186523
