data_preparation: 22.327666759490967
run_asmooth: 1.768934726715088
compute_correlations: 0.12482333183288574
compute_ExcessProfileEstimator: 0.1246788501739502
