data_preparation: 9.39530634880066
run_asmooth: 0.9841976165771484
compute_correlations: 0.06012153625488281
compute_ExcessProfileEstimator: 0.06020307540893555
