data_preparation: 9.036413192749023
run_asmooth: 0.9289696216583252
compute_correlations: 0.05911827087402344
compute_ExcessProfileEstimator: 0.06071591377258301
