data_preparation: 16.186673402786255
run_asmooth: 1.2112419605255127
compute_correlations: 0.08919906616210938
compute_ExcessProfileEstimator: 0.0884392261505127
