data_preparation: 9.005762815475464
run_asmooth: 0.9207682609558105
compute_correlations: 0.05814027786254883
compute_ExcessProfileEstimator: 0.06019020080566406
