data_preparation: 18.529631853103638
run_asmooth: 1.3826687335968018
compute_correlations: 0.1012115478515625
compute_ExcessProfileEstimator: 0.09792613983154297
