data_preparation: 21.493603467941284
run_asmooth: 1.5697369575500488
compute_correlations: 0.11582803726196289
compute_ExcessProfileEstimator: 0.12332820892333984
