data_preparation: 9.019142866134644
run_asmooth: 0.9138584136962891
compute_correlations: 0.05763053894042969
compute_ExcessProfileEstimator: 0.05710935592651367
