data_preparation: 16.73098659515381
run_asmooth: 1.1495697498321533
compute_correlations: 116.2105667591095
compute_ExcessProfileEstimator: 115.73281812667847
