data_preparation: 8.878111600875854
run_asmooth: 0.9093546867370605
compute_correlations: 0.05833578109741211
compute_ExcessProfileEstimator: 0.0593266487121582
