data_preparation: 23.68176794052124
run_asmooth: 1.146698236465454
compute_correlations: 0.08099842071533203
compute_ExcessProfileEstimator: 0.07909965515136719
