data_preparation: 8.786689758300781
run_asmooth: 0.8768258094787598
compute_correlations: 0.06025576591491699
compute_ExcessProfileEstimator: 0.05670571327209473
