data_preparation: 18.45906925201416
run_asmooth: 1.4363694190979004
compute_correlations: 0.0760037899017334
compute_ExcessProfileEstimator: 0.07868814468383789
