data_preparation: 9.566174507141113
run_asmooth: 0.8661818504333496
compute_correlations: 0.06134438514709473
compute_ExcessProfileEstimator: 0.06058549880981445
