data_preparation: 9.195945739746094
run_asmooth: 1.0284626483917236
compute_correlations: 0.059943437576293945
compute_ExcessProfileEstimator: 0.06004977226257324
