data_preparation: 24.04462957382202
run_asmooth: 1.213810682296753
compute_correlations: 0.0853433609008789
compute_ExcessProfileEstimator: 0.08332347869873047
