data_preparation: 9.017089605331421
run_asmooth: 0.981428861618042
compute_correlations: 0.058829545974731445
compute_ExcessProfileEstimator: 0.05953860282897949
