data_preparation: 10.174090147018433
run_asmooth: 0.8815295696258545
compute_correlations: 0.06648492813110352
compute_ExcessProfileEstimator: 0.064422607421875
