data_preparation: 19.83156108856201
run_asmooth: 1.3935534954071045
compute_correlations: 0.09250712394714355
compute_ExcessProfileEstimator: 0.0963742733001709
