data_preparation: 8.562731504440308
run_asmooth: 0.8671875
compute_correlations: 0.055059194564819336
compute_ExcessProfileEstimator: 0.05504441261291504
