data_preparation: 9.245271921157837
run_asmooth: 0.9391815662384033
compute_correlations: 0.05935406684875488
compute_ExcessProfileEstimator: 0.06069207191467285
