data_preparation: 9.00457215309143
run_asmooth: 0.9706356525421143
compute_correlations: 0.058629512786865234
compute_ExcessProfileEstimator: 0.05884265899658203
