data_preparation: 9.088752269744873
run_asmooth: 0.9457874298095703
compute_correlations: 0.060141563415527344
compute_ExcessProfileEstimator: 0.0593717098236084
