data_preparation: 11.068429946899414
run_asmooth: 0.9473121166229248
compute_correlations: 0.07143425941467285
compute_ExcessProfileEstimator: 0.06997013092041016
