data_preparation: 8.90023946762085
run_asmooth: 0.8934192657470703
compute_correlations: 0.05774712562561035
compute_ExcessProfileEstimator: 0.05805635452270508
