data_preparation: 17.614423274993896
run_asmooth: 1.3246660232543945
compute_correlations: 0.09795784950256348
compute_ExcessProfileEstimator: 0.09657120704650879
