data_preparation: 17.29536747932434
run_asmooth: 1.301326036453247
compute_correlations: 0.09390115737915039
compute_ExcessProfileEstimator: 0.09301328659057617
