data_preparation: 17.798725366592407
run_asmooth: 1.3666439056396484
compute_correlations: 0.09632277488708496
compute_ExcessProfileEstimator: 0.09693121910095215
