data_preparation: 10.271759986877441
run_asmooth: 0.888723611831665
compute_correlations: 0.06468319892883301
compute_ExcessProfileEstimator: 0.06311964988708496
