data_preparation: 25.552321434020996
run_asmooth: 2.017267942428589
compute_correlations: 0.16311407089233398
compute_ExcessProfileEstimator: 0.16472482681274414
