data_preparation: 17.62096118927002
run_asmooth: 1.3038086891174316
compute_correlations: 0.0976717472076416
compute_ExcessProfileEstimator: 0.09917330741882324
