data_preparation: 26.636364936828613
run_asmooth: 1.3522047996520996
compute_correlations: 0.09545087814331055
compute_ExcessProfileEstimator: 0.09559440612792969
