data_preparation: 8.810666561126709
run_asmooth: 0.8784749507904053
compute_correlations: 0.05774044990539551
compute_ExcessProfileEstimator: 0.05745697021484375
