data_preparation: 20.4362576007843
run_asmooth: 1.566047191619873
compute_correlations: 0.11421060562133789
compute_ExcessProfileEstimator: 0.11166739463806152
