data_preparation: 27.22285795211792
run_asmooth: 1.9186789989471436
compute_correlations: 0.13997554779052734
compute_ExcessProfileEstimator: 0.13503384590148926
