data_preparation: 8.99255919456482
run_asmooth: 0.9228427410125732
compute_correlations: 0.06036210060119629
compute_ExcessProfileEstimator: 0.0591278076171875
