data_preparation: 17.73016858100891
run_asmooth: 1.1697783470153809
compute_correlations: 0.08152413368225098
compute_ExcessProfileEstimator: 0.08137083053588867
