data_preparation: 17.23093605041504
run_asmooth: 1.2359702587127686
compute_correlations: 0.0708308219909668
compute_ExcessProfileEstimator: 0.07032346725463867
