data_preparation: 17.81739568710327
run_asmooth: 1.2889094352722168
compute_correlations: 0.09799957275390625
compute_ExcessProfileEstimator: 0.09673452377319336
