data_preparation: 8.357066869735718
run_asmooth: 0.8386392593383789
compute_correlations: 0.05339765548706055
compute_ExcessProfileEstimator: 0.05462312698364258
