data_preparation: 9.343090772628784
run_asmooth: 0.8818166255950928
compute_correlations: 0.06209206581115723
compute_ExcessProfileEstimator: 0.06011199951171875
