data_preparation: 8.980368852615356
run_asmooth: 0.9175877571105957
compute_correlations: 0.05769920349121094
compute_ExcessProfileEstimator: 0.06096601486206055
