data_preparation: 18.859310150146484
run_asmooth: 1.8176403045654297
compute_correlations: 238.46876502037048
compute_ExcessProfileEstimator: 245.7814862728119
