data_preparation: 16.704482555389404
run_asmooth: 1.207054615020752
compute_correlations: 0.09308314323425293
compute_ExcessProfileEstimator: 0.09037446975708008
