data_preparation: 16.278573274612427
run_asmooth: 1.2233688831329346
compute_correlations: 0.08974242210388184
compute_ExcessProfileEstimator: 0.08765029907226562
