data_preparation: 16.489393949508667
run_asmooth: 1.2205567359924316
compute_correlations: 0.09266781806945801
compute_ExcessProfileEstimator: 0.09037566184997559
