data_preparation: 8.955009937286377
run_asmooth: 0.9032683372497559
compute_correlations: 0.05754685401916504
compute_ExcessProfileEstimator: 0.05736804008483887
