data_preparation: 25.91692328453064
run_asmooth: 2.0638844966888428
compute_correlations: 0.1513843536376953
compute_ExcessProfileEstimator: 0.14744162559509277
