data_preparation: 23.41042447090149
run_asmooth: 1.8279998302459717
compute_correlations: 0.14787769317626953
compute_ExcessProfileEstimator: 0.14371275901794434
