data_preparation: 8.868727922439575
run_asmooth: 0.9087162017822266
compute_correlations: 0.05822587013244629
compute_ExcessProfileEstimator: 0.05822324752807617
