data_preparation: 8.947484016418457
run_asmooth: 0.9064512252807617
compute_correlations: 0.05697965621948242
compute_ExcessProfileEstimator: 0.0570979118347168
