data_preparation: 9.034340858459473
run_asmooth: 0.9954075813293457
compute_correlations: 0.0596470832824707
compute_ExcessProfileEstimator: 0.06004977226257324
