data_preparation: 9.914063692092896
run_asmooth: 0.9043421745300293
compute_correlations: 0.06694936752319336
compute_ExcessProfileEstimator: 0.06505775451660156
