data_preparation: 9.047017335891724
run_asmooth: 1.0005009174346924
compute_correlations: 0.06098771095275879
compute_ExcessProfileEstimator: 0.05931854248046875
