data_preparation: 25.31825613975525
run_asmooth: 1.8133430480957031
compute_correlations: 0.1323227882385254
compute_ExcessProfileEstimator: 0.13087725639343262
