data_preparation: 18.561041355133057
run_asmooth: 1.3353116512298584
compute_correlations: 0.09986019134521484
compute_ExcessProfileEstimator: 0.10081124305725098
