data_preparation: 16.578135013580322
run_asmooth: 1.2769310474395752
compute_correlations: 0.09348130226135254
compute_ExcessProfileEstimator: 0.09263420104980469
