data_preparation: 10.430616855621338
run_asmooth: 0.961430549621582
compute_correlations: 0.06847357749938965
compute_ExcessProfileEstimator: 0.06926107406616211
