data_preparation: 18.32039999961853
run_asmooth: 1.221215009689331
compute_correlations: 0.08381938934326172
compute_ExcessProfileEstimator: 0.08394289016723633
