data_preparation: 16.565644025802612
run_asmooth: 1.2440004348754883
compute_correlations: 0.09463095664978027
compute_ExcessProfileEstimator: 0.09211587905883789
