data_preparation: 8.625439405441284
run_asmooth: 0.8554012775421143
compute_correlations: 0.0553898811340332
compute_ExcessProfileEstimator: 0.05524444580078125
