data_preparation: 8.85261058807373
run_asmooth: 0.8737537860870361
compute_correlations: 0.05615520477294922
compute_ExcessProfileEstimator: 0.05654001235961914
