data_preparation: 20.75063729286194
run_asmooth: 1.5036542415618896
compute_correlations: 0.1043236255645752
compute_ExcessProfileEstimator: 0.10411858558654785
