data_preparation: 12.469857931137085
run_asmooth: 1.079258680343628
compute_correlations: 0.07758903503417969
compute_ExcessProfileEstimator: 0.07526421546936035
