data_preparation: 10.402979135513306
run_asmooth: 0.901897668838501
compute_correlations: 0.06645059585571289
compute_ExcessProfileEstimator: 0.0641183853149414
