data_preparation: 17.458702564239502
run_asmooth: 1.2824831008911133
compute_correlations: 0.09624338150024414
compute_ExcessProfileEstimator: 0.0963907241821289
