data_preparation: 8.949789762496948
run_asmooth: 1.005009651184082
compute_correlations: 0.061382293701171875
compute_ExcessProfileEstimator: 0.06334066390991211
