data_preparation: 8.683116912841797
run_asmooth: 0.8786065578460693
compute_correlations: 0.055304527282714844
compute_ExcessProfileEstimator: 0.05480003356933594
