data_preparation: 19.681708097457886
run_asmooth: 1.432396411895752
compute_correlations: 0.08258366584777832
compute_ExcessProfileEstimator: 0.080230712890625
