data_preparation: 20.700343132019043
run_asmooth: 1.5798370838165283
compute_correlations: 0.11031246185302734
compute_ExcessProfileEstimator: 0.11298298835754395
