data_preparation: 9.049160957336426
run_asmooth: 0.9487221240997314
compute_correlations: 0.06115889549255371
compute_ExcessProfileEstimator: 0.06057143211364746
