data_preparation: 9.08222770690918
run_asmooth: 0.9481315612792969
compute_correlations: 0.061002254486083984
compute_ExcessProfileEstimator: 0.059853315353393555
