data_preparation: 8.906851053237915
run_asmooth: 0.9053606986999512
compute_correlations: 0.05859947204589844
compute_ExcessProfileEstimator: 0.05794811248779297
