data_preparation: 8.488749504089355
run_asmooth: 0.8220078945159912
compute_correlations: 0.05336952209472656
compute_ExcessProfileEstimator: 0.05418753623962402
