data_preparation: 15.063910722732544
run_asmooth: 1.0298712253570557
compute_correlations: 160.90446639060974
compute_ExcessProfileEstimator: 161.51288032531738
