data_preparation: 9.227013349533081
run_asmooth: 1.027897834777832
compute_correlations: 0.061116933822631836
compute_ExcessProfileEstimator: 0.061556100845336914
