data_preparation: 8.940457105636597
run_asmooth: 1.0144059658050537
compute_correlations: 0.06147360801696777
compute_ExcessProfileEstimator: 0.06151866912841797
