data_preparation: 10.345121383666992
run_asmooth: 0.9004695415496826
compute_correlations: 0.0649118423461914
compute_ExcessProfileEstimator: 0.06337738037109375
