data_preparation: 18.348712921142578
run_asmooth: 1.4163968563079834
compute_correlations: 0.0934751033782959
compute_ExcessProfileEstimator: 0.09549283981323242
