data_preparation: 8.97775149345398
run_asmooth: 0.9768199920654297
compute_correlations: 0.06191515922546387
compute_ExcessProfileEstimator: 0.062215566635131836
