data_preparation: 9.052631378173828
run_asmooth: 0.9188423156738281
compute_correlations: 0.05859684944152832
compute_ExcessProfileEstimator: 0.058821678161621094
