data_preparation: 17.504294395446777
run_asmooth: 1.2997841835021973
compute_correlations: 0.0958104133605957
compute_ExcessProfileEstimator: 0.09381842613220215
