data_preparation: 8.990738153457642
run_asmooth: 1.0110642910003662
compute_correlations: 0.05970191955566406
compute_ExcessProfileEstimator: 0.05906033515930176
