data_preparation: 20.393879413604736
run_asmooth: 1.4960741996765137
compute_correlations: 0.11147737503051758
compute_ExcessProfileEstimator: 0.11162662506103516
