data_preparation: 22.384963989257812
run_asmooth: 1.513289213180542
compute_correlations: 0.10804986953735352
compute_ExcessProfileEstimator: 0.10487866401672363
