data_preparation: 18.861984491348267
run_asmooth: 1.5888307094573975
compute_correlations: 235.03434014320374
compute_ExcessProfileEstimator: 235.03871250152588
