data_preparation: 23.666282415390015
run_asmooth: 1.1775672435760498
compute_correlations: 0.08395171165466309
compute_ExcessProfileEstimator: 0.08152985572814941
