data_preparation: 19.352484464645386
run_asmooth: 1.3703880310058594
compute_correlations: 0.10757589340209961
compute_ExcessProfileEstimator: 0.10202908515930176
