data_preparation: 22.577012062072754
run_asmooth: 1.7773747444152832
compute_correlations: 0.10455131530761719
compute_ExcessProfileEstimator: 0.10149955749511719
