data_preparation: 12.022303581237793
run_asmooth: 1.023444414138794
compute_correlations: 0.07568788528442383
compute_ExcessProfileEstimator: 0.07363653182983398
