data_preparation: 8.963569164276123
run_asmooth: 0.943225622177124
compute_correlations: 0.06025266647338867
compute_ExcessProfileEstimator: 0.13852620124816895
