data_preparation: 23.092876434326172
run_asmooth: 1.872288465499878
compute_correlations: 0.14081764221191406
compute_ExcessProfileEstimator: 0.14237737655639648
