data_preparation: 9.39966344833374
run_asmooth: 0.8422822952270508
compute_correlations: 0.06029033660888672
compute_ExcessProfileEstimator: 0.059229373931884766
