data_preparation: 17.302975177764893
run_asmooth: 1.2746741771697998
compute_correlations: 0.07365250587463379
compute_ExcessProfileEstimator: 0.07522749900817871
