data_preparation: 17.211514711380005
run_asmooth: 1.2101411819458008
compute_correlations: 0.09134817123413086
compute_ExcessProfileEstimator: 0.09090304374694824
