data_preparation: 9.138980150222778
run_asmooth: 1.005150556564331
compute_correlations: 0.06007957458496094
compute_ExcessProfileEstimator: 0.059610605239868164
