data_preparation: 20.328385591506958
run_asmooth: 1.4860942363739014
compute_correlations: 0.1097571849822998
compute_ExcessProfileEstimator: 0.11034846305847168
