data_preparation: 8.62200403213501
run_asmooth: 0.8507246971130371
compute_correlations: 0.05459427833557129
compute_ExcessProfileEstimator: 0.0548396110534668
