data_preparation: 8.824571371078491
run_asmooth: 0.8651952743530273
compute_correlations: 0.05594944953918457
compute_ExcessProfileEstimator: 0.05603599548339844
