data_preparation: 17.094951152801514
run_asmooth: 1.2772765159606934
compute_correlations: 0.0936117172241211
compute_ExcessProfileEstimator: 0.09311866760253906
