data_preparation: 9.076828002929688
run_asmooth: 0.9301283359527588
compute_correlations: 0.06291842460632324
compute_ExcessProfileEstimator: 0.06101584434509277
