data_preparation: 34.15225267410278
run_asmooth: 1.802492380142212
compute_correlations: 0.13890457153320312
compute_ExcessProfileEstimator: 0.133880615234375
