data_preparation: 10.626516103744507
run_asmooth: 0.9276366233825684
compute_correlations: 0.06673073768615723
compute_ExcessProfileEstimator: 0.06630969047546387
