data_preparation: 35.19263982772827
run_asmooth: 1.8989598751068115
compute_correlations: 0.14012885093688965
compute_ExcessProfileEstimator: 0.13502907752990723
