data_preparation: 19.51092219352722
run_asmooth: 1.4404776096343994
compute_correlations: 0.10342025756835938
compute_ExcessProfileEstimator: 0.10142350196838379
