data_preparation: 9.085621118545532
run_asmooth: 0.930595874786377
compute_correlations: 0.06004953384399414
compute_ExcessProfileEstimator: 0.06095433235168457
