data_preparation: 24.753273487091064
run_asmooth: 1.8944039344787598
compute_correlations: 0.13346052169799805
compute_ExcessProfileEstimator: 0.13051867485046387
