data_preparation: 8.919142961502075
run_asmooth: 0.929157018661499
compute_correlations: 0.060012102127075195
compute_ExcessProfileEstimator: 0.06102108955383301
