data_preparation: 28.575457334518433
run_asmooth: 1.336270809173584
compute_correlations: 0.0989828109741211
compute_ExcessProfileEstimator: 0.09946107864379883
