data_preparation: 8.908315181732178
run_asmooth: 0.8858892917633057
compute_correlations: 0.057358503341674805
compute_ExcessProfileEstimator: 0.057279348373413086
