data_preparation: 20.37372350692749
run_asmooth: 1.729433536529541
compute_correlations: 0.09681820869445801
compute_ExcessProfileEstimator: 0.09850311279296875
