data_preparation: 16.988535165786743
run_asmooth: 1.2131941318511963
compute_correlations: 0.09223103523254395
compute_ExcessProfileEstimator: 0.0926218032836914
