data_preparation: 9.312242984771729
run_asmooth: 0.9756970405578613
compute_correlations: 0.06437420845031738
compute_ExcessProfileEstimator: 0.1520094871520996
