data_preparation: 18.118952751159668
run_asmooth: 1.3862273693084717
compute_correlations: 0.10207605361938477
compute_ExcessProfileEstimator: 0.10013961791992188
