data_preparation: 9.100802898406982
run_asmooth: 0.9463262557983398
compute_correlations: 0.06140446662902832
compute_ExcessProfileEstimator: 0.0606846809387207
