data_preparation: 18.355628490447998
run_asmooth: 1.7318699359893799
compute_correlations: 227.89621114730835
compute_ExcessProfileEstimator: 224.5490436553955
