data_preparation: 18.966485738754272
run_asmooth: 1.3901042938232422
compute_correlations: 236.91316103935242
compute_ExcessProfileEstimator: 235.8946237564087
