data_preparation: 18.288673639297485
run_asmooth: 1.2753357887268066
compute_correlations: 0.0687401294708252
compute_ExcessProfileEstimator: 0.06757450103759766
