data_preparation: 22.878011226654053
run_asmooth: 1.8927767276763916
compute_correlations: 0.14786839485168457
compute_ExcessProfileEstimator: 0.14006328582763672
