data_preparation: 23.083982467651367
run_asmooth: 1.8536982536315918
compute_correlations: 0.13662052154541016
compute_ExcessProfileEstimator: 0.13665246963500977
