data_preparation: 10.391386985778809
run_asmooth: 0.8934094905853271
compute_correlations: 0.06501126289367676
compute_ExcessProfileEstimator: 0.06324195861816406
