data_preparation: 10.33998441696167
run_asmooth: 0.8975820541381836
compute_correlations: 0.06438064575195312
compute_ExcessProfileEstimator: 0.06330657005310059
