data_preparation: 10.551801204681396
run_asmooth: 1.0126402378082275
compute_correlations: 0.06822681427001953
compute_ExcessProfileEstimator: 0.06819987297058105
