data_preparation: 15.887009620666504
run_asmooth: 1.1469802856445312
compute_correlations: 0.08525896072387695
compute_ExcessProfileEstimator: 0.08541536331176758
