data_preparation: 19.833536863327026
run_asmooth: 1.855069637298584
compute_correlations: 243.6004581451416
compute_ExcessProfileEstimator: 239.67911767959595
