data_preparation: 8.876630783081055
run_asmooth: 0.8785202503204346
compute_correlations: 0.055538177490234375
compute_ExcessProfileEstimator: 0.055594444274902344
