data_preparation: 8.79011058807373
run_asmooth: 0.9671146869659424
compute_correlations: 0.05802583694458008
compute_ExcessProfileEstimator: 0.057784080505371094
