data_preparation: 12.605463027954102
run_asmooth: 0.9652795791625977
compute_correlations: 0.07244491577148438
compute_ExcessProfileEstimator: 0.07072997093200684
