data_preparation: 8.924430131912231
run_asmooth: 0.9028754234313965
compute_correlations: 0.05789995193481445
compute_ExcessProfileEstimator: 0.0589604377746582
