data_preparation: 8.822453737258911
run_asmooth: 0.8698184490203857
compute_correlations: 0.05611467361450195
compute_ExcessProfileEstimator: 0.0550074577331543
