data_preparation: 19.36530065536499
run_asmooth: 1.3073630332946777
compute_correlations: 210.35686779022217
compute_ExcessProfileEstimator: 211.85477018356323
