data_preparation: 22.55676245689392
run_asmooth: 1.8157570362091064
compute_correlations: 0.12676048278808594
compute_ExcessProfileEstimator: 0.12557148933410645
