data_preparation: 28.425405025482178
run_asmooth: 1.4787635803222656
compute_correlations: 0.10242652893066406
compute_ExcessProfileEstimator: 0.09869241714477539
