data_preparation: 17.018752336502075
run_asmooth: 1.2133076190948486
compute_correlations: 0.09297609329223633
compute_ExcessProfileEstimator: 0.09292912483215332
