data_preparation: 20.157767295837402
run_asmooth: 1.4544477462768555
compute_correlations: 0.07910752296447754
compute_ExcessProfileEstimator: 0.07859015464782715
