data_preparation: 17.050047874450684
run_asmooth: 1.2187182903289795
compute_correlations: 0.09204769134521484
compute_ExcessProfileEstimator: 0.0930795669555664
