data_preparation: 10.037867546081543
run_asmooth: 0.8895158767700195
compute_correlations: 0.06528306007385254
compute_ExcessProfileEstimator: 0.06316447257995605
