data_preparation: 37.101534366607666
run_asmooth: 2.016697645187378
compute_correlations: 0.14844036102294922
compute_ExcessProfileEstimator: 0.15256690979003906
