data_preparation: 9.198992490768433
run_asmooth: 0.94954514503479
compute_correlations: 0.06059670448303223
compute_ExcessProfileEstimator: 0.06213736534118652
