data_preparation: 18.233956336975098
run_asmooth: 1.4085757732391357
compute_correlations: 0.09398627281188965
compute_ExcessProfileEstimator: 0.09850835800170898
