data_preparation: 18.08268713951111
run_asmooth: 1.3508777618408203
compute_correlations: 0.09763216972351074
compute_ExcessProfileEstimator: 0.09809422492980957
