data_preparation: 22.01031804084778
run_asmooth: 1.7294747829437256
compute_correlations: 0.09328913688659668
compute_ExcessProfileEstimator: 0.09400248527526855
