data_preparation: 9.07529902458191
run_asmooth: 0.9364233016967773
compute_correlations: 0.05789470672607422
compute_ExcessProfileEstimator: 0.05706334114074707
