data_preparation: 8.92302918434143
run_asmooth: 0.9684650897979736
compute_correlations: 0.05981326103210449
compute_ExcessProfileEstimator: 0.05913352966308594
