data_preparation: 21.098565101623535
run_asmooth: 1.6955957412719727
compute_correlations: 0.12528705596923828
compute_ExcessProfileEstimator: 0.13301634788513184
