data_preparation: 18.612614393234253
run_asmooth: 1.2702271938323975
compute_correlations: 205.64855408668518
compute_ExcessProfileEstimator: 206.19807863235474
