data_preparation: 18.90366768836975
run_asmooth: 1.6791150569915771
compute_correlations: 207.6940507888794
compute_ExcessProfileEstimator: 207.09464502334595
