data_preparation: 19.130993604660034
run_asmooth: 1.3533766269683838
compute_correlations: 0.09836554527282715
compute_ExcessProfileEstimator: 0.09795165061950684
