data_preparation: 9.778197050094604
run_asmooth: 0.8774731159210205
compute_correlations: 0.06687641143798828
compute_ExcessProfileEstimator: 0.06323790550231934
