data_preparation: 19.530345916748047
run_asmooth: 1.4388926029205322
compute_correlations: 0.10004091262817383
compute_ExcessProfileEstimator: 0.09883928298950195
