data_preparation: 18.183303356170654
run_asmooth: 1.3494272232055664
compute_correlations: 0.09978222846984863
compute_ExcessProfileEstimator: 0.0976858139038086
