data_preparation: 10.624629020690918
run_asmooth: 0.931598424911499
compute_correlations: 0.06667876243591309
compute_ExcessProfileEstimator: 0.06677913665771484
