data_preparation: 22.905880212783813
run_asmooth: 1.961350440979004
compute_correlations: 0.1436634063720703
compute_ExcessProfileEstimator: 0.1447160243988037
