data_preparation: 9.0482816696167
run_asmooth: 0.8995156288146973
compute_correlations: 0.056769609451293945
compute_ExcessProfileEstimator: 0.058990478515625
