data_preparation: 9.818300247192383
run_asmooth: 0.874169111251831
compute_correlations: 0.06675577163696289
compute_ExcessProfileEstimator: 0.06267881393432617
