data_preparation: 19.081403493881226
run_asmooth: 2.0090463161468506
compute_correlations: 236.88008427619934
compute_ExcessProfileEstimator: 234.46170496940613
