data_preparation: 20.5912504196167
run_asmooth: 1.5923726558685303
compute_correlations: 0.11304974555969238
compute_ExcessProfileEstimator: 0.11584115028381348
