data_preparation: 8.835865259170532
run_asmooth: 0.8933510780334473
compute_correlations: 0.05807209014892578
compute_ExcessProfileEstimator: 0.05829882621765137
