data_preparation: 9.076598882675171
run_asmooth: 0.9156820774078369
compute_correlations: 0.05872964859008789
compute_ExcessProfileEstimator: 0.061534881591796875
