data_preparation: 21.455203771591187
run_asmooth: 1.4374632835388184
compute_correlations: 0.10584282875061035
compute_ExcessProfileEstimator: 0.10088443756103516
