data_preparation: 24.268446683883667
run_asmooth: 1.8049283027648926
compute_correlations: 0.13410353660583496
compute_ExcessProfileEstimator: 0.1326897144317627
