data_preparation: 9.556610822677612
run_asmooth: 0.9136316776275635
compute_correlations: 0.059122562408447266
compute_ExcessProfileEstimator: 0.05953097343444824
