data_preparation: 18.00216245651245
run_asmooth: 1.1982059478759766
compute_correlations: 202.0518741607666
compute_ExcessProfileEstimator: 201.3678228855133
