data_preparation: 9.294162034988403
run_asmooth: 0.9627566337585449
compute_correlations: 0.0611109733581543
compute_ExcessProfileEstimator: 0.06134462356567383
