data_preparation: 17.33508610725403
run_asmooth: 1.3137202262878418
compute_correlations: 0.09499120712280273
compute_ExcessProfileEstimator: 0.0940408706665039
