data_preparation: 8.79681134223938
run_asmooth: 0.8917484283447266
compute_correlations: 0.057688236236572266
compute_ExcessProfileEstimator: 0.05755734443664551
