data_preparation: 25.758130073547363
run_asmooth: 1.235109806060791
compute_correlations: 0.08943557739257812
compute_ExcessProfileEstimator: 0.08764839172363281
