data_preparation: 17.129496812820435
run_asmooth: 1.3127148151397705
compute_correlations: 0.0946495532989502
compute_ExcessProfileEstimator: 0.09253072738647461
