data_preparation: 9.192607641220093
run_asmooth: 0.92814040184021
compute_correlations: 0.05912327766418457
compute_ExcessProfileEstimator: 0.1295621395111084
