data_preparation: 9.226383686065674
run_asmooth: 0.923114538192749
compute_correlations: 0.059034109115600586
compute_ExcessProfileEstimator: 0.05980420112609863
