data_preparation: 23.922457218170166
run_asmooth: 1.9157392978668213
compute_correlations: 0.14988946914672852
compute_ExcessProfileEstimator: 0.1323709487915039
