data_preparation: 17.67735981941223
run_asmooth: 1.2976484298706055
compute_correlations: 0.09700632095336914
compute_ExcessProfileEstimator: 0.09755229949951172
