data_preparation: 21.199777603149414
run_asmooth: 1.6105244159698486
compute_correlations: 257.9664385318756
compute_ExcessProfileEstimator: 258.0980792045593
