data_preparation: 18.586508750915527
run_asmooth: 1.2426609992980957
compute_correlations: 209.75104761123657
compute_ExcessProfileEstimator: 210.3083209991455
