data_preparation: 23.20720148086548
run_asmooth: 1.692018985748291
compute_correlations: 0.1309518814086914
compute_ExcessProfileEstimator: 0.12389063835144043
