data_preparation: 9.15817403793335
run_asmooth: 0.9157946109771729
compute_correlations: 0.058460235595703125
compute_ExcessProfileEstimator: 0.058896541595458984
