data_preparation: 18.993395566940308
run_asmooth: 1.6271631717681885
compute_correlations: 0.12798452377319336
compute_ExcessProfileEstimator: 0.12317609786987305
