data_preparation: 17.76300859451294
run_asmooth: 1.1729626655578613
compute_correlations: 0.08266043663024902
compute_ExcessProfileEstimator: 0.08194661140441895
