data_preparation: 9.117061138153076
run_asmooth: 0.897559642791748
compute_correlations: 0.058096885681152344
compute_ExcessProfileEstimator: 0.05705976486206055
