data_preparation: 22.15943145751953
run_asmooth: 1.7741897106170654
compute_correlations: 0.13866782188415527
compute_ExcessProfileEstimator: 0.19065141677856445
