data_preparation: 18.986952543258667
run_asmooth: 1.3774163722991943
compute_correlations: 0.1068105697631836
compute_ExcessProfileEstimator: 0.10802602767944336
