data_preparation: 9.06245493888855
run_asmooth: 0.9274916648864746
compute_correlations: 0.05949878692626953
compute_ExcessProfileEstimator: 0.059844970703125
