data_preparation: 10.271931886672974
run_asmooth: 0.939746618270874
compute_correlations: 0.06446218490600586
compute_ExcessProfileEstimator: 0.0635373592376709
