data_preparation: 29.04094099998474
run_asmooth: 1.4565784931182861
compute_correlations: 0.10420012474060059
compute_ExcessProfileEstimator: 0.10231423377990723
