data_preparation: 17.768593549728394
run_asmooth: 1.1623141765594482
compute_correlations: 0.08156967163085938
compute_ExcessProfileEstimator: 0.08080029487609863
