data_preparation: 10.243175983428955
run_asmooth: 0.8906691074371338
compute_correlations: 0.06356430053710938
compute_ExcessProfileEstimator: 0.06236147880554199
