data_preparation: 8.950249671936035
run_asmooth: 0.966127872467041
compute_correlations: 0.05797529220581055
compute_ExcessProfileEstimator: 0.05820822715759277
