data_preparation: 19.618874311447144
run_asmooth: 1.4246325492858887
compute_correlations: 0.09789276123046875
compute_ExcessProfileEstimator: 0.09801459312438965
