data_preparation: 21.72538447380066
run_asmooth: 1.8598027229309082
compute_correlations: 0.1356029510498047
compute_ExcessProfileEstimator: 0.13602638244628906
