data_preparation: 22.61761236190796
run_asmooth: 1.7391078472137451
compute_correlations: 0.1342763900756836
compute_ExcessProfileEstimator: 0.14240598678588867
