data_preparation: 9.081994533538818
run_asmooth: 0.9183354377746582
compute_correlations: 0.06060504913330078
compute_ExcessProfileEstimator: 0.05898737907409668
