data_preparation: 17.116172790527344
run_asmooth: 1.2567527294158936
compute_correlations: 0.09233236312866211
compute_ExcessProfileEstimator: 0.09058213233947754
