data_preparation: 9.491757154464722
run_asmooth: 0.9960949420928955
compute_correlations: 0.06481814384460449
compute_ExcessProfileEstimator: 0.06424212455749512
