data_preparation: 19.1143639087677
run_asmooth: 1.273442268371582
compute_correlations: 0.09023141860961914
compute_ExcessProfileEstimator: 0.08980751037597656
