data_preparation: 8.719684600830078
run_asmooth: 0.880120038986206
compute_correlations: 0.05736804008483887
compute_ExcessProfileEstimator: 0.057881832122802734
