data_preparation: 8.761604070663452
run_asmooth: 0.8757374286651611
compute_correlations: 0.05672025680541992
compute_ExcessProfileEstimator: 0.05626535415649414
