data_preparation: 18.54181480407715
run_asmooth: 1.3150763511657715
compute_correlations: 0.0697181224822998
compute_ExcessProfileEstimator: 0.0705413818359375
