data_preparation: 8.970344543457031
run_asmooth: 0.929795503616333
compute_correlations: 0.05912446975708008
compute_ExcessProfileEstimator: 0.05930685997009277
