data_preparation: 19.37552547454834
run_asmooth: 1.6441283226013184
compute_correlations: 0.09366536140441895
compute_ExcessProfileEstimator: 0.09418225288391113
