data_preparation: 8.930935859680176
run_asmooth: 0.916374921798706
compute_correlations: 0.05853724479675293
compute_ExcessProfileEstimator: 0.059120893478393555
