data_preparation: 8.887630701065063
run_asmooth: 0.9091465473175049
compute_correlations: 0.057486534118652344
compute_ExcessProfileEstimator: 0.057496070861816406
