data_preparation: 19.235744953155518
run_asmooth: 1.3734183311462402
compute_correlations: 0.10082769393920898
compute_ExcessProfileEstimator: 0.09996652603149414
