data_preparation: 21.579116344451904
run_asmooth: 1.6379637718200684
compute_correlations: 0.11954259872436523
compute_ExcessProfileEstimator: 0.11900496482849121
