data_preparation: 17.025287628173828
run_asmooth: 1.200070858001709
compute_correlations: 0.06930327415466309
compute_ExcessProfileEstimator: 0.07094168663024902
