data_preparation: 16.202771186828613
run_asmooth: 1.1624095439910889
compute_correlations: 0.07433462142944336
compute_ExcessProfileEstimator: 0.07326221466064453
