data_preparation: 17.580809593200684
run_asmooth: 1.2652573585510254
compute_correlations: 0.08819127082824707
compute_ExcessProfileEstimator: 0.08673787117004395
