data_preparation: 9.169432878494263
run_asmooth: 1.007819414138794
compute_correlations: 0.06075692176818848
compute_ExcessProfileEstimator: 0.0606694221496582
