data_preparation: 27.016557693481445
run_asmooth: 1.2482037544250488
compute_correlations: 0.08711504936218262
compute_ExcessProfileEstimator: 0.09044289588928223
