data_preparation: 19.686343908309937
run_asmooth: 1.4362666606903076
compute_correlations: 0.10000157356262207
compute_ExcessProfileEstimator: 0.10146737098693848
