data_preparation: 9.987849235534668
run_asmooth: 0.8992600440979004
compute_correlations: 0.06647419929504395
compute_ExcessProfileEstimator: 0.06426310539245605
