data_preparation: 16.227606773376465
run_asmooth: 1.2070660591125488
compute_correlations: 0.09022974967956543
compute_ExcessProfileEstimator: 0.08869433403015137
