data_preparation: 9.116198539733887
run_asmooth: 0.994361162185669
compute_correlations: 0.0607144832611084
compute_ExcessProfileEstimator: 0.059973716735839844
