data_preparation: 8.91474199295044
run_asmooth: 0.9311532974243164
compute_correlations: 0.06003212928771973
compute_ExcessProfileEstimator: 0.13033294677734375
