data_preparation: 19.599475860595703
run_asmooth: 1.418712854385376
compute_correlations: 0.10229945182800293
compute_ExcessProfileEstimator: 0.10238385200500488
