data_preparation: 20.024128437042236
run_asmooth: 1.4594850540161133
compute_correlations: 0.11110258102416992
compute_ExcessProfileEstimator: 0.17019081115722656
