data_preparation: 18.413448810577393
run_asmooth: 1.4427413940429688
compute_correlations: 121.00001931190491
compute_ExcessProfileEstimator: 121.12613487243652
