data_preparation: 20.644975185394287
run_asmooth: 1.5016002655029297
compute_correlations: 0.11179971694946289
compute_ExcessProfileEstimator: 0.11062765121459961
