data_preparation: 17.587618589401245
run_asmooth: 1.3363621234893799
compute_correlations: 0.09980607032775879
compute_ExcessProfileEstimator: 0.09947586059570312
