data_preparation: 8.900712251663208
run_asmooth: 0.8887107372283936
compute_correlations: 0.05691957473754883
compute_ExcessProfileEstimator: 0.05835127830505371
