data_preparation: 9.047556161880493
run_asmooth: 1.0094869136810303
compute_correlations: 0.05981731414794922
compute_ExcessProfileEstimator: 0.05973410606384277
