data_preparation: 8.86269998550415
run_asmooth: 0.9863936901092529
compute_correlations: 0.05970573425292969
compute_ExcessProfileEstimator: 0.05891871452331543
