data_preparation: 17.177237510681152
run_asmooth: 1.3277037143707275
compute_correlations: 0.09588789939880371
compute_ExcessProfileEstimator: 0.09547972679138184
