data_preparation: 15.673888444900513
run_asmooth: 1.056161642074585
compute_correlations: 175.6440007686615
compute_ExcessProfileEstimator: 175.78642892837524
