data_preparation: 18.359992504119873
run_asmooth: 1.191032886505127
compute_correlations: 0.08273005485534668
compute_ExcessProfileEstimator: 0.08193826675415039
