data_preparation: 22.151163816452026
run_asmooth: 1.7324552536010742
compute_correlations: 0.12092995643615723
compute_ExcessProfileEstimator: 0.13263845443725586
