data_preparation: 8.918639659881592
run_asmooth: 0.924851655960083
compute_correlations: 0.05825543403625488
compute_ExcessProfileEstimator: 0.05913710594177246
