data_preparation: 17.44452714920044
run_asmooth: 1.3070569038391113
compute_correlations: 0.09466886520385742
compute_ExcessProfileEstimator: 0.0974431037902832
