data_preparation: 17.674220323562622
run_asmooth: 1.3133399486541748
compute_correlations: 0.0959923267364502
compute_ExcessProfileEstimator: 0.09363436698913574
