data_preparation: 18.137717247009277
run_asmooth: 1.1963822841644287
compute_correlations: 0.0851287841796875
compute_ExcessProfileEstimator: 0.08343768119812012
