data_preparation: 9.027748346328735
run_asmooth: 0.9289259910583496
compute_correlations: 0.05961322784423828
compute_ExcessProfileEstimator: 0.06048178672790527
