data_preparation: 8.881687641143799
run_asmooth: 0.8819208145141602
compute_correlations: 0.056852102279663086
compute_ExcessProfileEstimator: 0.05667901039123535
