data_preparation: 8.8552725315094
run_asmooth: 0.9294548034667969
compute_correlations: 0.059619903564453125
compute_ExcessProfileEstimator: 0.12593317031860352
