data_preparation: 16.710614919662476
run_asmooth: 1.219391107559204
compute_correlations: 0.08983778953552246
compute_ExcessProfileEstimator: 0.08942890167236328
