data_preparation: 21.54924774169922
run_asmooth: 1.70424485206604
compute_correlations: 0.1293659210205078
compute_ExcessProfileEstimator: 0.13006830215454102
