data_preparation: 37.55834698677063
run_asmooth: 1.9694788455963135
compute_correlations: 0.14360666275024414
compute_ExcessProfileEstimator: 0.1406397819519043
