data_preparation: 20.809990644454956
run_asmooth: 1.5471951961517334
compute_correlations: 0.11528778076171875
compute_ExcessProfileEstimator: 0.11433076858520508
