data_preparation: 8.59501838684082
run_asmooth: 0.8583180904388428
compute_correlations: 0.05575394630432129
compute_ExcessProfileEstimator: 0.05542492866516113
