data_preparation: 17.887677907943726
run_asmooth: 1.5644254684448242
compute_correlations: 163.29279255867004
compute_ExcessProfileEstimator: 162.8829972743988
