data_preparation: 8.852005004882812
run_asmooth: 0.989274263381958
compute_correlations: 0.05998086929321289
compute_ExcessProfileEstimator: 0.05936574935913086
