data_preparation: 16.236403465270996
run_asmooth: 1.212463617324829
compute_correlations: 0.0900733470916748
compute_ExcessProfileEstimator: 0.0890042781829834
