data_preparation: 23.292402505874634
run_asmooth: 1.8502824306488037
compute_correlations: 0.12612104415893555
compute_ExcessProfileEstimator: 0.13479828834533691
