data_preparation: 16.803996086120605
run_asmooth: 1.193868637084961
compute_correlations: 0.06517744064331055
compute_ExcessProfileEstimator: 0.0651097297668457
