data_preparation: 8.821308851242065
run_asmooth: 0.893073320388794
compute_correlations: 0.05865907669067383
compute_ExcessProfileEstimator: 0.0579681396484375
