data_preparation: 19.111385583877563
run_asmooth: 1.3948266506195068
compute_correlations: 0.07738232612609863
compute_ExcessProfileEstimator: 0.07643580436706543
