data_preparation: 33.12250304222107
run_asmooth: 1.8428115844726562
compute_correlations: 0.15128684043884277
compute_ExcessProfileEstimator: 0.14294147491455078
