data_preparation: 19.548466444015503
run_asmooth: 1.4880244731903076
compute_correlations: 0.10395503044128418
compute_ExcessProfileEstimator: 0.10298776626586914
