data_preparation: 9.183098793029785
run_asmooth: 0.9786341190338135
compute_correlations: 0.06376433372497559
compute_ExcessProfileEstimator: 0.06344366073608398
