data_preparation: 8.708905220031738
run_asmooth: 0.8631653785705566
compute_correlations: 0.0558779239654541
compute_ExcessProfileEstimator: 0.0559542179107666
