data_preparation: 16.761703729629517
run_asmooth: 1.2272403240203857
compute_correlations: 0.08998918533325195
compute_ExcessProfileEstimator: 0.08970499038696289
