data_preparation: 8.882956266403198
run_asmooth: 0.8963994979858398
compute_correlations: 0.056382179260253906
compute_ExcessProfileEstimator: 0.056227922439575195
