data_preparation: 8.986310005187988
run_asmooth: 1.0195088386535645
compute_correlations: 0.05996346473693848
compute_ExcessProfileEstimator: 0.059046030044555664
