data_preparation: 9.084330081939697
run_asmooth: 1.0112676620483398
compute_correlations: 0.05810952186584473
compute_ExcessProfileEstimator: 0.059125661849975586
