data_preparation: 17.19573473930359
run_asmooth: 1.2869641780853271
compute_correlations: 0.09451770782470703
compute_ExcessProfileEstimator: 0.09335970878601074
