data_preparation: 9.235256910324097
run_asmooth: 0.9605908393859863
compute_correlations: 0.06310844421386719
compute_ExcessProfileEstimator: 0.06702876091003418
