data_preparation: 19.825340509414673
run_asmooth: 1.485328197479248
compute_correlations: 0.10905075073242188
compute_ExcessProfileEstimator: 0.10938167572021484
