data_preparation: 24.397550344467163
run_asmooth: 1.9366755485534668
compute_correlations: 0.1641840934753418
compute_ExcessProfileEstimator: 0.1502685546875
