data_preparation: 9.12925934791565
run_asmooth: 0.9475703239440918
compute_correlations: 0.06038308143615723
compute_ExcessProfileEstimator: 0.06037783622741699
