data_preparation: 9.521179676055908
run_asmooth: 1.0124945640563965
compute_correlations: 0.06508564949035645
compute_ExcessProfileEstimator: 0.06367874145507812
