data_preparation: 16.94609785079956
run_asmooth: 1.2639436721801758
compute_correlations: 0.0924839973449707
compute_ExcessProfileEstimator: 0.09155488014221191
