data_preparation: 8.991676330566406
run_asmooth: 0.9865238666534424
compute_correlations: 0.059116363525390625
compute_ExcessProfileEstimator: 0.06033015251159668
