data_preparation: 19.415201902389526
run_asmooth: 1.4246528148651123
compute_correlations: 0.10226178169250488
compute_ExcessProfileEstimator: 0.0998687744140625
