data_preparation: 19.66917657852173
run_asmooth: 1.6415584087371826
compute_correlations: 0.11673879623413086
compute_ExcessProfileEstimator: 0.11546683311462402
