data_preparation: 20.337249279022217
run_asmooth: 1.5596516132354736
compute_correlations: 0.09986186027526855
compute_ExcessProfileEstimator: 0.09497952461242676
