data_preparation: 18.544636726379395
run_asmooth: 1.227346658706665
compute_correlations: 0.08672475814819336
compute_ExcessProfileEstimator: 0.08465361595153809
