data_preparation: 23.070157766342163
run_asmooth: 1.8130123615264893
compute_correlations: 0.12821316719055176
compute_ExcessProfileEstimator: 0.12525653839111328
