data_preparation: 33.0128858089447
run_asmooth: 1.621145486831665
compute_correlations: 0.12404632568359375
compute_ExcessProfileEstimator: 0.11943769454956055
