data_preparation: 19.04230570793152
run_asmooth: 1.258819580078125
compute_correlations: 0.0885007381439209
compute_ExcessProfileEstimator: 0.08912134170532227
