data_preparation: 8.895956993103027
run_asmooth: 1.0012202262878418
compute_correlations: 0.05999302864074707
compute_ExcessProfileEstimator: 0.05983543395996094
