data_preparation: 18.4648220539093
run_asmooth: 1.2535569667816162
compute_correlations: 0.08734369277954102
compute_ExcessProfileEstimator: 0.08517217636108398
