data_preparation: 21.121397256851196
run_asmooth: 1.700221061706543
compute_correlations: 0.13227152824401855
compute_ExcessProfileEstimator: 0.13313913345336914
