data_preparation: 9.10971975326538
run_asmooth: 0.9961609840393066
compute_correlations: 0.059876441955566406
compute_ExcessProfileEstimator: 0.060701608657836914
