data_preparation: 18.923803567886353
run_asmooth: 1.2716200351715088
compute_correlations: 207.6204583644867
compute_ExcessProfileEstimator: 207.13326001167297
