data_preparation: 10.250065565109253
run_asmooth: 0.8768110275268555
compute_correlations: 0.06496691703796387
compute_ExcessProfileEstimator: 0.06382632255554199
