data_preparation: 8.793295860290527
run_asmooth: 0.9497692584991455
compute_correlations: 0.05686187744140625
compute_ExcessProfileEstimator: 0.05797386169433594
