data_preparation: 9.073508501052856
run_asmooth: 0.8350241184234619
compute_correlations: 0.05664467811584473
compute_ExcessProfileEstimator: 0.05469989776611328
