data_preparation: 8.771600484848022
run_asmooth: 0.8447515964508057
compute_correlations: 0.05398845672607422
compute_ExcessProfileEstimator: 0.05350494384765625
