data_preparation: 19.137795209884644
run_asmooth: 1.3175392150878906
compute_correlations: 208.7310791015625
compute_ExcessProfileEstimator: 209.53898191452026
