data_preparation: 8.936702013015747
run_asmooth: 0.9061610698699951
compute_correlations: 0.05723094940185547
compute_ExcessProfileEstimator: 0.05797934532165527
