data_preparation: 9.325518369674683
run_asmooth: 0.8246810436248779
compute_correlations: 0.059413909912109375
compute_ExcessProfileEstimator: 0.058573007583618164
