data_preparation: 17.156955003738403
run_asmooth: 1.3587417602539062
compute_correlations: 122.8578233718872
compute_ExcessProfileEstimator: 119.4108374118805
