data_preparation: 9.014228582382202
run_asmooth: 0.9295635223388672
compute_correlations: 0.06154131889343262
compute_ExcessProfileEstimator: 0.061048030853271484
