data_preparation: 10.283211469650269
run_asmooth: 0.8843791484832764
compute_correlations: 0.06721377372741699
compute_ExcessProfileEstimator: 0.06467080116271973
