data_preparation: 20.55271625518799
run_asmooth: 1.4822416305541992
compute_correlations: 0.08109307289123535
compute_ExcessProfileEstimator: 0.07978367805480957
