data_preparation: 17.21657919883728
run_asmooth: 1.2869865894317627
compute_correlations: 0.09631466865539551
compute_ExcessProfileEstimator: 0.09517645835876465
