data_preparation: 17.41429305076599
run_asmooth: 1.3442084789276123
compute_correlations: 0.09893298149108887
compute_ExcessProfileEstimator: 0.0968477725982666
