data_preparation: 9.054664373397827
run_asmooth: 0.933863639831543
compute_correlations: 0.05881357192993164
compute_ExcessProfileEstimator: 0.05946755409240723
