data_preparation: 17.52115750312805
run_asmooth: 1.2262227535247803
compute_correlations: 0.07129859924316406
compute_ExcessProfileEstimator: 0.0692753791809082
