data_preparation: 25.921472549438477
run_asmooth: 1.2062938213348389
compute_correlations: 0.085479736328125
compute_ExcessProfileEstimator: 0.0836174488067627
