data_preparation: 17.31328845024109
run_asmooth: 1.3165769577026367
compute_correlations: 0.09877848625183105
compute_ExcessProfileEstimator: 0.09570550918579102
