data_preparation: 16.953897953033447
run_asmooth: 1.2655260562896729
compute_correlations: 0.0936284065246582
compute_ExcessProfileEstimator: 0.09395718574523926
