data_preparation: 26.925888299942017
run_asmooth: 1.2758686542510986
compute_correlations: 0.09247112274169922
compute_ExcessProfileEstimator: 0.0895388126373291
