data_preparation: 8.953802347183228
run_asmooth: 0.8988683223724365
compute_correlations: 0.058526039123535156
compute_ExcessProfileEstimator: 0.057721853256225586
