data_preparation: 18.007432460784912
run_asmooth: 1.350510835647583
compute_correlations: 0.09821057319641113
compute_ExcessProfileEstimator: 0.09870767593383789
