data_preparation: 25.510411977767944
run_asmooth: 1.1501693725585938
compute_correlations: 0.08238935470581055
compute_ExcessProfileEstimator: 0.08104538917541504
