data_preparation: 8.738481760025024
run_asmooth: 0.910825252532959
compute_correlations: 0.058915138244628906
compute_ExcessProfileEstimator: 0.1185605525970459
