data_preparation: 8.970053434371948
run_asmooth: 0.9277071952819824
compute_correlations: 0.05872941017150879
compute_ExcessProfileEstimator: 0.06044888496398926
