data_preparation: 9.223074674606323
run_asmooth: 0.9586482048034668
compute_correlations: 0.06035304069519043
compute_ExcessProfileEstimator: 0.06093788146972656
