data_preparation: 16.15604305267334
run_asmooth: 1.2040131092071533
compute_correlations: 0.08890628814697266
compute_ExcessProfileEstimator: 0.08766484260559082
