data_preparation: 17.085841417312622
run_asmooth: 1.2234439849853516
compute_correlations: 0.06534934043884277
compute_ExcessProfileEstimator: 0.06440067291259766
