data_preparation: 19.893216133117676
run_asmooth: 1.4537460803985596
compute_correlations: 0.07788515090942383
compute_ExcessProfileEstimator: 0.0776216983795166
