data_preparation: 15.582902193069458
run_asmooth: 1.0653433799743652
compute_correlations: 178.3089783191681
compute_ExcessProfileEstimator: 176.49550819396973
