data_preparation: 20.327404499053955
run_asmooth: 1.4576222896575928
compute_correlations: 0.0790562629699707
compute_ExcessProfileEstimator: 0.07868242263793945
