data_preparation: 8.92654037475586
run_asmooth: 0.9224281311035156
compute_correlations: 0.059937477111816406
compute_ExcessProfileEstimator: 0.059618473052978516
