data_preparation: 19.1475670337677
run_asmooth: 1.3700923919677734
compute_correlations: 0.0922236442565918
compute_ExcessProfileEstimator: 0.09427261352539062
