data_preparation: 8.956029176712036
run_asmooth: 0.889028787612915
compute_correlations: 0.05916404724121094
compute_ExcessProfileEstimator: 0.057795047760009766
