data_preparation: 17.226646661758423
run_asmooth: 1.3295097351074219
compute_correlations: 0.07183122634887695
compute_ExcessProfileEstimator: 0.07416653633117676
