data_preparation: 18.333651304244995
run_asmooth: 1.235074758529663
compute_correlations: 0.08646869659423828
compute_ExcessProfileEstimator: 0.08387112617492676
