data_preparation: 9.436136960983276
run_asmooth: 0.9786646366119385
compute_correlations: 0.06361508369445801
compute_ExcessProfileEstimator: 0.06435728073120117
