data_preparation: 20.210750579833984
run_asmooth: 1.639348030090332
compute_correlations: 227.56588411331177
compute_ExcessProfileEstimator: 219.9156985282898
