data_preparation: 8.605128288269043
run_asmooth: 0.8800404071807861
compute_correlations: 0.0567319393157959
compute_ExcessProfileEstimator: 0.05575275421142578
