data_preparation: 9.243566513061523
run_asmooth: 0.9451446533203125
compute_correlations: 0.06089925765991211
compute_ExcessProfileEstimator: 0.13927030563354492
