data_preparation: 9.104341745376587
run_asmooth: 0.9448697566986084
compute_correlations: 0.060853004455566406
compute_ExcessProfileEstimator: 0.06040143966674805
