data_preparation: 28.04075050354004
run_asmooth: 1.4337220191955566
compute_correlations: 0.10423421859741211
compute_ExcessProfileEstimator: 0.10013008117675781
