data_preparation: 8.814682722091675
run_asmooth: 0.8998007774353027
compute_correlations: 0.05875849723815918
compute_ExcessProfileEstimator: 0.05747795104980469
