data_preparation: 21.719794988632202
run_asmooth: 1.681485652923584
compute_correlations: 0.1266155242919922
compute_ExcessProfileEstimator: 0.1240684986114502
