data_preparation: 9.04259467124939
run_asmooth: 0.8405246734619141
compute_correlations: 0.056867361068725586
compute_ExcessProfileEstimator: 0.05537581443786621
