data_preparation: 17.00909399986267
run_asmooth: 1.184161901473999
compute_correlations: 0.09078717231750488
compute_ExcessProfileEstimator: 0.0902099609375
