data_preparation: 9.869718074798584
run_asmooth: 0.8800530433654785
compute_correlations: 0.06482839584350586
compute_ExcessProfileEstimator: 0.06269407272338867
