data_preparation: 22.47019648551941
run_asmooth: 1.797393560409546
compute_correlations: 0.13153433799743652
compute_ExcessProfileEstimator: 0.13783049583435059
