data_preparation: 9.086997270584106
run_asmooth: 0.9011056423187256
compute_correlations: 0.057929277420043945
compute_ExcessProfileEstimator: 0.05752921104431152
