data_preparation: 16.61414909362793
run_asmooth: 1.1242825984954834
compute_correlations: 177.55526971817017
compute_ExcessProfileEstimator: 176.77009892463684
