data_preparation: 8.855156421661377
run_asmooth: 0.9030880928039551
compute_correlations: 0.06004762649536133
compute_ExcessProfileEstimator: 0.059046268463134766
