data_preparation: 16.217417240142822
run_asmooth: 1.2249455451965332
compute_correlations: 0.0907285213470459
compute_ExcessProfileEstimator: 0.08898210525512695
