data_preparation: 9.43285870552063
run_asmooth: 0.8387413024902344
compute_correlations: 0.05967545509338379
compute_ExcessProfileEstimator: 0.05934262275695801
