data_preparation: 31.151611804962158
run_asmooth: 1.4599683284759521
compute_correlations: 0.10338664054870605
compute_ExcessProfileEstimator: 0.1047663688659668
