data_preparation: 17.001628637313843
run_asmooth: 1.1209032535552979
compute_correlations: 193.56389737129211
compute_ExcessProfileEstimator: 193.09684038162231
