data_preparation: 16.470378875732422
run_asmooth: 1.2768146991729736
compute_correlations: 109.65092873573303
compute_ExcessProfileEstimator: 109.36864566802979
