data_preparation: 9.093994379043579
run_asmooth: 0.9324038028717041
compute_correlations: 0.05868077278137207
compute_ExcessProfileEstimator: 0.059075355529785156
