data_preparation: 23.31377863883972
run_asmooth: 1.8507874011993408
compute_correlations: 0.12929511070251465
compute_ExcessProfileEstimator: 0.13018369674682617
