data_preparation: 19.936598300933838
run_asmooth: 1.487109899520874
compute_correlations: 0.11096620559692383
compute_ExcessProfileEstimator: 0.11025476455688477
