data_preparation: 9.178791284561157
run_asmooth: 0.9494681358337402
compute_correlations: 0.06284189224243164
compute_ExcessProfileEstimator: 0.06068825721740723
