data_preparation: 9.044601440429688
run_asmooth: 0.9427495002746582
compute_correlations: 0.05947136878967285
compute_ExcessProfileEstimator: 0.06108593940734863
