data_preparation: 9.433099508285522
run_asmooth: 0.8481416702270508
compute_correlations: 0.061974525451660156
compute_ExcessProfileEstimator: 0.060209035873413086
