data_preparation: 17.64620280265808
run_asmooth: 1.2949440479278564
compute_correlations: 0.09678912162780762
compute_ExcessProfileEstimator: 0.1563405990600586
