data_preparation: 8.735785484313965
run_asmooth: 0.890845775604248
compute_correlations: 0.057367801666259766
compute_ExcessProfileEstimator: 0.05644655227661133
