data_preparation: 16.89069938659668
run_asmooth: 1.346806287765503
compute_correlations: 118.24293875694275
compute_ExcessProfileEstimator: 118.4068968296051
