data_preparation: 20.366727352142334
run_asmooth: 1.6936123371124268
compute_correlations: 184.5186369419098
compute_ExcessProfileEstimator: 182.52537965774536
