data_preparation: 21.358843564987183
run_asmooth: 1.670022964477539
compute_correlations: 0.09686422348022461
compute_ExcessProfileEstimator: 0.0974738597869873
