data_preparation: 9.060791730880737
run_asmooth: 1.0376427173614502
compute_correlations: 0.061370134353637695
compute_ExcessProfileEstimator: 0.06210899353027344
