data_preparation: 20.36266303062439
run_asmooth: 1.5090787410736084
compute_correlations: 0.11048436164855957
compute_ExcessProfileEstimator: 0.10924553871154785
