data_preparation: 20.003142595291138
run_asmooth: 1.516998052597046
compute_correlations: 0.10976147651672363
compute_ExcessProfileEstimator: 0.10904049873352051
