data_preparation: 8.986266851425171
run_asmooth: 0.9949696063995361
compute_correlations: 0.0586392879486084
compute_ExcessProfileEstimator: 0.06008458137512207
