data_preparation: 9.24207592010498
run_asmooth: 0.9515485763549805
compute_correlations: 0.060453176498413086
compute_ExcessProfileEstimator: 0.061379194259643555
