data_preparation: 8.936997652053833
run_asmooth: 0.9580802917480469
compute_correlations: 0.05876898765563965
compute_ExcessProfileEstimator: 0.058034420013427734
