data_preparation: 8.77262830734253
run_asmooth: 0.8945319652557373
compute_correlations: 0.0594179630279541
compute_ExcessProfileEstimator: 0.0588984489440918
