data_preparation: 18.978697776794434
run_asmooth: 1.2473156452178955
compute_correlations: 0.08947491645812988
compute_ExcessProfileEstimator: 0.08709430694580078
