data_preparation: 20.225767374038696
run_asmooth: 1.6625568866729736
compute_correlations: 0.09218645095825195
compute_ExcessProfileEstimator: 0.09784626960754395
