data_preparation: 23.06410813331604
run_asmooth: 1.9381842613220215
compute_correlations: 0.14642977714538574
compute_ExcessProfileEstimator: 0.14609766006469727
