data_preparation: 21.648872137069702
run_asmooth: 1.433452844619751
compute_correlations: 0.10156011581420898
compute_ExcessProfileEstimator: 0.10050368309020996
