data_preparation: 27.86312246322632
run_asmooth: 1.424783706665039
compute_correlations: 0.10124850273132324
compute_ExcessProfileEstimator: 0.10021066665649414
