data_preparation: 8.904746770858765
run_asmooth: 0.9015216827392578
compute_correlations: 0.058174848556518555
compute_ExcessProfileEstimator: 0.05888843536376953
