data_preparation: 8.963785171508789
run_asmooth: 0.9950172901153564
compute_correlations: 0.058501243591308594
compute_ExcessProfileEstimator: 0.05886125564575195
