data_preparation: 20.19397497177124
run_asmooth: 1.5490374565124512
compute_correlations: 0.11075258255004883
compute_ExcessProfileEstimator: 0.10977292060852051
