data_preparation: 20.950816869735718
run_asmooth: 1.6821658611297607
compute_correlations: 0.12195253372192383
compute_ExcessProfileEstimator: 0.12337565422058105
