data_preparation: 8.493273735046387
run_asmooth: 0.8140764236450195
compute_correlations: 0.052843570709228516
compute_ExcessProfileEstimator: 0.05238819122314453
