data_preparation: 10.443630933761597
run_asmooth: 0.8998565673828125
compute_correlations: 0.06502795219421387
compute_ExcessProfileEstimator: 0.06662559509277344
