data_preparation: 8.870471239089966
run_asmooth: 0.8778700828552246
compute_correlations: 0.056882619857788086
compute_ExcessProfileEstimator: 0.05787038803100586
