data_preparation: 19.9868803024292
run_asmooth: 1.586533784866333
compute_correlations: 0.1185150146484375
compute_ExcessProfileEstimator: 0.11781167984008789
