data_preparation: 8.87370753288269
run_asmooth: 0.900040864944458
compute_correlations: 0.05753803253173828
compute_ExcessProfileEstimator: 0.05784893035888672
