data_preparation: 19.260576009750366
run_asmooth: 1.6390645503997803
compute_correlations: 0.09374213218688965
compute_ExcessProfileEstimator: 0.0916290283203125
