data_preparation: 19.573331832885742
run_asmooth: 1.513763189315796
compute_correlations: 0.07971501350402832
compute_ExcessProfileEstimator: 0.07868552207946777
