data_preparation: 9.123898267745972
run_asmooth: 0.9510495662689209
compute_correlations: 0.06093931198120117
compute_ExcessProfileEstimator: 0.06396365165710449
