data_preparation: 18.122193574905396
run_asmooth: 1.324458360671997
compute_correlations: 0.08766913414001465
compute_ExcessProfileEstimator: 0.08715367317199707
