data_preparation: 8.86091160774231
run_asmooth: 0.9659228324890137
compute_correlations: 0.05877828598022461
compute_ExcessProfileEstimator: 0.05893659591674805
