data_preparation: 9.23658275604248
run_asmooth: 1.0494890213012695
compute_correlations: 0.06165480613708496
compute_ExcessProfileEstimator: 0.062081098556518555
