data_preparation: 19.484177827835083
run_asmooth: 1.3539643287658691
compute_correlations: 0.10176992416381836
compute_ExcessProfileEstimator: 0.10393452644348145
