data_preparation: 21.22108793258667
run_asmooth: 1.4156203269958496
compute_correlations: 0.10090517997741699
compute_ExcessProfileEstimator: 0.0978841781616211
