data_preparation: 9.161641359329224
run_asmooth: 0.9495160579681396
compute_correlations: 0.06134963035583496
compute_ExcessProfileEstimator: 0.06315398216247559
