data_preparation: 10.018453121185303
run_asmooth: 0.896742582321167
compute_correlations: 0.06621432304382324
compute_ExcessProfileEstimator: 0.06402969360351562
