data_preparation: 23.496379137039185
run_asmooth: 1.193145751953125
compute_correlations: 0.08504986763000488
compute_ExcessProfileEstimator: 0.08276820182800293
