data_preparation: 8.810236930847168
run_asmooth: 0.8875424861907959
compute_correlations: 0.05645632743835449
compute_ExcessProfileEstimator: 0.057829856872558594
