data_preparation: 20.531997680664062
run_asmooth: 1.5617601871490479
compute_correlations: 0.11282038688659668
compute_ExcessProfileEstimator: 0.11208820343017578
