data_preparation: 9.05581784248352
run_asmooth: 0.9000418186187744
compute_correlations: 0.05841565132141113
compute_ExcessProfileEstimator: 0.059266090393066406
