data_preparation: 17.40511393547058
run_asmooth: 1.3279047012329102
compute_correlations: 0.0989377498626709
compute_ExcessProfileEstimator: 0.09714818000793457
