data_preparation: 8.849770069122314
run_asmooth: 1.0013957023620605
compute_correlations: 0.05954861640930176
compute_ExcessProfileEstimator: 0.05931663513183594
