data_preparation: 19.817113876342773
run_asmooth: 1.4394893646240234
compute_correlations: 0.07998466491699219
compute_ExcessProfileEstimator: 0.08031129837036133
