data_preparation: 9.046623468399048
run_asmooth: 0.9084620475769043
compute_correlations: 0.057794809341430664
compute_ExcessProfileEstimator: 0.05904197692871094
