data_preparation: 16.111751317977905
run_asmooth: 1.1965887546539307
compute_correlations: 0.08847188949584961
compute_ExcessProfileEstimator: 0.08749008178710938
