data_preparation: 9.129818677902222
run_asmooth: 0.8462789058685303
compute_correlations: 0.057534217834472656
compute_ExcessProfileEstimator: 0.055959463119506836
