data_preparation: 17.81466293334961
run_asmooth: 1.32763671875
compute_correlations: 0.09535813331604004
compute_ExcessProfileEstimator: 0.09418296813964844
