data_preparation: 31.004984617233276
run_asmooth: 1.4619922637939453
compute_correlations: 0.10132598876953125
compute_ExcessProfileEstimator: 0.10196566581726074
