data_preparation: 8.90916633605957
run_asmooth: 0.9073731899261475
compute_correlations: 0.05693483352661133
compute_ExcessProfileEstimator: 0.058081865310668945
