data_preparation: 19.8117094039917
run_asmooth: 1.4504191875457764
compute_correlations: 0.0918879508972168
compute_ExcessProfileEstimator: 0.09298110008239746
