data_preparation: 22.987056255340576
run_asmooth: 1.7992608547210693
compute_correlations: 0.1438589096069336
compute_ExcessProfileEstimator: 0.1393904685974121
