data_preparation: 8.69695258140564
run_asmooth: 0.8638565540313721
compute_correlations: 0.0559239387512207
compute_ExcessProfileEstimator: 0.0555720329284668
