data_preparation: 8.870405435562134
run_asmooth: 0.8880009651184082
compute_correlations: 0.05663275718688965
compute_ExcessProfileEstimator: 0.0574193000793457
