data_preparation: 17.31723165512085
run_asmooth: 1.2456843852996826
compute_correlations: 0.08636474609375
compute_ExcessProfileEstimator: 0.08504843711853027
