data_preparation: 17.31146788597107
run_asmooth: 1.2300314903259277
compute_correlations: 0.09261465072631836
compute_ExcessProfileEstimator: 0.09194564819335938
