data_preparation: 24.737364292144775
run_asmooth: 1.9309148788452148
compute_correlations: 0.14799761772155762
compute_ExcessProfileEstimator: 0.15418791770935059
