data_preparation: 17.032965421676636
run_asmooth: 1.2726664543151855
compute_correlations: 0.09299921989440918
compute_ExcessProfileEstimator: 0.09094548225402832
