data_preparation: 21.845099925994873
run_asmooth: 1.7176933288574219
compute_correlations: 0.09331417083740234
compute_ExcessProfileEstimator: 0.0968480110168457
