data_preparation: 8.873388528823853
run_asmooth: 0.9102039337158203
compute_correlations: 0.05870556831359863
compute_ExcessProfileEstimator: 0.05794119834899902
