data_preparation: 17.479285955429077
run_asmooth: 1.2857048511505127
compute_correlations: 0.09405159950256348
compute_ExcessProfileEstimator: 0.09368038177490234
