data_preparation: 16.275310516357422
run_asmooth: 1.2519946098327637
compute_correlations: 0.09342074394226074
compute_ExcessProfileEstimator: 0.08941769599914551
