data_preparation: 10.398770809173584
run_asmooth: 0.9063196182250977
compute_correlations: 0.06547069549560547
compute_ExcessProfileEstimator: 0.06820845603942871
