data_preparation: 20.24084448814392
run_asmooth: 1.5325846672058105
compute_correlations: 0.11216163635253906
compute_ExcessProfileEstimator: 0.10994958877563477
