data_preparation: 30.46635341644287
run_asmooth: 1.4377152919769287
compute_correlations: 0.10266709327697754
compute_ExcessProfileEstimator: 0.10326766967773438
