data_preparation: 26.004558563232422
run_asmooth: 1.3081672191619873
compute_correlations: 0.09358429908752441
compute_ExcessProfileEstimator: 0.09213447570800781
