data_preparation: 24.633053302764893
run_asmooth: 1.9054946899414062
compute_correlations: 0.15057730674743652
compute_ExcessProfileEstimator: 0.15990328788757324
