data_preparation: 21.538102865219116
run_asmooth: 1.5945487022399902
compute_correlations: 0.11637711524963379
compute_ExcessProfileEstimator: 0.11659121513366699
