data_preparation: 9.925884485244751
run_asmooth: 0.8770430088043213
compute_correlations: 0.06459641456604004
compute_ExcessProfileEstimator: 0.06298971176147461
