data_preparation: 8.85987401008606
run_asmooth: 0.9957976341247559
compute_correlations: 0.06064724922180176
compute_ExcessProfileEstimator: 0.06018519401550293
