data_preparation: 9.09341025352478
run_asmooth: 0.9361374378204346
compute_correlations: 0.05791902542114258
compute_ExcessProfileEstimator: 0.05900931358337402
