data_preparation: 18.181588649749756
run_asmooth: 1.3713736534118652
compute_correlations: 0.10033178329467773
compute_ExcessProfileEstimator: 0.0983738899230957
