data_preparation: 9.90393614768982
run_asmooth: 0.8851149082183838
compute_correlations: 0.06604671478271484
compute_ExcessProfileEstimator: 0.06344294548034668
