data_preparation: 8.869085788726807
run_asmooth: 0.964998722076416
compute_correlations: 0.06107282638549805
compute_ExcessProfileEstimator: 0.13664817810058594
