data_preparation: 8.866028308868408
run_asmooth: 0.9975094795227051
compute_correlations: 0.059877872467041016
compute_ExcessProfileEstimator: 0.059995412826538086
