data_preparation: 18.46957755088806
run_asmooth: 1.3150804042816162
compute_correlations: 0.0981295108795166
compute_ExcessProfileEstimator: 0.09937429428100586
