data_preparation: 9.189963102340698
run_asmooth: 0.953794002532959
compute_correlations: 0.06014513969421387
compute_ExcessProfileEstimator: 0.06124448776245117
