data_preparation: 8.887403726577759
run_asmooth: 0.9152719974517822
compute_correlations: 0.05910205841064453
compute_ExcessProfileEstimator: 0.059335947036743164
