data_preparation: 8.928329944610596
run_asmooth: 0.9716448783874512
compute_correlations: 0.058011531829833984
compute_ExcessProfileEstimator: 0.057929039001464844
