data_preparation: 8.886953115463257
run_asmooth: 0.9726455211639404
compute_correlations: 0.05870819091796875
compute_ExcessProfileEstimator: 0.0582575798034668
