data_preparation: 8.88437533378601
run_asmooth: 0.916841983795166
compute_correlations: 0.05894947052001953
compute_ExcessProfileEstimator: 0.059571027755737305
