data_preparation: 9.352459907531738
run_asmooth: 0.9265952110290527
compute_correlations: 0.058669090270996094
compute_ExcessProfileEstimator: 0.059429168701171875
