data_preparation: 9.19164514541626
run_asmooth: 1.0052649974822998
compute_correlations: 0.06131935119628906
compute_ExcessProfileEstimator: 0.060054779052734375
