data_preparation: 22.984888315200806
run_asmooth: 1.8393826484680176
compute_correlations: 0.14850735664367676
compute_ExcessProfileEstimator: 0.1544055938720703
