data_preparation: 20.05474328994751
run_asmooth: 1.525301456451416
compute_correlations: 238.8252775669098
compute_ExcessProfileEstimator: 236.95243430137634
