data_preparation: 19.26557159423828
run_asmooth: 1.4232988357543945
compute_correlations: 0.1039118766784668
compute_ExcessProfileEstimator: 0.10250186920166016
