data_preparation: 9.322251558303833
run_asmooth: 0.8737971782684326
compute_correlations: 0.06659770011901855
compute_ExcessProfileEstimator: 0.060164690017700195
