data_preparation: 17.193509101867676
run_asmooth: 1.3091351985931396
compute_correlations: 0.09412837028503418
compute_ExcessProfileEstimator: 0.09415626525878906
