data_preparation: 9.938081741333008
run_asmooth: 0.8888552188873291
compute_correlations: 0.06540632247924805
compute_ExcessProfileEstimator: 0.0633840560913086
