data_preparation: 9.009903907775879
run_asmooth: 0.9195818901062012
compute_correlations: 0.05838465690612793
compute_ExcessProfileEstimator: 0.05720710754394531
