data_preparation: 20.659277200698853
run_asmooth: 1.5292842388153076
compute_correlations: 0.11474823951721191
compute_ExcessProfileEstimator: 0.1762099266052246
