data_preparation: 18.74320387840271
run_asmooth: 1.2893118858337402
compute_correlations: 0.0920109748840332
compute_ExcessProfileEstimator: 0.09463810920715332
