data_preparation: 9.15182638168335
run_asmooth: 0.947857141494751
compute_correlations: 0.06106424331665039
compute_ExcessProfileEstimator: 0.06111907958984375
