data_preparation: 17.090566158294678
run_asmooth: 1.2355260848999023
compute_correlations: 0.07020807266235352
compute_ExcessProfileEstimator: 0.06980538368225098
