data_preparation: 11.813063383102417
run_asmooth: 1.7372803688049316
compute_correlations: 0.09433150291442871
compute_ExcessProfileEstimator: 0.09347820281982422
