data_preparation: 21.637810945510864
run_asmooth: 1.6954107284545898
compute_correlations: 0.1394176483154297
compute_ExcessProfileEstimator: 0.13054585456848145
