data_preparation: 9.161498069763184
run_asmooth: 0.9460389614105225
compute_correlations: 0.06022286415100098
compute_ExcessProfileEstimator: 0.0613093376159668
