data_preparation: 24.768866300582886
run_asmooth: 2.1021783351898193
compute_correlations: 0.1596817970275879
compute_ExcessProfileEstimator: 0.1699831485748291
