data_preparation: 24.13054323196411
run_asmooth: 1.88316011428833
compute_correlations: 0.1436481475830078
compute_ExcessProfileEstimator: 0.14427709579467773
