data_preparation: 8.887248754501343
run_asmooth: 0.9028797149658203
compute_correlations: 0.056656599044799805
compute_ExcessProfileEstimator: 0.05567336082458496
