data_preparation: 9.248958110809326
run_asmooth: 0.9635019302368164
compute_correlations: 0.05832958221435547
compute_ExcessProfileEstimator: 0.06037712097167969
