data_preparation: 9.043163776397705
run_asmooth: 1.0178205966949463
compute_correlations: 0.05951952934265137
compute_ExcessProfileEstimator: 0.06138777732849121
