data_preparation: 17.416167736053467
run_asmooth: 1.2554986476898193
compute_correlations: 0.06708097457885742
compute_ExcessProfileEstimator: 0.0671684741973877
