data_preparation: 8.739843130111694
run_asmooth: 0.8713288307189941
compute_correlations: 0.05628538131713867
compute_ExcessProfileEstimator: 0.05792880058288574
