data_preparation: 18.24642014503479
run_asmooth: 1.37882661819458
compute_correlations: 0.10066986083984375
compute_ExcessProfileEstimator: 0.09683442115783691
