data_preparation: 18.785768032073975
run_asmooth: 1.3380920886993408
compute_correlations: 0.07058238983154297
compute_ExcessProfileEstimator: 0.06694412231445312
