data_preparation: 8.867734432220459
run_asmooth: 0.8868985176086426
compute_correlations: 0.057639360427856445
compute_ExcessProfileEstimator: 0.05814051628112793
