data_preparation: 8.749459028244019
run_asmooth: 0.8778038024902344
compute_correlations: 0.056914567947387695
compute_ExcessProfileEstimator: 0.05617570877075195
