data_preparation: 8.921355724334717
run_asmooth: 0.9058148860931396
compute_correlations: 0.05939006805419922
compute_ExcessProfileEstimator: 0.058913230895996094
