data_preparation: 8.9768226146698
run_asmooth: 0.9697184562683105
compute_correlations: 0.05875086784362793
compute_ExcessProfileEstimator: 0.0588836669921875
