data_preparation: 8.89895224571228
run_asmooth: 0.9060792922973633
compute_correlations: 0.059827327728271484
compute_ExcessProfileEstimator: 0.060205698013305664
