data_preparation: 26.39862871170044
run_asmooth: 2.0213935375213623
compute_correlations: 0.15213418006896973
compute_ExcessProfileEstimator: 0.15737104415893555
