data_preparation: 17.438884258270264
run_asmooth: 1.319392442703247
compute_correlations: 0.09585165977478027
compute_ExcessProfileEstimator: 0.09553241729736328
