data_preparation: 10.434903621673584
run_asmooth: 0.9875876903533936
compute_correlations: 0.06890535354614258
compute_ExcessProfileEstimator: 0.07140564918518066
