data_preparation: 22.18797016143799
run_asmooth: 1.7322883605957031
compute_correlations: 0.12572717666625977
compute_ExcessProfileEstimator: 0.1251847743988037
