data_preparation: 16.298490524291992
run_asmooth: 1.2031381130218506
compute_correlations: 0.08994388580322266
compute_ExcessProfileEstimator: 0.08834171295166016
