data_preparation: 9.029773473739624
run_asmooth: 0.9172155857086182
compute_correlations: 0.058349609375
compute_ExcessProfileEstimator: 0.058556318283081055
