data_preparation: 9.168893575668335
run_asmooth: 0.9209957122802734
compute_correlations: 0.0577239990234375
compute_ExcessProfileEstimator: 0.059204816818237305
