data_preparation: 16.501827239990234
run_asmooth: 1.2389259338378906
compute_correlations: 0.0916295051574707
compute_ExcessProfileEstimator: 0.09006929397583008
