data_preparation: 18.327993631362915
run_asmooth: 1.313765525817871
compute_correlations: 0.09992361068725586
compute_ExcessProfileEstimator: 0.10193562507629395
