data_preparation: 9.121266841888428
run_asmooth: 0.8786513805389404
compute_correlations: 0.05689382553100586
compute_ExcessProfileEstimator: 0.05606842041015625
