data_preparation: 9.060816526412964
run_asmooth: 0.9775362014770508
compute_correlations: 0.0636296272277832
compute_ExcessProfileEstimator: 0.13927054405212402
