data_preparation: 22.405039310455322
run_asmooth: 1.735961675643921
compute_correlations: 0.0977170467376709
compute_ExcessProfileEstimator: 0.09659004211425781
