data_preparation: 8.773510932922363
run_asmooth: 0.8677997589111328
compute_correlations: 0.05610299110412598
compute_ExcessProfileEstimator: 0.05536985397338867
