data_preparation: 17.8354275226593
run_asmooth: 1.3107168674468994
compute_correlations: 0.09415054321289062
compute_ExcessProfileEstimator: 0.09556198120117188
