data_preparation: 10.324866533279419
run_asmooth: 0.9870767593383789
compute_correlations: 0.06853222846984863
compute_ExcessProfileEstimator: 0.06874537467956543
