data_preparation: 8.79830002784729
run_asmooth: 0.8894128799438477
compute_correlations: 0.05765223503112793
compute_ExcessProfileEstimator: 0.057566165924072266
