data_preparation: 20.966907739639282
run_asmooth: 1.5355985164642334
compute_correlations: 0.10646963119506836
compute_ExcessProfileEstimator: 0.10435271263122559
