data_preparation: 24.60240888595581
run_asmooth: 1.7797977924346924
compute_correlations: 0.10718035697937012
compute_ExcessProfileEstimator: 0.09900283813476562
