data_preparation: 16.874393701553345
run_asmooth: 1.2800660133361816
compute_correlations: 0.09716987609863281
compute_ExcessProfileEstimator: 0.0951547622680664
