data_preparation: 8.881187915802002
run_asmooth: 0.9953498840332031
compute_correlations: 0.05923271179199219
compute_ExcessProfileEstimator: 0.05933237075805664
