data_preparation: 21.034285068511963
run_asmooth: 1.5677082538604736
compute_correlations: 0.11439275741577148
compute_ExcessProfileEstimator: 0.1133267879486084
