data_preparation: 23.480225086212158
run_asmooth: 1.9071857929229736
compute_correlations: 0.14568281173706055
compute_ExcessProfileEstimator: 0.1397411823272705
