data_preparation: 8.72271990776062
run_asmooth: 0.9181644916534424
compute_correlations: 0.05855560302734375
compute_ExcessProfileEstimator: 0.12171292304992676
