data_preparation: 8.875708818435669
run_asmooth: 0.925163984298706
compute_correlations: 0.059400081634521484
compute_ExcessProfileEstimator: 0.05879521369934082
