data_preparation: 10.411607503890991
run_asmooth: 0.903527021408081
compute_correlations: 0.06559514999389648
compute_ExcessProfileEstimator: 0.06517910957336426
