data_preparation: 8.945779085159302
run_asmooth: 0.9142532348632812
compute_correlations: 0.060324668884277344
compute_ExcessProfileEstimator: 0.059804677963256836
