data_preparation: 19.817174911499023
run_asmooth: 1.4640297889709473
compute_correlations: 0.08301377296447754
compute_ExcessProfileEstimator: 0.08204770088195801
