data_preparation: 10.330512762069702
run_asmooth: 0.899522066116333
compute_correlations: 0.06665635108947754
compute_ExcessProfileEstimator: 0.06376314163208008
