data_preparation: 16.63301372528076
run_asmooth: 1.0464115142822266
compute_correlations: 189.90408158302307
compute_ExcessProfileEstimator: 194.2506148815155
