data_preparation: 20.309186697006226
run_asmooth: 1.5220210552215576
compute_correlations: 238.36597347259521
compute_ExcessProfileEstimator: 239.06496691703796
