data_preparation: 19.11946129798889
run_asmooth: 1.291015863418579
compute_correlations: 0.07409429550170898
compute_ExcessProfileEstimator: 0.07840323448181152
