data_preparation: 17.41286325454712
run_asmooth: 1.3058924674987793
compute_correlations: 0.09487175941467285
compute_ExcessProfileEstimator: 0.09506464004516602
