data_preparation: 9.981748819351196
run_asmooth: 0.8755760192871094
compute_correlations: 0.06406807899475098
compute_ExcessProfileEstimator: 0.06351447105407715
