data_preparation: 25.335488319396973
run_asmooth: 1.2029118537902832
compute_correlations: 0.08215641975402832
compute_ExcessProfileEstimator: 0.08201360702514648
