data_preparation: 8.937287330627441
run_asmooth: 0.9263694286346436
compute_correlations: 0.05859565734863281
compute_ExcessProfileEstimator: 0.05893421173095703
