data_preparation: 17.69592595100403
run_asmooth: 1.388859510421753
compute_correlations: 0.1033632755279541
compute_ExcessProfileEstimator: 0.18184471130371094
