data_preparation: 19.999218225479126
run_asmooth: 1.483696699142456
compute_correlations: 248.21070909500122
compute_ExcessProfileEstimator: 245.99495244026184
