data_preparation: 10.298542499542236
run_asmooth: 0.8909399509429932
compute_correlations: 0.06467866897583008
compute_ExcessProfileEstimator: 0.06542778015136719
