data_preparation: 17.943074703216553
run_asmooth: 1.3641741275787354
compute_correlations: 0.10032534599304199
compute_ExcessProfileEstimator: 0.09682559967041016
