data_preparation: 18.71425175666809
run_asmooth: 1.3553338050842285
compute_correlations: 0.09536314010620117
compute_ExcessProfileEstimator: 0.09382128715515137
