data_preparation: 8.937281608581543
run_asmooth: 0.9210388660430908
compute_correlations: 0.058656930923461914
compute_ExcessProfileEstimator: 0.05924701690673828
