data_preparation: 21.327279090881348
run_asmooth: 1.6322650909423828
compute_correlations: 0.09300565719604492
compute_ExcessProfileEstimator: 0.09214377403259277
