data_preparation: 9.024192333221436
run_asmooth: 0.8985195159912109
compute_correlations: 0.05670809745788574
compute_ExcessProfileEstimator: 0.056964874267578125
