data_preparation: 8.915789127349854
run_asmooth: 0.9694046974182129
compute_correlations: 0.059378862380981445
compute_ExcessProfileEstimator: 0.05831575393676758
