data_preparation: 20.427228927612305
run_asmooth: 1.5802814960479736
compute_correlations: 0.08890104293823242
compute_ExcessProfileEstimator: 0.09250593185424805
