data_preparation: 24.360857486724854
run_asmooth: 1.9374072551727295
compute_correlations: 0.15152621269226074
compute_ExcessProfileEstimator: 0.1480100154876709
