data_preparation: 28.579326629638672
run_asmooth: 1.5389072895050049
compute_correlations: 0.11588191986083984
compute_ExcessProfileEstimator: 0.11488723754882812
