data_preparation: 9.123019456863403
run_asmooth: 0.922748327255249
compute_correlations: 0.05891919136047363
compute_ExcessProfileEstimator: 0.12518811225891113
