data_preparation: 8.696864604949951
run_asmooth: 0.8719632625579834
compute_correlations: 0.056064605712890625
compute_ExcessProfileEstimator: 0.055756568908691406
