data_preparation: 8.912683725357056
run_asmooth: 0.9234771728515625
compute_correlations: 0.05893659591674805
compute_ExcessProfileEstimator: 0.06027698516845703
