data_preparation: 25.725157260894775
run_asmooth: 1.1651802062988281
compute_correlations: 0.08114385604858398
compute_ExcessProfileEstimator: 0.08209562301635742
