data_preparation: 20.205383777618408
run_asmooth: 1.556262493133545
compute_correlations: 0.11514520645141602
compute_ExcessProfileEstimator: 0.11473202705383301
