data_preparation: 19.80170488357544
run_asmooth: 1.3855900764465332
compute_correlations: 0.09692645072937012
compute_ExcessProfileEstimator: 0.09696626663208008
