data_preparation: 19.713119506835938
run_asmooth: 1.4296705722808838
compute_correlations: 0.10760760307312012
compute_ExcessProfileEstimator: 0.1673429012298584
