data_preparation: 20.827199935913086
run_asmooth: 1.7125494480133057
compute_correlations: 0.13014888763427734
compute_ExcessProfileEstimator: 0.13178777694702148
