data_preparation: 17.456231832504272
run_asmooth: 1.3133578300476074
compute_correlations: 0.09466767311096191
compute_ExcessProfileEstimator: 0.09530758857727051
