data_preparation: 21.193490743637085
run_asmooth: 1.7410688400268555
compute_correlations: 243.16656732559204
compute_ExcessProfileEstimator: 243.6037073135376
