data_preparation: 8.73731541633606
run_asmooth: 0.902106523513794
compute_correlations: 0.058473825454711914
compute_ExcessProfileEstimator: 0.12323355674743652
