data_preparation: 9.087421655654907
run_asmooth: 0.9856939315795898
compute_correlations: 0.058832645416259766
compute_ExcessProfileEstimator: 0.059372901916503906
