data_preparation: 18.32275700569153
run_asmooth: 1.3522427082061768
compute_correlations: 0.09924173355102539
compute_ExcessProfileEstimator: 0.10007333755493164
