data_preparation: 8.773621559143066
run_asmooth: 0.8741874694824219
compute_correlations: 0.056354522705078125
compute_ExcessProfileEstimator: 0.05689072608947754
