data_preparation: 17.748923540115356
run_asmooth: 1.1945583820343018
compute_correlations: 197.51101636886597
compute_ExcessProfileEstimator: 196.5133934020996
