data_preparation: 8.852294683456421
run_asmooth: 0.9141941070556641
compute_correlations: 0.0586094856262207
compute_ExcessProfileEstimator: 0.05982470512390137
