data_preparation: 9.007444143295288
run_asmooth: 0.9158129692077637
compute_correlations: 0.05813431739807129
compute_ExcessProfileEstimator: 0.05897402763366699
