data_preparation: 8.999392032623291
run_asmooth: 0.9201810359954834
compute_correlations: 0.06183910369873047
compute_ExcessProfileEstimator: 0.059470415115356445
