data_preparation: 18.182485342025757
run_asmooth: 1.398674488067627
compute_correlations: 0.10052251815795898
compute_ExcessProfileEstimator: 0.09931540489196777
