data_preparation: 8.977427959442139
run_asmooth: 0.9441454410552979
compute_correlations: 0.05937790870666504
compute_ExcessProfileEstimator: 0.12274575233459473
