data_preparation: 18.103806495666504
run_asmooth: 1.3407816886901855
compute_correlations: 228.88025975227356
compute_ExcessProfileEstimator: 228.97672128677368
