data_preparation: 8.849508047103882
run_asmooth: 0.9651072025299072
compute_correlations: 0.05735325813293457
compute_ExcessProfileEstimator: 0.05823493003845215
