data_preparation: 17.24881911277771
run_asmooth: 1.24302339553833
compute_correlations: 0.09282183647155762
compute_ExcessProfileEstimator: 0.0907738208770752
