data_preparation: 9.00583004951477
run_asmooth: 0.9640300273895264
compute_correlations: 0.05902433395385742
compute_ExcessProfileEstimator: 0.1429281234741211
