data_preparation: 15.38516902923584
run_asmooth: 1.212385892868042
compute_correlations: 173.1971995830536
compute_ExcessProfileEstimator: 168.80653882026672
