data_preparation: 21.23745584487915
run_asmooth: 1.6099376678466797
compute_correlations: 0.08682370185852051
compute_ExcessProfileEstimator: 0.09581422805786133
