data_preparation: 9.023890018463135
run_asmooth: 0.9770185947418213
compute_correlations: 0.06088447570800781
compute_ExcessProfileEstimator: 0.059320926666259766
