data_preparation: 8.735172033309937
run_asmooth: 0.8803582191467285
compute_correlations: 0.05596423149108887
compute_ExcessProfileEstimator: 0.05702924728393555
