data_preparation: 8.838964939117432
run_asmooth: 0.9902193546295166
compute_correlations: 0.06097579002380371
compute_ExcessProfileEstimator: 0.06013369560241699
