data_preparation: 25.820707321166992
run_asmooth: 1.2126703262329102
compute_correlations: 0.08423447608947754
compute_ExcessProfileEstimator: 0.08424949645996094
