data_preparation: 8.842514514923096
run_asmooth: 0.9198803901672363
compute_correlations: 0.05972456932067871
compute_ExcessProfileEstimator: 0.12447476387023926
