data_preparation: 8.986619710922241
run_asmooth: 0.9723033905029297
compute_correlations: 0.05925559997558594
compute_ExcessProfileEstimator: 0.058969736099243164
