data_preparation: 9.870306968688965
run_asmooth: 0.877744197845459
compute_correlations: 0.06478500366210938
compute_ExcessProfileEstimator: 0.06270837783813477
