data_preparation: 26.47972345352173
run_asmooth: 1.3510265350341797
compute_correlations: 0.09568572044372559
compute_ExcessProfileEstimator: 0.09485626220703125
