data_preparation: 8.84805417060852
run_asmooth: 0.8929154872894287
compute_correlations: 0.05775642395019531
compute_ExcessProfileEstimator: 0.057427406311035156
