data_preparation: 17.5538330078125
run_asmooth: 1.259061574935913
compute_correlations: 0.09417319297790527
compute_ExcessProfileEstimator: 0.09505629539489746
