data_preparation: 8.995415210723877
run_asmooth: 0.9249811172485352
compute_correlations: 0.05673074722290039
compute_ExcessProfileEstimator: 0.05695700645446777
