data_preparation: 8.968644142150879
run_asmooth: 0.9724829196929932
compute_correlations: 0.05928969383239746
compute_ExcessProfileEstimator: 0.05889701843261719
