data_preparation: 8.862406492233276
run_asmooth: 0.8969552516937256
compute_correlations: 0.056177616119384766
compute_ExcessProfileEstimator: 0.056334495544433594
