data_preparation: 17.84003734588623
run_asmooth: 1.2985451221466064
compute_correlations: 0.08931565284729004
compute_ExcessProfileEstimator: 0.08949828147888184
