data_preparation: 9.058999061584473
run_asmooth: 0.9172542095184326
compute_correlations: 0.0575711727142334
compute_ExcessProfileEstimator: 0.058019161224365234
