data_preparation: 18.338168382644653
run_asmooth: 1.2366909980773926
compute_correlations: 205.29312944412231
compute_ExcessProfileEstimator: 205.18863487243652
