data_preparation: 20.12807607650757
run_asmooth: 1.3051056861877441
compute_correlations: 0.0714712142944336
compute_ExcessProfileEstimator: 0.0689687728881836
