data_preparation: 8.888486862182617
run_asmooth: 0.9042849540710449
compute_correlations: 0.05734682083129883
compute_ExcessProfileEstimator: 0.05761003494262695
