data_preparation: 9.058231353759766
run_asmooth: 0.9462313652038574
compute_correlations: 0.05910778045654297
compute_ExcessProfileEstimator: 0.05985665321350098
