data_preparation: 8.615922927856445
run_asmooth: 0.8395395278930664
compute_correlations: 0.05466628074645996
compute_ExcessProfileEstimator: 0.05438399314880371
