data_preparation: 18.38847255706787
run_asmooth: 1.2942547798156738
compute_correlations: 0.09657120704650879
compute_ExcessProfileEstimator: 0.09607172012329102
