data_preparation: 9.258038520812988
run_asmooth: 0.9599175453186035
compute_correlations: 0.06104636192321777
compute_ExcessProfileEstimator: 0.06050229072570801
