data_preparation: 8.844084024429321
run_asmooth: 0.918459415435791
compute_correlations: 0.05905318260192871
compute_ExcessProfileEstimator: 0.05815458297729492
