data_preparation: 8.931151390075684
run_asmooth: 0.97817063331604
compute_correlations: 0.058257341384887695
compute_ExcessProfileEstimator: 0.05854058265686035
