data_preparation: 18.44578981399536
run_asmooth: 1.2318871021270752
compute_correlations: 0.08705949783325195
compute_ExcessProfileEstimator: 0.08426284790039062
