data_preparation: 9.035036325454712
run_asmooth: 0.9916684627532959
compute_correlations: 0.06109333038330078
compute_ExcessProfileEstimator: 0.0601499080657959
