data_preparation: 9.223576784133911
run_asmooth: 0.9559392929077148
compute_correlations: 0.059983253479003906
compute_ExcessProfileEstimator: 0.059866905212402344
