data_preparation: 8.98073673248291
run_asmooth: 0.9534358978271484
compute_correlations: 0.06041312217712402
compute_ExcessProfileEstimator: 0.05936837196350098
