data_preparation: 16.583723306655884
run_asmooth: 1.2185053825378418
compute_correlations: 0.0909121036529541
compute_ExcessProfileEstimator: 0.08997392654418945
