data_preparation: 9.119295597076416
run_asmooth: 0.9341278076171875
compute_correlations: 0.059622764587402344
compute_ExcessProfileEstimator: 0.12712311744689941
