data_preparation: 9.069731712341309
run_asmooth: 0.925936222076416
compute_correlations: 0.05894923210144043
compute_ExcessProfileEstimator: 0.0591130256652832
