data_preparation: 10.272058963775635
run_asmooth: 0.872943639755249
compute_correlations: 0.06450629234313965
compute_ExcessProfileEstimator: 0.06271743774414062
