data_preparation: 10.326523065567017
run_asmooth: 0.8744411468505859
compute_correlations: 0.06514382362365723
compute_ExcessProfileEstimator: 0.06292152404785156
