data_preparation: 17.23441481590271
run_asmooth: 1.2994768619537354
compute_correlations: 0.0948796272277832
compute_ExcessProfileEstimator: 0.09421300888061523
