data_preparation: 9.774381399154663
run_asmooth: 0.9048075675964355
compute_correlations: 0.06212973594665527
compute_ExcessProfileEstimator: 0.06202411651611328
