data_preparation: 10.136644124984741
run_asmooth: 0.9132697582244873
compute_correlations: 0.06889104843139648
compute_ExcessProfileEstimator: 0.0651237964630127
