data_preparation: 24.036627531051636
run_asmooth: 1.2042291164398193
compute_correlations: 0.0832831859588623
compute_ExcessProfileEstimator: 0.08147120475769043
