data_preparation: 9.31191110610962
run_asmooth: 0.9766349792480469
compute_correlations: 0.06158804893493652
compute_ExcessProfileEstimator: 0.06371927261352539
