data_preparation: 21.973536491394043
run_asmooth: 1.4820053577423096
compute_correlations: 0.10344386100769043
compute_ExcessProfileEstimator: 0.10331010818481445
