data_preparation: 9.127136707305908
run_asmooth: 0.8760285377502441
compute_correlations: 0.056929826736450195
compute_ExcessProfileEstimator: 0.05630230903625488
