data_preparation: 19.300691843032837
run_asmooth: 1.303661584854126
compute_correlations: 0.09424042701721191
compute_ExcessProfileEstimator: 0.09090733528137207
