data_preparation: 17.446793794631958
run_asmooth: 1.2532436847686768
compute_correlations: 0.06780004501342773
compute_ExcessProfileEstimator: 0.0663599967956543
