data_preparation: 20.06637692451477
run_asmooth: 1.4015123844146729
compute_correlations: 0.0980684757232666
compute_ExcessProfileEstimator: 0.0986318588256836
