data_preparation: 17.410837411880493
run_asmooth: 1.3161766529083252
compute_correlations: 0.09706878662109375
compute_ExcessProfileEstimator: 0.09538435935974121
