data_preparation: 9.408018112182617
run_asmooth: 0.8497359752655029
compute_correlations: 0.0602421760559082
compute_ExcessProfileEstimator: 0.060082435607910156
