data_preparation: 18.390241622924805
run_asmooth: 1.355628490447998
compute_correlations: 0.1006631851196289
compute_ExcessProfileEstimator: 0.10081124305725098
