data_preparation: 9.945431232452393
run_asmooth: 0.897456169128418
compute_correlations: 0.0659482479095459
compute_ExcessProfileEstimator: 0.06411004066467285
