data_preparation: 22.975881576538086
run_asmooth: 1.8684351444244385
compute_correlations: 0.13137435913085938
compute_ExcessProfileEstimator: 0.13476872444152832
