data_preparation: 18.02677607536316
run_asmooth: 1.3415982723236084
compute_correlations: 0.09144043922424316
compute_ExcessProfileEstimator: 0.0912485122680664
