data_preparation: 8.696547031402588
run_asmooth: 0.8688640594482422
compute_correlations: 0.055880069732666016
compute_ExcessProfileEstimator: 0.05571341514587402
