data_preparation: 17.885207414627075
run_asmooth: 1.3556828498840332
compute_correlations: 0.10205578804016113
compute_ExcessProfileEstimator: 0.10188984870910645
