data_preparation: 18.589306354522705
run_asmooth: 1.2313129901885986
compute_correlations: 0.08629345893859863
compute_ExcessProfileEstimator: 0.08617138862609863
