data_preparation: 18.719459056854248
run_asmooth: 1.3102986812591553
compute_correlations: 0.08837890625
compute_ExcessProfileEstimator: 0.08807158470153809
