data_preparation: 8.895709037780762
run_asmooth: 0.9567656517028809
compute_correlations: 0.0594174861907959
compute_ExcessProfileEstimator: 0.13062071800231934
