data_preparation: 8.713726282119751
run_asmooth: 0.9818861484527588
compute_correlations: 0.059599876403808594
compute_ExcessProfileEstimator: 0.0591123104095459
