data_preparation: 19.756307363510132
run_asmooth: 1.485377311706543
compute_correlations: 0.0840921401977539
compute_ExcessProfileEstimator: 0.08232498168945312
