data_preparation: 30.541064023971558
run_asmooth: 1.561985731124878
compute_correlations: 0.11235904693603516
compute_ExcessProfileEstimator: 0.11025357246398926
