data_preparation: 8.870095014572144
run_asmooth: 0.990652322769165
compute_correlations: 0.06012153625488281
compute_ExcessProfileEstimator: 0.059295654296875
