data_preparation: 17.494476318359375
run_asmooth: 1.3432385921478271
compute_correlations: 0.09610295295715332
compute_ExcessProfileEstimator: 0.09509611129760742
