data_preparation: 16.825289249420166
run_asmooth: 1.218592643737793
compute_correlations: 0.06646060943603516
compute_ExcessProfileEstimator: 0.06539201736450195
