data_preparation: 20.078310251235962
run_asmooth: 1.6911723613739014
compute_correlations: 251.08081197738647
compute_ExcessProfileEstimator: 250.85710310935974
