data_preparation: 18.075212240219116
run_asmooth: 1.1768953800201416
compute_correlations: 0.08156991004943848
compute_ExcessProfileEstimator: 0.08083391189575195
