data_preparation: 8.568377256393433
run_asmooth: 0.9010062217712402
compute_correlations: 0.05867910385131836
compute_ExcessProfileEstimator: 0.11719965934753418
