data_preparation: 25.436586141586304
run_asmooth: 1.1435019969940186
compute_correlations: 0.08275842666625977
compute_ExcessProfileEstimator: 0.08150243759155273
