data_preparation: 8.96818995475769
run_asmooth: 1.0116627216339111
compute_correlations: 0.06126976013183594
compute_ExcessProfileEstimator: 0.060622453689575195
