data_preparation: 8.851330995559692
run_asmooth: 0.9125955104827881
compute_correlations: 0.05807805061340332
compute_ExcessProfileEstimator: 0.058432579040527344
