data_preparation: 18.52884602546692
run_asmooth: 1.5076706409454346
compute_correlations: 207.1580741405487
compute_ExcessProfileEstimator: 205.58332800865173
