data_preparation: 15.87954306602478
run_asmooth: 1.0792195796966553
compute_correlations: 177.84062385559082
compute_ExcessProfileEstimator: 178.53023505210876
