data_preparation: 8.986993789672852
run_asmooth: 0.913715124130249
compute_correlations: 0.060225725173950195
compute_ExcessProfileEstimator: 0.059543609619140625
