data_preparation: 18.944591760635376
run_asmooth: 1.6783320903778076
compute_correlations: 0.09777998924255371
compute_ExcessProfileEstimator: 0.09656119346618652
