data_preparation: 17.596352577209473
run_asmooth: 1.146467685699463
compute_correlations: 0.0824732780456543
compute_ExcessProfileEstimator: 0.08209729194641113
