data_preparation: 8.799174308776855
run_asmooth: 0.8744282722473145
compute_correlations: 0.05710721015930176
compute_ExcessProfileEstimator: 0.05771660804748535
