data_preparation: 9.852702856063843
run_asmooth: 0.8807575702667236
compute_correlations: 0.06498122215270996
compute_ExcessProfileEstimator: 0.06348633766174316
