data_preparation: 18.416381359100342
run_asmooth: 1.3460958003997803
compute_correlations: 0.07152962684631348
compute_ExcessProfileEstimator: 0.09404873847961426
