data_preparation: 19.15592360496521
run_asmooth: 1.2783284187316895
compute_correlations: 193.98975801467896
compute_ExcessProfileEstimator: 176.3680293560028
