data_preparation: 8.848361492156982
run_asmooth: 0.9018974304199219
compute_correlations: 0.0576624870300293
compute_ExcessProfileEstimator: 0.057143449783325195
