data_preparation: 21.97850275039673
run_asmooth: 1.592543125152588
compute_correlations: 0.1198577880859375
compute_ExcessProfileEstimator: 0.11736655235290527
