data_preparation: 8.832180976867676
run_asmooth: 0.8944120407104492
compute_correlations: 0.05837893486022949
compute_ExcessProfileEstimator: 0.05831027030944824
