data_preparation: 9.328465461730957
run_asmooth: 1.0450263023376465
compute_correlations: 0.06064176559448242
compute_ExcessProfileEstimator: 0.06123638153076172
