data_preparation: 16.517081260681152
run_asmooth: 1.2307894229888916
compute_correlations: 0.09271025657653809
compute_ExcessProfileEstimator: 0.09099268913269043
