data_preparation: 17.903278589248657
run_asmooth: 1.230534315109253
compute_correlations: 0.06630730628967285
compute_ExcessProfileEstimator: 0.06377434730529785
