data_preparation: 18.296614170074463
run_asmooth: 1.397268533706665
compute_correlations: 0.10188865661621094
compute_ExcessProfileEstimator: 0.10004353523254395
