data_preparation: 18.18206548690796
run_asmooth: 1.3942170143127441
compute_correlations: 0.10590314865112305
compute_ExcessProfileEstimator: 0.1012423038482666
