data_preparation: 19.73618197441101
run_asmooth: 1.4523887634277344
compute_correlations: 0.10140514373779297
compute_ExcessProfileEstimator: 0.10180115699768066
