data_preparation: 23.54655432701111
run_asmooth: 1.8892676830291748
compute_correlations: 0.1503453254699707
compute_ExcessProfileEstimator: 0.14766216278076172
