data_preparation: 8.845808267593384
run_asmooth: 0.8971807956695557
compute_correlations: 0.05820202827453613
compute_ExcessProfileEstimator: 0.06104159355163574
