data_preparation: 20.253681182861328
run_asmooth: 1.5488288402557373
compute_correlations: 0.09860467910766602
compute_ExcessProfileEstimator: 0.09690189361572266
