data_preparation: 16.628573417663574
run_asmooth: 1.2183148860931396
compute_correlations: 0.09059381484985352
compute_ExcessProfileEstimator: 0.08844757080078125
