data_preparation: 21.047155141830444
run_asmooth: 1.553741216659546
compute_correlations: 0.11637163162231445
compute_ExcessProfileEstimator: 0.11773967742919922
