data_preparation: 9.432133674621582
run_asmooth: 0.9599089622497559
compute_correlations: 0.06139039993286133
compute_ExcessProfileEstimator: 0.06259346008300781
