data_preparation: 10.39086365699768
run_asmooth: 0.9032742977142334
compute_correlations: 0.06453299522399902
compute_ExcessProfileEstimator: 0.06379318237304688
