data_preparation: 16.41674256324768
run_asmooth: 1.285184621810913
compute_correlations: 0.09779524803161621
compute_ExcessProfileEstimator: 0.09249663352966309
