data_preparation: 16.95267128944397
run_asmooth: 1.2539422512054443
compute_correlations: 0.09398484230041504
compute_ExcessProfileEstimator: 0.09075117111206055
