data_preparation: 17.21962022781372
run_asmooth: 1.2825052738189697
compute_correlations: 0.0948631763458252
compute_ExcessProfileEstimator: 0.09314370155334473
