data_preparation: 9.027681112289429
run_asmooth: 0.9970743656158447
compute_correlations: 0.05993914604187012
compute_ExcessProfileEstimator: 0.060364484786987305
