data_preparation: 20.164989709854126
run_asmooth: 1.4997427463531494
compute_correlations: 0.10343360900878906
compute_ExcessProfileEstimator: 0.10262656211853027
