data_preparation: 16.420145511627197
run_asmooth: 1.1000208854675293
compute_correlations: 176.69929718971252
compute_ExcessProfileEstimator: 177.34136247634888
