data_preparation: 22.04083514213562
run_asmooth: 1.706498146057129
compute_correlations: 0.11547207832336426
compute_ExcessProfileEstimator: 0.11541509628295898
