data_preparation: 22.750289916992188
run_asmooth: 1.7986011505126953
compute_correlations: 0.13008594512939453
compute_ExcessProfileEstimator: 0.13610100746154785
