data_preparation: 24.262805938720703
run_asmooth: 1.9231486320495605
compute_correlations: 0.15038132667541504
compute_ExcessProfileEstimator: 0.15022039413452148
