data_preparation: 20.821169137954712
run_asmooth: 1.5292930603027344
compute_correlations: 0.11518001556396484
compute_ExcessProfileEstimator: 0.11623239517211914
