data_preparation: 19.65038251876831
run_asmooth: 1.8066906929016113
compute_correlations: 192.37300777435303
compute_ExcessProfileEstimator: 191.88752102851868
