data_preparation: 17.22821879386902
run_asmooth: 1.3805091381072998
compute_correlations: 0.10793185234069824
compute_ExcessProfileEstimator: 0.10872030258178711
