data_preparation: 17.937962293624878
run_asmooth: 1.29762864112854
compute_correlations: 0.09515666961669922
compute_ExcessProfileEstimator: 0.0966036319732666
