data_preparation: 9.65220046043396
run_asmooth: 0.9183554649353027
compute_correlations: 0.06111788749694824
compute_ExcessProfileEstimator: 0.06028580665588379
