data_preparation: 8.95692777633667
run_asmooth: 0.9160623550415039
compute_correlations: 0.05867457389831543
compute_ExcessProfileEstimator: 0.060793161392211914
