data_preparation: 20.093303680419922
run_asmooth: 1.4908113479614258
compute_correlations: 0.11050772666931152
compute_ExcessProfileEstimator: 0.11318826675415039
