data_preparation: 8.84060025215149
run_asmooth: 0.9293389320373535
compute_correlations: 0.0588836669921875
compute_ExcessProfileEstimator: 0.1266615390777588
