data_preparation: 9.260019302368164
run_asmooth: 0.9538991451263428
compute_correlations: 0.059462547302246094
compute_ExcessProfileEstimator: 0.06035017967224121
