data_preparation: 25.87560534477234
run_asmooth: 1.184689998626709
compute_correlations: 0.08187437057495117
compute_ExcessProfileEstimator: 0.08182668685913086
