data_preparation: 25.697160482406616
run_asmooth: 1.2141470909118652
compute_correlations: 0.08549070358276367
compute_ExcessProfileEstimator: 0.08458995819091797
