data_preparation: 16.604506492614746
run_asmooth: 1.3623216152191162
compute_correlations: 180.79640555381775
compute_ExcessProfileEstimator: 178.95407843589783
