data_preparation: 16.747474908828735
run_asmooth: 1.2134618759155273
compute_correlations: 0.07859277725219727
compute_ExcessProfileEstimator: 0.07723426818847656
