data_preparation: 24.864717483520508
run_asmooth: 1.9583044052124023
compute_correlations: 0.14757728576660156
compute_ExcessProfileEstimator: 0.14774751663208008
