data_preparation: 20.583566427230835
run_asmooth: 1.4931011199951172
compute_correlations: 0.08096575736999512
compute_ExcessProfileEstimator: 0.0801401138305664
