data_preparation: 8.987641334533691
run_asmooth: 0.92364501953125
compute_correlations: 0.05850815773010254
compute_ExcessProfileEstimator: 0.05986976623535156
