data_preparation: 8.790526151657104
run_asmooth: 0.8871266841888428
compute_correlations: 0.05747818946838379
compute_ExcessProfileEstimator: 0.057860374450683594
