data_preparation: 9.044223070144653
run_asmooth: 0.9337911605834961
compute_correlations: 0.05925893783569336
compute_ExcessProfileEstimator: 0.06024003028869629
