data_preparation: 19.703465461730957
run_asmooth: 1.521371841430664
compute_correlations: 237.89954590797424
compute_ExcessProfileEstimator: 238.14940524101257
