data_preparation: 17.5086350440979
run_asmooth: 1.243006706237793
compute_correlations: 0.09456443786621094
compute_ExcessProfileEstimator: 0.09660935401916504
