data_preparation: 24.42858362197876
run_asmooth: 1.7993049621582031
compute_correlations: 0.1037299633026123
compute_ExcessProfileEstimator: 0.10031390190124512
