data_preparation: 8.91764521598816
run_asmooth: 0.908480167388916
compute_correlations: 0.05648660659790039
compute_ExcessProfileEstimator: 0.05579352378845215
