data_preparation: 22.313347816467285
run_asmooth: 1.7097523212432861
compute_correlations: 0.12045550346374512
compute_ExcessProfileEstimator: 0.11917924880981445
