data_preparation: 26.20313310623169
run_asmooth: 1.3095471858978271
compute_correlations: 0.09367942810058594
compute_ExcessProfileEstimator: 0.09406137466430664
