data_preparation: 18.53299641609192
run_asmooth: 1.3350191116333008
compute_correlations: 0.09212875366210938
compute_ExcessProfileEstimator: 0.09080195426940918
