data_preparation: 9.023735046386719
run_asmooth: 0.9097468852996826
compute_correlations: 0.0581822395324707
compute_ExcessProfileEstimator: 0.06115865707397461
