data_preparation: 18.001047372817993
run_asmooth: 1.2708871364593506
compute_correlations: 0.08698701858520508
compute_ExcessProfileEstimator: 0.08475184440612793
