data_preparation: 8.768293619155884
run_asmooth: 0.8804507255554199
compute_correlations: 0.05634665489196777
compute_ExcessProfileEstimator: 0.05630207061767578
