data_preparation: 18.693164587020874
run_asmooth: 1.3315224647521973
compute_correlations: 0.09893989562988281
compute_ExcessProfileEstimator: 0.09912514686584473
