data_preparation: 8.812721252441406
run_asmooth: 0.8828370571136475
compute_correlations: 0.05699443817138672
compute_ExcessProfileEstimator: 0.05796933174133301
