data_preparation: 16.766976594924927
run_asmooth: 1.2734737396240234
compute_correlations: 0.09092926979064941
compute_ExcessProfileEstimator: 0.09326982498168945
