data_preparation: 9.066409587860107
run_asmooth: 0.9169368743896484
compute_correlations: 0.058868408203125
compute_ExcessProfileEstimator: 0.05921316146850586
