data_preparation: 21.801167488098145
run_asmooth: 1.81233549118042
compute_correlations: 0.1401841640472412
compute_ExcessProfileEstimator: 0.1385185718536377
