data_preparation: 8.782508611679077
run_asmooth: 0.8779582977294922
compute_correlations: 0.05651688575744629
compute_ExcessProfileEstimator: 0.05881905555725098
