data_preparation: 16.356524229049683
run_asmooth: 1.189239263534546
compute_correlations: 0.08788108825683594
compute_ExcessProfileEstimator: 0.08697819709777832
