data_preparation: 19.410070180892944
run_asmooth: 1.432067632675171
compute_correlations: 0.08169317245483398
compute_ExcessProfileEstimator: 0.07937359809875488
