data_preparation: 16.12751293182373
run_asmooth: 1.212460994720459
compute_correlations: 0.08912062644958496
compute_ExcessProfileEstimator: 0.08820414543151855
