data_preparation: 10.27688479423523
run_asmooth: 0.8953738212585449
compute_correlations: 0.06487846374511719
compute_ExcessProfileEstimator: 0.0641169548034668
