data_preparation: 8.82882809638977
run_asmooth: 0.9253058433532715
compute_correlations: 0.05913686752319336
compute_ExcessProfileEstimator: 0.12203335762023926
