data_preparation: 10.44717264175415
run_asmooth: 0.891326904296875
compute_correlations: 0.06489896774291992
compute_ExcessProfileEstimator: 0.06470513343811035
