data_preparation: 20.632677793502808
run_asmooth: 1.7236225605010986
compute_correlations: 0.1259162425994873
compute_ExcessProfileEstimator: 0.1240687370300293
