data_preparation: 9.051177740097046
run_asmooth: 0.9387054443359375
compute_correlations: 0.05954933166503906
compute_ExcessProfileEstimator: 0.06075286865234375
