data_preparation: 8.940795421600342
run_asmooth: 0.9246585369110107
compute_correlations: 0.05924081802368164
compute_ExcessProfileEstimator: 0.05747222900390625
