data_preparation: 9.955071926116943
run_asmooth: 0.88614821434021
compute_correlations: 0.06509685516357422
compute_ExcessProfileEstimator: 0.06365370750427246
