data_preparation: 8.838696956634521
run_asmooth: 0.8476686477661133
compute_correlations: 0.05512285232543945
compute_ExcessProfileEstimator: 0.05492281913757324
