data_preparation: 25.515877962112427
run_asmooth: 1.233219861984253
compute_correlations: 0.08857917785644531
compute_ExcessProfileEstimator: 0.08698105812072754
