data_preparation: 8.892380237579346
run_asmooth: 0.8628566265106201
compute_correlations: 0.05668330192565918
compute_ExcessProfileEstimator: 0.05627322196960449
