data_preparation: 20.618701696395874
run_asmooth: 1.5292763710021973
compute_correlations: 0.11003232002258301
compute_ExcessProfileEstimator: 0.10878252983093262
