data_preparation: 8.958622932434082
run_asmooth: 0.9097726345062256
compute_correlations: 0.05808544158935547
compute_ExcessProfileEstimator: 0.05858731269836426
