data_preparation: 17.668325662612915
run_asmooth: 1.327009916305542
compute_correlations: 0.09645652770996094
compute_ExcessProfileEstimator: 0.09343504905700684
