data_preparation: 20.209280014038086
run_asmooth: 1.4825403690338135
compute_correlations: 0.07967710494995117
compute_ExcessProfileEstimator: 0.07873892784118652
