data_preparation: 9.011895656585693
run_asmooth: 0.9377765655517578
compute_correlations: 0.05774235725402832
compute_ExcessProfileEstimator: 0.05850028991699219
