data_preparation: 22.028018474578857
run_asmooth: 1.7815368175506592
compute_correlations: 0.1475362777709961
compute_ExcessProfileEstimator: 0.13175129890441895
