data_preparation: 8.540173292160034
run_asmooth: 0.8420920372009277
compute_correlations: 0.05462837219238281
compute_ExcessProfileEstimator: 0.05419468879699707
