data_preparation: 18.19867515563965
run_asmooth: 1.211958646774292
compute_correlations: 0.06174159049987793
compute_ExcessProfileEstimator: 0.061717987060546875
