data_preparation: 9.131407976150513
run_asmooth: 0.9626798629760742
compute_correlations: 0.060387611389160156
compute_ExcessProfileEstimator: 0.062383413314819336
