data_preparation: 20.562946557998657
run_asmooth: 1.4948759078979492
compute_correlations: 0.1116936206817627
compute_ExcessProfileEstimator: 0.11291718482971191
