data_preparation: 18.34713649749756
run_asmooth: 1.3926761150360107
compute_correlations: 0.10463500022888184
compute_ExcessProfileEstimator: 0.09570169448852539
