data_preparation: 18.717454195022583
run_asmooth: 1.353710651397705
compute_correlations: 0.09836077690124512
compute_ExcessProfileEstimator: 0.10142374038696289
