data_preparation: 17.85999870300293
run_asmooth: 1.1732776165008545
compute_correlations: 0.0830087661743164
compute_ExcessProfileEstimator: 0.08262753486633301
