data_preparation: 8.838682889938354
run_asmooth: 0.9571118354797363
compute_correlations: 0.058182477951049805
compute_ExcessProfileEstimator: 0.057323455810546875
