data_preparation: 10.41032862663269
run_asmooth: 0.9015235900878906
compute_correlations: 0.06454610824584961
compute_ExcessProfileEstimator: 0.06515359878540039
