data_preparation: 9.882044792175293
run_asmooth: 0.8792660236358643
compute_correlations: 0.06495904922485352
compute_ExcessProfileEstimator: 0.06332182884216309
