data_preparation: 17.62791681289673
run_asmooth: 1.269960880279541
compute_correlations: 0.09497594833374023
compute_ExcessProfileEstimator: 0.09383273124694824
