data_preparation: 19.410424947738647
run_asmooth: 1.5414443016052246
compute_correlations: 0.0947256088256836
compute_ExcessProfileEstimator: 0.09436392784118652
