data_preparation: 8.912956476211548
run_asmooth: 0.9046993255615234
compute_correlations: 0.05679655075073242
compute_ExcessProfileEstimator: 0.05664801597595215
