data_preparation: 10.685040950775146
run_asmooth: 0.909639835357666
compute_correlations: 0.06742501258850098
compute_ExcessProfileEstimator: 0.0654141902923584
