data_preparation: 9.161888599395752
run_asmooth: 0.9308922290802002
compute_correlations: 0.05902576446533203
compute_ExcessProfileEstimator: 0.058617353439331055
