data_preparation: 15.758564710617065
run_asmooth: 1.232536792755127
compute_correlations: 108.89470911026001
compute_ExcessProfileEstimator: 108.71720314025879
