data_preparation: 19.21811532974243
run_asmooth: 1.447108507156372
compute_correlations: 233.97201299667358
compute_ExcessProfileEstimator: 231.7663130760193
