data_preparation: 17.23176670074463
run_asmooth: 1.2790799140930176
compute_correlations: 0.09493803977966309
compute_ExcessProfileEstimator: 0.0928196907043457
