data_preparation: 26.031419038772583
run_asmooth: 2.0277481079101562
compute_correlations: 0.14958405494689941
compute_ExcessProfileEstimator: 0.17959928512573242
