data_preparation: 10.437666893005371
run_asmooth: 0.9237852096557617
compute_correlations: 0.0660560131072998
compute_ExcessProfileEstimator: 0.06598377227783203
