data_preparation: 9.195432424545288
run_asmooth: 0.9234039783477783
compute_correlations: 0.05788898468017578
compute_ExcessProfileEstimator: 0.12572383880615234
