data_preparation: 25.733005046844482
run_asmooth: 1.2992775440216064
compute_correlations: 0.0945897102355957
compute_ExcessProfileEstimator: 0.09299683570861816
