data_preparation: 18.44912052154541
run_asmooth: 1.4271819591522217
compute_correlations: 0.09819793701171875
compute_ExcessProfileEstimator: 0.09926199913024902
