data_preparation: 20.526374578475952
run_asmooth: 1.5660862922668457
compute_correlations: 0.115264892578125
compute_ExcessProfileEstimator: 0.11141729354858398
