data_preparation: 8.951341152191162
run_asmooth: 0.8906946182250977
compute_correlations: 0.0557711124420166
compute_ExcessProfileEstimator: 0.055933237075805664
