data_preparation: 19.16661024093628
run_asmooth: 1.458399772644043
compute_correlations: 0.10610508918762207
compute_ExcessProfileEstimator: 0.10332393646240234
