data_preparation: 9.06085753440857
run_asmooth: 1.0145034790039062
compute_correlations: 0.060466766357421875
compute_ExcessProfileEstimator: 0.06207418441772461
