data_preparation: 16.73059058189392
run_asmooth: 1.2344434261322021
compute_correlations: 0.09084558486938477
compute_ExcessProfileEstimator: 0.0900275707244873
