data_preparation: 9.126628637313843
run_asmooth: 0.9280009269714355
compute_correlations: 0.05765175819396973
compute_ExcessProfileEstimator: 0.057579994201660156
