data_preparation: 16.088982582092285
run_asmooth: 1.1474251747131348
compute_correlations: 0.08060336112976074
compute_ExcessProfileEstimator: 0.08107256889343262
