data_preparation: 19.070608615875244
run_asmooth: 1.3589043617248535
compute_correlations: 0.09558606147766113
compute_ExcessProfileEstimator: 0.09249305725097656
