data_preparation: 8.659013032913208
run_asmooth: 0.8911998271942139
compute_correlations: 0.0559237003326416
compute_ExcessProfileEstimator: 0.056697845458984375
