data_preparation: 18.370251417160034
run_asmooth: 1.2009365558624268
compute_correlations: 0.0841524600982666
compute_ExcessProfileEstimator: 0.0830695629119873
