data_preparation: 20.756947994232178
run_asmooth: 1.5779075622558594
compute_correlations: 0.10011625289916992
compute_ExcessProfileEstimator: 0.10093975067138672
