data_preparation: 20.076630353927612
run_asmooth: 1.486633539199829
compute_correlations: 0.10908937454223633
compute_ExcessProfileEstimator: 0.10877466201782227
