data_preparation: 17.075334787368774
run_asmooth: 1.2517962455749512
compute_correlations: 0.09634685516357422
compute_ExcessProfileEstimator: 0.09544777870178223
