data_preparation: 8.945314407348633
run_asmooth: 0.8953185081481934
compute_correlations: 0.05829358100891113
compute_ExcessProfileEstimator: 0.0585322380065918
