data_preparation: 20.39196491241455
run_asmooth: 1.6514654159545898
compute_correlations: 0.09010767936706543
compute_ExcessProfileEstimator: 0.09576559066772461
