data_preparation: 22.250629901885986
run_asmooth: 1.761286973953247
compute_correlations: 0.1412491798400879
compute_ExcessProfileEstimator: 0.13112854957580566
