data_preparation: 21.485750675201416
run_asmooth: 1.628490924835205
compute_correlations: 0.11355304718017578
compute_ExcessProfileEstimator: 0.12493252754211426
