data_preparation: 18.08639883995056
run_asmooth: 1.3370156288146973
compute_correlations: 0.09339451789855957
compute_ExcessProfileEstimator: 0.09957337379455566
