data_preparation: 8.776788711547852
run_asmooth: 0.8931760787963867
compute_correlations: 0.05990338325500488
compute_ExcessProfileEstimator: 0.060075998306274414
