data_preparation: 10.648631811141968
run_asmooth: 0.9294614791870117
compute_correlations: 0.07143473625183105
compute_ExcessProfileEstimator: 0.06778931617736816
