data_preparation: 9.206376314163208
run_asmooth: 0.930267333984375
compute_correlations: 0.05933570861816406
compute_ExcessProfileEstimator: 0.13119840621948242
