data_preparation: 27.029046058654785
run_asmooth: 1.9685485363006592
compute_correlations: 0.1392536163330078
compute_ExcessProfileEstimator: 0.13181066513061523
