data_preparation: 8.88692569732666
run_asmooth: 0.8950016498565674
compute_correlations: 0.05907869338989258
compute_ExcessProfileEstimator: 0.05844998359680176
