data_preparation: 9.174034595489502
run_asmooth: 0.9218237400054932
compute_correlations: 0.06025409698486328
compute_ExcessProfileEstimator: 0.05973696708679199
