data_preparation: 10.333778619766235
run_asmooth: 0.9085946083068848
compute_correlations: 0.06821417808532715
compute_ExcessProfileEstimator: 0.06574654579162598
