data_preparation: 22.9863498210907
run_asmooth: 1.8966996669769287
compute_correlations: 0.13501358032226562
compute_ExcessProfileEstimator: 0.13080763816833496
