data_preparation: 9.071260690689087
run_asmooth: 0.9080421924591064
compute_correlations: 0.058205366134643555
compute_ExcessProfileEstimator: 0.05875682830810547
