data_preparation: 9.109501600265503
run_asmooth: 0.9264490604400635
compute_correlations: 0.05990886688232422
compute_ExcessProfileEstimator: 0.06093001365661621
