data_preparation: 9.600023984909058
run_asmooth: 0.9572165012359619
compute_correlations: 0.06210613250732422
compute_ExcessProfileEstimator: 0.06170225143432617
