data_preparation: 8.852782011032104
run_asmooth: 0.8672516345977783
compute_correlations: 0.05558609962463379
compute_ExcessProfileEstimator: 0.05574345588684082
