data_preparation: 25.747472047805786
run_asmooth: 1.832254409790039
compute_correlations: 0.13250279426574707
compute_ExcessProfileEstimator: 0.13703203201293945
