data_preparation: 9.016383171081543
run_asmooth: 0.9230239391326904
compute_correlations: 0.05905723571777344
compute_ExcessProfileEstimator: 0.12292957305908203
