data_preparation: 17.598471641540527
run_asmooth: 1.1964094638824463
compute_correlations: 0.07392501831054688
compute_ExcessProfileEstimator: 0.06751704216003418
