data_preparation: 10.237059116363525
run_asmooth: 0.883232831954956
compute_correlations: 0.06485676765441895
compute_ExcessProfileEstimator: 0.06276464462280273
