data_preparation: 20.315775394439697
run_asmooth: 1.463676929473877
compute_correlations: 0.1189422607421875
compute_ExcessProfileEstimator: 0.11560487747192383
