data_preparation: 17.30711793899536
run_asmooth: 1.262193202972412
compute_correlations: 0.0964047908782959
compute_ExcessProfileEstimator: 0.09343290328979492
