data_preparation: 8.937611103057861
run_asmooth: 0.92020583152771
compute_correlations: 0.05984330177307129
compute_ExcessProfileEstimator: 0.05866551399230957
