data_preparation: 16.62772560119629
run_asmooth: 1.2204687595367432
compute_correlations: 0.09054064750671387
compute_ExcessProfileEstimator: 0.08997249603271484
