data_preparation: 21.102750539779663
run_asmooth: 1.6151983737945557
compute_correlations: 0.11436963081359863
compute_ExcessProfileEstimator: 0.1100766658782959
