data_preparation: 8.863229274749756
run_asmooth: 0.9212510585784912
compute_correlations: 0.05799436569213867
compute_ExcessProfileEstimator: 0.05905914306640625
