data_preparation: 25.768202304840088
run_asmooth: 1.146923542022705
compute_correlations: 0.08325600624084473
compute_ExcessProfileEstimator: 0.0817098617553711
