data_preparation: 9.144572734832764
run_asmooth: 0.9350450038909912
compute_correlations: 0.06035113334655762
compute_ExcessProfileEstimator: 0.06066632270812988
