data_preparation: 9.501580238342285
run_asmooth: 1.079921007156372
compute_correlations: 0.06351852416992188
compute_ExcessProfileEstimator: 0.06377148628234863
