data_preparation: 9.152079582214355
run_asmooth: 0.9389491081237793
compute_correlations: 0.06159043312072754
compute_ExcessProfileEstimator: 0.13175177574157715
