data_preparation: 9.409363508224487
run_asmooth: 0.9765129089355469
compute_correlations: 0.06074881553649902
compute_ExcessProfileEstimator: 0.0605926513671875
