data_preparation: 9.096574068069458
run_asmooth: 0.9308514595031738
compute_correlations: 0.05990314483642578
compute_ExcessProfileEstimator: 0.061041831970214844
