data_preparation: 20.31752061843872
run_asmooth: 1.6000235080718994
compute_correlations: 0.1159658432006836
compute_ExcessProfileEstimator: 0.11435580253601074
