data_preparation: 20.914554834365845
run_asmooth: 1.6137871742248535
compute_correlations: 0.09537291526794434
compute_ExcessProfileEstimator: 0.09418487548828125
