data_preparation: 8.863085746765137
run_asmooth: 0.972280740737915
compute_correlations: 0.06053042411804199
compute_ExcessProfileEstimator: 0.13420534133911133
