data_preparation: 18.98373007774353
run_asmooth: 1.4026343822479248
compute_correlations: 0.07433938980102539
compute_ExcessProfileEstimator: 0.07323646545410156
