data_preparation: 18.163547039031982
run_asmooth: 1.2400739192962646
compute_correlations: 125.00380301475525
compute_ExcessProfileEstimator: 123.74005770683289
