data_preparation: 10.127227544784546
run_asmooth: 0.9201843738555908
compute_correlations: 0.06850433349609375
compute_ExcessProfileEstimator: 0.0662848949432373
