data_preparation: 17.22262215614319
run_asmooth: 1.2165350914001465
compute_correlations: 0.08492755889892578
compute_ExcessProfileEstimator: 0.08457446098327637
