data_preparation: 16.85173749923706
run_asmooth: 1.2012147903442383
compute_correlations: 0.08940458297729492
compute_ExcessProfileEstimator: 0.08776402473449707
