data_preparation: 17.058692932128906
run_asmooth: 1.2836182117462158
compute_correlations: 0.0963125228881836
compute_ExcessProfileEstimator: 0.09494638442993164
