data_preparation: 17.400502681732178
run_asmooth: 1.2893915176391602
compute_correlations: 0.09454107284545898
compute_ExcessProfileEstimator: 0.09215760231018066
