data_preparation: 9.510472536087036
run_asmooth: 0.8465986251831055
compute_correlations: 0.06121373176574707
compute_ExcessProfileEstimator: 0.06168389320373535
