data_preparation: 8.893864393234253
run_asmooth: 0.892235279083252
compute_correlations: 0.05811476707458496
compute_ExcessProfileEstimator: 0.06216931343078613
