data_preparation: 9.14823031425476
run_asmooth: 0.9990208148956299
compute_correlations: 0.060552358627319336
compute_ExcessProfileEstimator: 0.06036543846130371
