data_preparation: 9.017948150634766
run_asmooth: 0.92598557472229
compute_correlations: 0.05902981758117676
compute_ExcessProfileEstimator: 0.06047821044921875
