data_preparation: 22.335917472839355
run_asmooth: 1.8576388359069824
compute_correlations: 0.14266633987426758
compute_ExcessProfileEstimator: 0.1338207721710205
