data_preparation: 18.582695722579956
run_asmooth: 1.2891108989715576
compute_correlations: 206.9990849494934
compute_ExcessProfileEstimator: 205.9808738231659
