data_preparation: 8.834004402160645
run_asmooth: 0.8926801681518555
compute_correlations: 0.05602765083312988
compute_ExcessProfileEstimator: 0.0552523136138916
