data_preparation: 18.74665880203247
run_asmooth: 1.2432003021240234
compute_correlations: 0.0892488956451416
compute_ExcessProfileEstimator: 0.08968210220336914
