data_preparation: 15.933454990386963
run_asmooth: 1.0788147449493408
compute_correlations: 109.19034600257874
compute_ExcessProfileEstimator: 108.34947085380554
