data_preparation: 9.253967761993408
run_asmooth: 0.9319524765014648
compute_correlations: 0.057416677474975586
compute_ExcessProfileEstimator: 0.05668163299560547
