data_preparation: 15.113009691238403
run_asmooth: 1.023651361465454
compute_correlations: 166.69813704490662
compute_ExcessProfileEstimator: 166.80122685432434
