data_preparation: 18.77540135383606
run_asmooth: 1.2579591274261475
compute_correlations: 0.08872127532958984
compute_ExcessProfileEstimator: 0.08860063552856445
