data_preparation: 8.805468797683716
run_asmooth: 0.8867757320404053
compute_correlations: 0.057985544204711914
compute_ExcessProfileEstimator: 0.057518959045410156
