data_preparation: 9.139198303222656
run_asmooth: 0.891193151473999
compute_correlations: 0.05761861801147461
compute_ExcessProfileEstimator: 0.057282447814941406
