data_preparation: 35.57906532287598
run_asmooth: 1.8344695568084717
compute_correlations: 0.14906859397888184
compute_ExcessProfileEstimator: 0.1370255947113037
