data_preparation: 8.862993478775024
run_asmooth: 0.8914816379547119
compute_correlations: 0.058350563049316406
compute_ExcessProfileEstimator: 0.05831027030944824
