data_preparation: 22.424745321273804
run_asmooth: 1.8641321659088135
compute_correlations: 0.1447758674621582
compute_ExcessProfileEstimator: 0.14067721366882324
