data_preparation: 17.47858715057373
run_asmooth: 1.2545092105865479
compute_correlations: 0.09379339218139648
compute_ExcessProfileEstimator: 0.0936133861541748
