data_preparation: 9.65596079826355
run_asmooth: 1.0947835445404053
compute_correlations: 0.06379032135009766
compute_ExcessProfileEstimator: 0.06760001182556152
