data_preparation: 9.039066076278687
run_asmooth: 0.987213134765625
compute_correlations: 0.05915331840515137
compute_ExcessProfileEstimator: 0.060372114181518555
