data_preparation: 19.836120128631592
run_asmooth: 1.5941047668457031
compute_correlations: 0.12701869010925293
compute_ExcessProfileEstimator: 0.13201498985290527
