data_preparation: 8.983288049697876
run_asmooth: 0.9226512908935547
compute_correlations: 0.05885887145996094
compute_ExcessProfileEstimator: 0.05915546417236328
