data_preparation: 9.438090562820435
run_asmooth: 0.8465442657470703
compute_correlations: 0.061042070388793945
compute_ExcessProfileEstimator: 0.060030460357666016
