data_preparation: 8.890660047531128
run_asmooth: 0.9783177375793457
compute_correlations: 0.05960202217102051
compute_ExcessProfileEstimator: 0.059624433517456055
