data_preparation: 22.328933477401733
run_asmooth: 1.8864641189575195
compute_correlations: 0.15695858001708984
compute_ExcessProfileEstimator: 0.1423170566558838
