data_preparation: 22.707027196884155
run_asmooth: 1.7707324028015137
compute_correlations: 0.12811589241027832
compute_ExcessProfileEstimator: 0.12512898445129395
