data_preparation: 10.61678409576416
run_asmooth: 0.9442489147186279
compute_correlations: 0.0684211254119873
compute_ExcessProfileEstimator: 0.0695803165435791
