data_preparation: 9.018746137619019
run_asmooth: 0.9331448078155518
compute_correlations: 0.06063199043273926
compute_ExcessProfileEstimator: 0.05960869789123535
