data_preparation: 8.936426162719727
run_asmooth: 0.9766061305999756
compute_correlations: 0.05783557891845703
compute_ExcessProfileEstimator: 0.05796098709106445
