data_preparation: 8.977423429489136
run_asmooth: 0.9111385345458984
compute_correlations: 0.05698227882385254
compute_ExcessProfileEstimator: 0.055715322494506836
