data_preparation: 18.55925416946411
run_asmooth: 1.4629974365234375
compute_correlations: 124.26288628578186
compute_ExcessProfileEstimator: 124.58310031890869
