data_preparation: 18.104711771011353
run_asmooth: 1.1992640495300293
compute_correlations: 204.02170181274414
compute_ExcessProfileEstimator: 204.7465534210205
