data_preparation: 8.666784286499023
run_asmooth: 0.8704483509063721
compute_correlations: 0.05607318878173828
compute_ExcessProfileEstimator: 0.05637478828430176
