data_preparation: 19.839863300323486
run_asmooth: 1.6193606853485107
compute_correlations: 0.12609171867370605
compute_ExcessProfileEstimator: 0.1298966407775879
