data_preparation: 16.269266366958618
run_asmooth: 1.2384834289550781
compute_correlations: 113.7880871295929
compute_ExcessProfileEstimator: 113.14937996864319
