data_preparation: 17.16061234474182
run_asmooth: 1.2664670944213867
compute_correlations: 0.09263014793395996
compute_ExcessProfileEstimator: 0.09242844581604004
