data_preparation: 8.605294942855835
run_asmooth: 0.8306822776794434
compute_correlations: 0.054366111755371094
compute_ExcessProfileEstimator: 0.05375838279724121
