data_preparation: 20.985965490341187
run_asmooth: 1.5408525466918945
compute_correlations: 0.10639524459838867
compute_ExcessProfileEstimator: 0.1082453727722168
