data_preparation: 19.59017324447632
run_asmooth: 1.3971903324127197
compute_correlations: 0.0956883430480957
compute_ExcessProfileEstimator: 0.09639906883239746
