data_preparation: 8.989118337631226
run_asmooth: 0.9232997894287109
compute_correlations: 0.059110403060913086
compute_ExcessProfileEstimator: 0.06029105186462402
