data_preparation: 16.19942355155945
run_asmooth: 1.7838020324707031
compute_correlations: 217.0649697780609
compute_ExcessProfileEstimator: 214.60777926445007
