data_preparation: 16.573519229888916
run_asmooth: 1.2824218273162842
compute_correlations: 0.08979249000549316
compute_ExcessProfileEstimator: 0.09082531929016113
