data_preparation: 30.523816347122192
run_asmooth: 1.5567169189453125
compute_correlations: 0.11813521385192871
compute_ExcessProfileEstimator: 0.1118779182434082
