data_preparation: 30.607401609420776
run_asmooth: 1.4622838497161865
compute_correlations: 0.10450601577758789
compute_ExcessProfileEstimator: 0.10411500930786133
