data_preparation: 9.28746747970581
run_asmooth: 0.9391517639160156
compute_correlations: 0.059448957443237305
compute_ExcessProfileEstimator: 0.05899357795715332
