data_preparation: 9.004364728927612
run_asmooth: 0.9024777412414551
compute_correlations: 0.05750679969787598
compute_ExcessProfileEstimator: 0.05839395523071289
