data_preparation: 8.955239534378052
run_asmooth: 0.9485082626342773
compute_correlations: 0.05935406684875488
compute_ExcessProfileEstimator: 0.12532544136047363
