data_preparation: 9.822693586349487
run_asmooth: 0.8749237060546875
compute_correlations: 0.06442523002624512
compute_ExcessProfileEstimator: 0.06269121170043945
