data_preparation: 8.65032958984375
run_asmooth: 0.8290865421295166
compute_correlations: 0.05436253547668457
compute_ExcessProfileEstimator: 0.05435943603515625
