data_preparation: 21.643852710723877
run_asmooth: 1.64365816116333
compute_correlations: 0.09234857559204102
compute_ExcessProfileEstimator: 0.08415651321411133
