data_preparation: 8.753133058547974
run_asmooth: 0.8788626194000244
compute_correlations: 0.05711650848388672
compute_ExcessProfileEstimator: 0.05761289596557617
