data_preparation: 18.017496585845947
run_asmooth: 1.177657127380371
compute_correlations: 0.08411574363708496
compute_ExcessProfileEstimator: 0.08146023750305176
