data_preparation: 20.35464572906494
run_asmooth: 1.460693597793579
compute_correlations: 0.07877945899963379
compute_ExcessProfileEstimator: 0.07843375205993652
