data_preparation: 17.927600145339966
run_asmooth: 1.1895020008087158
compute_correlations: 0.08389568328857422
compute_ExcessProfileEstimator: 0.08305191993713379
