data_preparation: 32.18084740638733
run_asmooth: 1.6105046272277832
compute_correlations: 0.11447334289550781
compute_ExcessProfileEstimator: 0.11446785926818848
