data_preparation: 23.999308824539185
run_asmooth: 1.887631893157959
compute_correlations: 0.13169336318969727
compute_ExcessProfileEstimator: 0.13009047508239746
