data_preparation: 22.052786827087402
run_asmooth: 1.6999917030334473
compute_correlations: 0.1297769546508789
compute_ExcessProfileEstimator: 0.21475005149841309
