data_preparation: 17.741806745529175
run_asmooth: 1.17771577835083
compute_correlations: 0.07975244522094727
compute_ExcessProfileEstimator: 0.07932281494140625
