data_preparation: 9.43666934967041
run_asmooth: 0.8433794975280762
compute_correlations: 0.06051754951477051
compute_ExcessProfileEstimator: 0.05980420112609863
