data_preparation: 10.236478090286255
run_asmooth: 0.8703029155731201
compute_correlations: 0.06371450424194336
compute_ExcessProfileEstimator: 0.06339454650878906
