data_preparation: 9.090395450592041
run_asmooth: 0.9954831600189209
compute_correlations: 0.06004619598388672
compute_ExcessProfileEstimator: 0.05980801582336426
