data_preparation: 10.237886428833008
run_asmooth: 0.9393162727355957
compute_correlations: 0.06705141067504883
compute_ExcessProfileEstimator: 0.06536269187927246
