data_preparation: 8.747304201126099
run_asmooth: 0.8774619102478027
compute_correlations: 0.05692696571350098
compute_ExcessProfileEstimator: 0.057340145111083984
