data_preparation: 8.907979726791382
run_asmooth: 0.9041881561279297
compute_correlations: 0.0589444637298584
compute_ExcessProfileEstimator: 0.05789327621459961
