data_preparation: 8.666322231292725
run_asmooth: 0.8603849411010742
compute_correlations: 0.05498814582824707
compute_ExcessProfileEstimator: 0.05503249168395996
