data_preparation: 10.243247270584106
run_asmooth: 0.949775218963623
compute_correlations: 0.0692899227142334
compute_ExcessProfileEstimator: 0.06825995445251465
