data_preparation: 17.421407222747803
run_asmooth: 1.2673673629760742
compute_correlations: 0.09563326835632324
compute_ExcessProfileEstimator: 0.09557962417602539
