data_preparation: 22.284673929214478
run_asmooth: 1.7919855117797852
compute_correlations: 0.14221763610839844
compute_ExcessProfileEstimator: 0.1387326717376709
