data_preparation: 22.924838304519653
run_asmooth: 1.8728623390197754
compute_correlations: 0.1424717903137207
compute_ExcessProfileEstimator: 0.16892528533935547
