data_preparation: 8.862287282943726
run_asmooth: 0.8924858570098877
compute_correlations: 0.05820441246032715
compute_ExcessProfileEstimator: 0.059201717376708984
