data_preparation: 9.503660917282104
run_asmooth: 1.1002743244171143
compute_correlations: 0.0651543140411377
compute_ExcessProfileEstimator: 0.06518411636352539
