data_preparation: 25.606670141220093
run_asmooth: 1.242302417755127
compute_correlations: 0.08963465690612793
compute_ExcessProfileEstimator: 0.08788251876831055
