data_preparation: 8.904457569122314
run_asmooth: 0.9967348575592041
compute_correlations: 0.0592958927154541
compute_ExcessProfileEstimator: 0.05879092216491699
