data_preparation: 19.062165021896362
run_asmooth: 1.4015161991119385
compute_correlations: 0.09907889366149902
compute_ExcessProfileEstimator: 0.10039258003234863
