data_preparation: 10.285566329956055
run_asmooth: 0.8716366291046143
compute_correlations: 0.0645754337310791
compute_ExcessProfileEstimator: 0.06227898597717285
