data_preparation: 21.031792640686035
run_asmooth: 1.7130589485168457
compute_correlations: 0.11874723434448242
compute_ExcessProfileEstimator: 0.11978006362915039
