data_preparation: 22.688459634780884
run_asmooth: 1.8328206539154053
compute_correlations: 0.12906765937805176
compute_ExcessProfileEstimator: 0.14316320419311523
