data_preparation: 18.258414030075073
run_asmooth: 1.4232816696166992
compute_correlations: 125.97358894348145
compute_ExcessProfileEstimator: 125.54339647293091
