data_preparation: 18.0949969291687
run_asmooth: 1.3899917602539062
compute_correlations: 0.0988469123840332
compute_ExcessProfileEstimator: 0.09673070907592773
