data_preparation: 10.519190311431885
run_asmooth: 0.8992900848388672
compute_correlations: 0.06617140769958496
compute_ExcessProfileEstimator: 0.06584692001342773
