data_preparation: 25.657638549804688
run_asmooth: 1.1684002876281738
compute_correlations: 0.08301115036010742
compute_ExcessProfileEstimator: 0.08086490631103516
