data_preparation: 8.444046974182129
run_asmooth: 0.805931568145752
compute_correlations: 0.05241560935974121
compute_ExcessProfileEstimator: 0.0521852970123291
