data_preparation: 19.295082092285156
run_asmooth: 1.609224557876587
compute_correlations: 0.12888360023498535
compute_ExcessProfileEstimator: 0.13475728034973145
