data_preparation: 22.16368341445923
run_asmooth: 1.8180408477783203
compute_correlations: 0.13747262954711914
compute_ExcessProfileEstimator: 0.1396329402923584
