data_preparation: 25.88498878479004
run_asmooth: 1.178074598312378
compute_correlations: 0.08336424827575684
compute_ExcessProfileEstimator: 0.08312320709228516
