data_preparation: 22.5704128742218
run_asmooth: 1.7686254978179932
compute_correlations: 0.13279509544372559
compute_ExcessProfileEstimator: 0.13554024696350098
