data_preparation: 8.705745220184326
run_asmooth: 0.8752799034118652
compute_correlations: 0.056085824966430664
compute_ExcessProfileEstimator: 0.05594134330749512
