data_preparation: 9.371697664260864
run_asmooth: 0.8287713527679443
compute_correlations: 0.059438228607177734
compute_ExcessProfileEstimator: 0.058580875396728516
