data_preparation: 20.49152898788452
run_asmooth: 1.5130324363708496
compute_correlations: 248.1017668247223
compute_ExcessProfileEstimator: 249.2119698524475
