data_preparation: 9.149642705917358
run_asmooth: 0.9292113780975342
compute_correlations: 0.05864143371582031
compute_ExcessProfileEstimator: 0.06033778190612793
