data_preparation: 8.921685457229614
run_asmooth: 0.967144250869751
compute_correlations: 0.06013178825378418
compute_ExcessProfileEstimator: 0.059387922286987305
