data_preparation: 19.70012402534485
run_asmooth: 1.415153980255127
compute_correlations: 0.10824894905090332
compute_ExcessProfileEstimator: 0.1075582504272461
