data_preparation: 9.023663759231567
run_asmooth: 0.936525821685791
compute_correlations: 0.058045387268066406
compute_ExcessProfileEstimator: 0.05853986740112305
