data_preparation: 20.03833842277527
run_asmooth: 1.6824822425842285
compute_correlations: 0.09515857696533203
compute_ExcessProfileEstimator: 0.09911155700683594
