data_preparation: 10.437148094177246
run_asmooth: 0.9414424896240234
compute_correlations: 0.06937432289123535
compute_ExcessProfileEstimator: 0.06749320030212402
