data_preparation: 18.798396348953247
run_asmooth: 1.2700698375701904
compute_correlations: 0.08841943740844727
compute_ExcessProfileEstimator: 0.08930182456970215
