data_preparation: 9.085506200790405
run_asmooth: 1.049044132232666
compute_correlations: 0.0590214729309082
compute_ExcessProfileEstimator: 0.0602724552154541
