data_preparation: 8.843631744384766
run_asmooth: 0.9390749931335449
compute_correlations: 0.059404611587524414
compute_ExcessProfileEstimator: 0.12487316131591797
