data_preparation: 25.807733058929443
run_asmooth: 1.1684675216674805
compute_correlations: 0.08039712905883789
compute_ExcessProfileEstimator: 0.08133268356323242
