data_preparation: 25.94907236099243
run_asmooth: 1.322401523590088
compute_correlations: 0.09864664077758789
compute_ExcessProfileEstimator: 0.09949231147766113
