data_preparation: 9.225331544876099
run_asmooth: 0.9329688549041748
compute_correlations: 0.05960392951965332
compute_ExcessProfileEstimator: 0.059926509857177734
