data_preparation: 10.532076597213745
run_asmooth: 0.9339096546173096
compute_correlations: 0.06733846664428711
compute_ExcessProfileEstimator: 0.06743812561035156
