data_preparation: 21.789265632629395
run_asmooth: 1.7576649188995361
compute_correlations: 0.12508606910705566
compute_ExcessProfileEstimator: 0.1249997615814209
