data_preparation: 17.013813972473145
run_asmooth: 1.281348466873169
compute_correlations: 0.0943753719329834
compute_ExcessProfileEstimator: 0.09262800216674805
