data_preparation: 33.13852000236511
run_asmooth: 1.816624402999878
compute_correlations: 0.13850116729736328
compute_ExcessProfileEstimator: 0.1376490592956543
