data_preparation: 8.909136295318604
run_asmooth: 0.921687126159668
compute_correlations: 0.05978202819824219
compute_ExcessProfileEstimator: 0.05917215347290039
