data_preparation: 16.5845947265625
run_asmooth: 1.2664108276367188
compute_correlations: 0.09273982048034668
compute_ExcessProfileEstimator: 0.09052157402038574
