data_preparation: 8.873753070831299
run_asmooth: 0.957374095916748
compute_correlations: 0.06031990051269531
compute_ExcessProfileEstimator: 0.057680606842041016
