data_preparation: 8.887576818466187
run_asmooth: 0.9025835990905762
compute_correlations: 0.05804300308227539
compute_ExcessProfileEstimator: 0.0584261417388916
