data_preparation: 6.748765230178833
run_asmooth: 0.6528687477111816
compute_correlations: 0.04092121124267578
compute_ExcessProfileEstimator: 0.04091191291809082
