data_preparation: 18.78855609893799
run_asmooth: 1.2682626247406006
compute_correlations: 0.08981919288635254
compute_ExcessProfileEstimator: 0.08734536170959473
