data_preparation: 9.025570631027222
run_asmooth: 0.9172053337097168
compute_correlations: 0.05932807922363281
compute_ExcessProfileEstimator: 0.060067176818847656
