data_preparation: 22.51939034461975
run_asmooth: 1.7620174884796143
compute_correlations: 0.13730788230895996
compute_ExcessProfileEstimator: 0.14008092880249023
