data_preparation: 18.27510666847229
run_asmooth: 1.4008479118347168
compute_correlations: 0.10060906410217285
compute_ExcessProfileEstimator: 0.0991830825805664
