data_preparation: 20.166797637939453
run_asmooth: 1.4524815082550049
compute_correlations: 0.10000014305114746
compute_ExcessProfileEstimator: 0.10201501846313477
