data_preparation: 9.318422794342041
run_asmooth: 0.9597463607788086
compute_correlations: 0.0611577033996582
compute_ExcessProfileEstimator: 0.06095623970031738
