data_preparation: 8.85853886604309
run_asmooth: 1.0038304328918457
compute_correlations: 0.06029033660888672
compute_ExcessProfileEstimator: 0.059847116470336914
