data_preparation: 28.364370822906494
run_asmooth: 1.4628846645355225
compute_correlations: 0.09927654266357422
compute_ExcessProfileEstimator: 0.09712982177734375
