data_preparation: 8.848500967025757
run_asmooth: 0.9660964012145996
compute_correlations: 0.05832481384277344
compute_ExcessProfileEstimator: 0.058032989501953125
