data_preparation: 19.860280513763428
run_asmooth: 1.4498462677001953
compute_correlations: 0.09934377670288086
compute_ExcessProfileEstimator: 0.09764814376831055
