data_preparation: 22.740086793899536
run_asmooth: 1.786344051361084
compute_correlations: 0.1354975700378418
compute_ExcessProfileEstimator: 0.13404512405395508
