data_preparation: 19.203575372695923
run_asmooth: 1.454343557357788
compute_correlations: 0.11106204986572266
compute_ExcessProfileEstimator: 0.1086723804473877
