data_preparation: 21.923909425735474
run_asmooth: 1.6473362445831299
compute_correlations: 0.12673234939575195
compute_ExcessProfileEstimator: 0.12470388412475586
