data_preparation: 10.21766972541809
run_asmooth: 0.9170334339141846
compute_correlations: 0.06833314895629883
compute_ExcessProfileEstimator: 0.06683850288391113
