data_preparation: 21.686250686645508
run_asmooth: 1.6277313232421875
compute_correlations: 0.12321615219116211
compute_ExcessProfileEstimator: 0.1203758716583252
