data_preparation: 19.01766347885132
run_asmooth: 1.2832911014556885
compute_correlations: 0.09047842025756836
compute_ExcessProfileEstimator: 0.09142422676086426
