data_preparation: 17.632270097732544
run_asmooth: 1.3166239261627197
compute_correlations: 0.09786534309387207
compute_ExcessProfileEstimator: 0.09585428237915039
