data_preparation: 8.772496461868286
run_asmooth: 0.8829495906829834
compute_correlations: 0.05797314643859863
compute_ExcessProfileEstimator: 0.057988882064819336
