data_preparation: 17.864123344421387
run_asmooth: 1.2823755741119385
compute_correlations: 0.09788107872009277
compute_ExcessProfileEstimator: 0.09729814529418945
