data_preparation: 10.024529933929443
run_asmooth: 0.9130301475524902
compute_correlations: 0.06690311431884766
compute_ExcessProfileEstimator: 0.06584048271179199
