data_preparation: 18.523719787597656
run_asmooth: 1.3192298412322998
compute_correlations: 0.09886789321899414
compute_ExcessProfileEstimator: 0.09861040115356445
