data_preparation: 17.65908670425415
run_asmooth: 1.2713727951049805
compute_correlations: 0.09710431098937988
compute_ExcessProfileEstimator: 0.09696292877197266
