data_preparation: 22.2533700466156
run_asmooth: 1.8157470226287842
compute_correlations: 0.1270437240600586
compute_ExcessProfileEstimator: 0.12945103645324707
