data_preparation: 17.845436811447144
run_asmooth: 1.3658452033996582
compute_correlations: 0.0980074405670166
compute_ExcessProfileEstimator: 0.09842395782470703
