data_preparation: 8.831307649612427
run_asmooth: 0.8863353729248047
compute_correlations: 0.057833194732666016
compute_ExcessProfileEstimator: 0.05870223045349121
