data_preparation: 10.406409502029419
run_asmooth: 1.0883402824401855
compute_correlations: 0.06646013259887695
compute_ExcessProfileEstimator: 0.06940150260925293
