data_preparation: 18.885193586349487
run_asmooth: 1.278231143951416
compute_correlations: 0.09118819236755371
compute_ExcessProfileEstimator: 0.09007835388183594
