data_preparation: 18.60898756980896
run_asmooth: 1.267836093902588
compute_correlations: 0.08605027198791504
compute_ExcessProfileEstimator: 0.08412718772888184
