data_preparation: 17.16300129890442
run_asmooth: 1.2936065196990967
compute_correlations: 0.09300541877746582
compute_ExcessProfileEstimator: 0.09288287162780762
