data_preparation: 18.27797555923462
run_asmooth: 1.2261347770690918
compute_correlations: 0.08563017845153809
compute_ExcessProfileEstimator: 0.08412623405456543
