data_preparation: 20.218659162521362
run_asmooth: 1.4899020195007324
compute_correlations: 0.10462379455566406
compute_ExcessProfileEstimator: 0.10539054870605469
