data_preparation: 9.164904594421387
run_asmooth: 1.012305498123169
compute_correlations: 0.06108355522155762
compute_ExcessProfileEstimator: 0.06087851524353027
