data_preparation: 30.258503437042236
run_asmooth: 1.6330270767211914
compute_correlations: 0.11653494834899902
compute_ExcessProfileEstimator: 0.11745357513427734
