data_preparation: 9.400461912155151
run_asmooth: 0.8722009658813477
compute_correlations: 0.057819366455078125
compute_ExcessProfileEstimator: 0.06135082244873047
