data_preparation: 25.545170068740845
run_asmooth: 1.2700810432434082
compute_correlations: 0.09209442138671875
compute_ExcessProfileEstimator: 0.08992719650268555
