data_preparation: 19.761680126190186
run_asmooth: 1.4156897068023682
compute_correlations: 0.1056971549987793
compute_ExcessProfileEstimator: 0.1039433479309082
