data_preparation: 8.972933053970337
run_asmooth: 1.0364782810211182
compute_correlations: 0.06230640411376953
compute_ExcessProfileEstimator: 0.06198406219482422
