data_preparation: 19.31623339653015
run_asmooth: 1.2921273708343506
compute_correlations: 0.0914921760559082
compute_ExcessProfileEstimator: 0.08919930458068848
