data_preparation: 10.405341625213623
run_asmooth: 0.8959181308746338
compute_correlations: 0.06732773780822754
compute_ExcessProfileEstimator: 0.06536293029785156
