data_preparation: 18.808372497558594
run_asmooth: 1.2762172222137451
compute_correlations: 200.65324020385742
compute_ExcessProfileEstimator: 203.85611033439636
