data_preparation: 18.24263310432434
run_asmooth: 1.2017946243286133
compute_correlations: 0.08372879028320312
compute_ExcessProfileEstimator: 0.08277416229248047
