data_preparation: 18.19480013847351
run_asmooth: 1.2291905879974365
compute_correlations: 0.08772516250610352
compute_ExcessProfileEstimator: 0.08632826805114746
