data_preparation: 17.801836729049683
run_asmooth: 1.56919527053833
compute_correlations: 200.59774947166443
compute_ExcessProfileEstimator: 200.88609218597412
