data_preparation: 21.633692264556885
run_asmooth: 1.747021198272705
compute_correlations: 0.13620948791503906
compute_ExcessProfileEstimator: 0.1350865364074707
