data_preparation: 9.062276363372803
run_asmooth: 1.0352208614349365
compute_correlations: 0.06251335144042969
compute_ExcessProfileEstimator: 0.061348915100097656
