data_preparation: 26.07441806793213
run_asmooth: 1.254399299621582
compute_correlations: 0.0896155834197998
compute_ExcessProfileEstimator: 0.08882665634155273
