data_preparation: 18.02899193763733
run_asmooth: 1.1755657196044922
compute_correlations: 0.08220863342285156
compute_ExcessProfileEstimator: 0.0813591480255127
