data_preparation: 17.400477170944214
run_asmooth: 1.2278704643249512
compute_correlations: 0.08521008491516113
compute_ExcessProfileEstimator: 0.0840911865234375
