data_preparation: 8.62657642364502
run_asmooth: 0.8553895950317383
compute_correlations: 0.05583691596984863
compute_ExcessProfileEstimator: 0.0551602840423584
