data_preparation: 8.760859251022339
run_asmooth: 0.9974067211151123
compute_correlations: 0.059664249420166016
compute_ExcessProfileEstimator: 0.05908966064453125
