data_preparation: 8.790840148925781
run_asmooth: 0.8831853866577148
compute_correlations: 0.05510687828063965
compute_ExcessProfileEstimator: 0.05536937713623047
