data_preparation: 19.114349842071533
run_asmooth: 1.6101443767547607
compute_correlations: 235.4423794746399
compute_ExcessProfileEstimator: 234.75181341171265
