data_preparation: 22.16259765625
run_asmooth: 1.6402511596679688
compute_correlations: 0.1196737289428711
compute_ExcessProfileEstimator: 0.11749768257141113
