data_preparation: 16.83079242706299
run_asmooth: 1.2355399131774902
compute_correlations: 0.09213900566101074
compute_ExcessProfileEstimator: 0.08940863609313965
