data_preparation: 17.90082097053528
run_asmooth: 1.2768216133117676
compute_correlations: 0.09665441513061523
compute_ExcessProfileEstimator: 0.09691119194030762
