data_preparation: 16.64798355102539
run_asmooth: 1.26625394821167
compute_correlations: 0.09443783760070801
compute_ExcessProfileEstimator: 0.09189391136169434
