data_preparation: 18.10368514060974
run_asmooth: 1.2314133644104004
compute_correlations: 0.08611488342285156
compute_ExcessProfileEstimator: 0.08347058296203613
