data_preparation: 18.633654832839966
run_asmooth: 1.328054666519165
compute_correlations: 0.09790420532226562
compute_ExcessProfileEstimator: 0.09368181228637695
