data_preparation: 8.863194704055786
run_asmooth: 0.9066886901855469
compute_correlations: 0.058301448822021484
compute_ExcessProfileEstimator: 0.058638572692871094
