data_preparation: 22.962884187698364
run_asmooth: 1.7657465934753418
compute_correlations: 0.12621045112609863
compute_ExcessProfileEstimator: 0.12670421600341797
