data_preparation: 21.57069754600525
run_asmooth: 1.4520974159240723
compute_correlations: 0.10148501396179199
compute_ExcessProfileEstimator: 0.10173559188842773
