data_preparation: 8.900587320327759
run_asmooth: 0.9934918880462646
compute_correlations: 0.06010866165161133
compute_ExcessProfileEstimator: 0.060239553451538086
