data_preparation: 8.668609619140625
run_asmooth: 0.8553967475891113
compute_correlations: 0.055278778076171875
compute_ExcessProfileEstimator: 0.054944753646850586
