data_preparation: 8.972716808319092
run_asmooth: 0.9215271472930908
compute_correlations: 0.059204816818237305
compute_ExcessProfileEstimator: 0.06000041961669922
