data_preparation: 17.49836564064026
run_asmooth: 1.1881403923034668
compute_correlations: 203.02666902542114
compute_ExcessProfileEstimator: 200.11128306388855
