data_preparation: 16.869213104248047
run_asmooth: 1.257709264755249
compute_correlations: 0.09164285659790039
compute_ExcessProfileEstimator: 0.0908355712890625
