data_preparation: 25.849461555480957
run_asmooth: 2.03849196434021
compute_correlations: 0.1555194854736328
compute_ExcessProfileEstimator: 0.16289234161376953
