data_preparation: 30.330830097198486
run_asmooth: 2.1624372005462646
compute_correlations: 0.19536137580871582
compute_ExcessProfileEstimator: 0.16866469383239746
