data_preparation: 16.659859657287598
run_asmooth: 1.1245112419128418
compute_correlations: 171.71404218673706
compute_ExcessProfileEstimator: 158.9063699245453
