data_preparation: 16.53375816345215
run_asmooth: 1.407029390335083
compute_correlations: 152.43988752365112
compute_ExcessProfileEstimator: 156.57853388786316
