data_preparation: 26.354786157608032
run_asmooth: 1.2866148948669434
compute_correlations: 0.09208154678344727
compute_ExcessProfileEstimator: 0.09121298789978027
