data_preparation: 8.623535633087158
run_asmooth: 0.8263823986053467
compute_correlations: 0.054010629653930664
compute_ExcessProfileEstimator: 0.05401206016540527
