data_preparation: 9.056275606155396
run_asmooth: 0.9011867046356201
compute_correlations: 0.0581057071685791
compute_ExcessProfileEstimator: 0.05839872360229492
