data_preparation: 17.013694524765015
run_asmooth: 1.2590868473052979
compute_correlations: 0.09361886978149414
compute_ExcessProfileEstimator: 0.09276509284973145
