data_preparation: 22.401861906051636
run_asmooth: 1.7268140316009521
compute_correlations: 0.10098004341125488
compute_ExcessProfileEstimator: 0.09797143936157227
