data_preparation: 9.757117986679077
run_asmooth: 0.8839449882507324
compute_correlations: 0.06648468971252441
compute_ExcessProfileEstimator: 0.06365132331848145
