data_preparation: 8.990562915802002
run_asmooth: 0.9054560661315918
compute_correlations: 0.05873227119445801
compute_ExcessProfileEstimator: 0.06065034866333008
