data_preparation: 19.221467971801758
run_asmooth: 1.3106613159179688
compute_correlations: 211.96886610984802
compute_ExcessProfileEstimator: 212.57165789604187
