data_preparation: 21.150423765182495
run_asmooth: 1.615126371383667
compute_correlations: 0.08872079849243164
compute_ExcessProfileEstimator: 0.09067177772521973
