data_preparation: 9.347997188568115
run_asmooth: 0.8423275947570801
compute_correlations: 0.06024646759033203
compute_ExcessProfileEstimator: 0.06065773963928223
