data_preparation: 24.381703853607178
run_asmooth: 1.9885482788085938
compute_correlations: 0.1395559310913086
compute_ExcessProfileEstimator: 0.1270298957824707
