data_preparation: 17.126837015151978
run_asmooth: 1.257124423980713
compute_correlations: 0.08977985382080078
compute_ExcessProfileEstimator: 0.09065008163452148
