data_preparation: 8.99693775177002
run_asmooth: 0.9909145832061768
compute_correlations: 0.059012651443481445
compute_ExcessProfileEstimator: 0.058597564697265625
