data_preparation: 18.65656089782715
run_asmooth: 1.6167032718658447
compute_correlations: 230.73190569877625
compute_ExcessProfileEstimator: 228.7213170528412
