data_preparation: 23.192822694778442
run_asmooth: 1.8405506610870361
compute_correlations: 0.14563775062561035
compute_ExcessProfileEstimator: 0.19502925872802734
