data_preparation: 9.224961757659912
run_asmooth: 0.9379134178161621
compute_correlations: 0.05969405174255371
compute_ExcessProfileEstimator: 0.05992436408996582
