data_preparation: 6.53427267074585
run_asmooth: 0.6249322891235352
compute_correlations: 0.03973555564880371
compute_ExcessProfileEstimator: 0.039359331130981445
