data_preparation: 24.44437265396118
run_asmooth: 1.7907021045684814
compute_correlations: 0.13707566261291504
compute_ExcessProfileEstimator: 0.12265300750732422
