data_preparation: 8.893549680709839
run_asmooth: 0.9377789497375488
compute_correlations: 0.06101727485656738
compute_ExcessProfileEstimator: 0.06130409240722656
