data_preparation: 9.058619499206543
run_asmooth: 0.9389119148254395
compute_correlations: 0.06023883819580078
compute_ExcessProfileEstimator: 0.059607505798339844
