data_preparation: 22.72581696510315
run_asmooth: 1.8099982738494873
compute_correlations: 0.1320497989654541
compute_ExcessProfileEstimator: 0.13732218742370605
