data_preparation: 9.618741273880005
run_asmooth: 0.8710272312164307
compute_correlations: 0.06242489814758301
compute_ExcessProfileEstimator: 0.06233835220336914
