data_preparation: 8.86728048324585
run_asmooth: 0.9028294086456299
compute_correlations: 0.057393550872802734
compute_ExcessProfileEstimator: 0.062093496322631836
