data_preparation: 8.981412410736084
run_asmooth: 0.9801640510559082
compute_correlations: 0.058988332748413086
compute_ExcessProfileEstimator: 0.0583956241607666
