data_preparation: 18.66434669494629
run_asmooth: 1.2462925910949707
compute_correlations: 0.09006929397583008
compute_ExcessProfileEstimator: 0.08882308006286621
