data_preparation: 22.660502672195435
run_asmooth: 1.5329546928405762
compute_correlations: 0.10659217834472656
compute_ExcessProfileEstimator: 0.10697555541992188
