data_preparation: 18.717407941818237
run_asmooth: 1.2110154628753662
compute_correlations: 0.08673715591430664
compute_ExcessProfileEstimator: 0.08464813232421875
