data_preparation: 9.106416463851929
run_asmooth: 0.9389500617980957
compute_correlations: 0.061033010482788086
compute_ExcessProfileEstimator: 0.06161689758300781
