data_preparation: 18.679024934768677
run_asmooth: 1.297499418258667
compute_correlations: 213.68930196762085
compute_ExcessProfileEstimator: 210.65549731254578
