data_preparation: 18.64872145652771
run_asmooth: 1.438978910446167
compute_correlations: 124.11975574493408
compute_ExcessProfileEstimator: 123.97578978538513
