data_preparation: 9.087092876434326
run_asmooth: 0.9320735931396484
compute_correlations: 0.058026790618896484
compute_ExcessProfileEstimator: 0.0574193000793457
