data_preparation: 10.404203653335571
run_asmooth: 0.9610400199890137
compute_correlations: 0.06574845314025879
compute_ExcessProfileEstimator: 0.06618309020996094
