data_preparation: 8.890950202941895
run_asmooth: 0.9160244464874268
compute_correlations: 0.05868244171142578
compute_ExcessProfileEstimator: 0.05892062187194824
