data_preparation: 9.284348249435425
run_asmooth: 0.9944546222686768
compute_correlations: 0.06258606910705566
compute_ExcessProfileEstimator: 0.15357232093811035
