data_preparation: 8.764497756958008
run_asmooth: 0.8795547485351562
compute_correlations: 0.05661606788635254
compute_ExcessProfileEstimator: 0.05728554725646973
