data_preparation: 22.484318494796753
run_asmooth: 1.8410420417785645
compute_correlations: 0.1428225040435791
compute_ExcessProfileEstimator: 0.14690303802490234
