data_preparation: 9.329671621322632
run_asmooth: 0.9402017593383789
compute_correlations: 0.060546159744262695
compute_ExcessProfileEstimator: 0.059961557388305664
