data_preparation: 17.465344667434692
run_asmooth: 1.314404010772705
compute_correlations: 0.09683966636657715
compute_ExcessProfileEstimator: 0.0968167781829834
