data_preparation: 21.10886549949646
run_asmooth: 1.6224563121795654
compute_correlations: 0.11575794219970703
compute_ExcessProfileEstimator: 0.11611413955688477
