data_preparation: 16.334272861480713
run_asmooth: 1.2054290771484375
compute_correlations: 0.09056878089904785
compute_ExcessProfileEstimator: 0.0886082649230957
