data_preparation: 9.202329158782959
run_asmooth: 0.9258224964141846
compute_correlations: 0.06058335304260254
compute_ExcessProfileEstimator: 0.05730152130126953
