data_preparation: 23.194248914718628
run_asmooth: 1.5786983966827393
compute_correlations: 0.11015844345092773
compute_ExcessProfileEstimator: 0.10885763168334961
