data_preparation: 20.746291637420654
run_asmooth: 1.4930219650268555
compute_correlations: 0.11109089851379395
compute_ExcessProfileEstimator: 0.11107277870178223
