data_preparation: 19.3189857006073
run_asmooth: 1.4033145904541016
compute_correlations: 0.10820269584655762
compute_ExcessProfileEstimator: 0.10738921165466309
