data_preparation: 9.155590057373047
run_asmooth: 0.9232840538024902
compute_correlations: 0.05962800979614258
compute_ExcessProfileEstimator: 0.060433387756347656
