data_preparation: 8.98906421661377
run_asmooth: 0.9271137714385986
compute_correlations: 0.05822563171386719
compute_ExcessProfileEstimator: 0.06125330924987793
