data_preparation: 8.862873077392578
run_asmooth: 0.8821296691894531
compute_correlations: 0.05683445930480957
compute_ExcessProfileEstimator: 0.05838131904602051
