data_preparation: 17.23081874847412
run_asmooth: 1.278982162475586
compute_correlations: 0.0946195125579834
compute_ExcessProfileEstimator: 0.09408736228942871
