data_preparation: 8.940126180648804
run_asmooth: 0.9564409255981445
compute_correlations: 0.0583491325378418
compute_ExcessProfileEstimator: 0.058040618896484375
