data_preparation: 25.573978662490845
run_asmooth: 1.2374687194824219
compute_correlations: 0.09081435203552246
compute_ExcessProfileEstimator: 0.08847332000732422
