data_preparation: 8.754932641983032
run_asmooth: 0.87766432762146
compute_correlations: 0.05660128593444824
compute_ExcessProfileEstimator: 0.05652427673339844
