data_preparation: 17.66991901397705
run_asmooth: 1.316202163696289
compute_correlations: 0.09672117233276367
compute_ExcessProfileEstimator: 0.09491801261901855
