data_preparation: 8.911088943481445
run_asmooth: 0.9133758544921875
compute_correlations: 0.057708740234375
compute_ExcessProfileEstimator: 0.05964231491088867
