data_preparation: 9.417908906936646
run_asmooth: 1.0610878467559814
compute_correlations: 0.06260943412780762
compute_ExcessProfileEstimator: 0.06538891792297363
