data_preparation: 9.379238843917847
run_asmooth: 0.837167501449585
compute_correlations: 0.06018257141113281
compute_ExcessProfileEstimator: 0.06018662452697754
