data_preparation: 20.714228868484497
run_asmooth: 1.5026345252990723
compute_correlations: 0.11127209663391113
compute_ExcessProfileEstimator: 0.10898756980895996
