data_preparation: 17.068838357925415
run_asmooth: 1.3017489910125732
compute_correlations: 0.09616637229919434
compute_ExcessProfileEstimator: 0.09466767311096191
