data_preparation: 17.175772666931152
run_asmooth: 1.2078447341918945
compute_correlations: 0.06575608253479004
compute_ExcessProfileEstimator: 0.06520414352416992
