data_preparation: 8.835079908370972
run_asmooth: 0.8812401294708252
compute_correlations: 0.05779457092285156
compute_ExcessProfileEstimator: 0.057253360748291016
