data_preparation: 9.563224792480469
run_asmooth: 0.8977515697479248
compute_correlations: 0.0620725154876709
compute_ExcessProfileEstimator: 0.060022592544555664
