data_preparation: 9.051380157470703
run_asmooth: 0.937049150466919
compute_correlations: 0.05987668037414551
compute_ExcessProfileEstimator: 0.05921006202697754
