data_preparation: 17.470946311950684
run_asmooth: 1.3409075736999512
compute_correlations: 0.09764790534973145
compute_ExcessProfileEstimator: 0.0960378646850586
