data_preparation: 15.957181215286255
run_asmooth: 1.162346601486206
compute_correlations: 0.08002519607543945
compute_ExcessProfileEstimator: 0.08073949813842773
