data_preparation: 16.5843448638916
run_asmooth: 1.253309726715088
compute_correlations: 0.09172415733337402
compute_ExcessProfileEstimator: 0.08998823165893555
