data_preparation: 8.960991144180298
run_asmooth: 0.9106249809265137
compute_correlations: 0.059355974197387695
compute_ExcessProfileEstimator: 0.059206247329711914
