data_preparation: 8.85139775276184
run_asmooth: 0.9155797958374023
compute_correlations: 0.057447195053100586
compute_ExcessProfileEstimator: 0.0556490421295166
