data_preparation: 20.07591199874878
run_asmooth: 1.5433921813964844
compute_correlations: 0.08796429634094238
compute_ExcessProfileEstimator: 0.08503961563110352
