data_preparation: 25.020951747894287
run_asmooth: 2.0142600536346436
compute_correlations: 0.15724897384643555
compute_ExcessProfileEstimator: 0.15596270561218262
