data_preparation: 8.844658374786377
run_asmooth: 0.8920254707336426
compute_correlations: 0.057375431060791016
compute_ExcessProfileEstimator: 0.05882763862609863
