data_preparation: 8.810819149017334
run_asmooth: 0.8789107799530029
compute_correlations: 0.056664228439331055
compute_ExcessProfileEstimator: 0.056424617767333984
