data_preparation: 9.061620950698853
run_asmooth: 0.9224884510040283
compute_correlations: 0.05819535255432129
compute_ExcessProfileEstimator: 0.05856013298034668
