data_preparation: 9.118579149246216
run_asmooth: 1.0203766822814941
compute_correlations: 0.06037425994873047
compute_ExcessProfileEstimator: 0.06117129325866699
