data_preparation: 17.64633083343506
run_asmooth: 1.3744521141052246
compute_correlations: 0.09866094589233398
compute_ExcessProfileEstimator: 0.09943366050720215
