data_preparation: 10.672937154769897
run_asmooth: 0.9454913139343262
compute_correlations: 0.06888318061828613
compute_ExcessProfileEstimator: 0.06725668907165527
