data_preparation: 20.121134757995605
run_asmooth: 1.3577313423156738
compute_correlations: 0.0946347713470459
compute_ExcessProfileEstimator: 0.09364533424377441
