data_preparation: 20.673017740249634
run_asmooth: 1.6260912418365479
compute_correlations: 0.12314915657043457
compute_ExcessProfileEstimator: 0.131011962890625
