data_preparation: 8.934432029724121
run_asmooth: 0.904043436050415
compute_correlations: 0.05846381187438965
compute_ExcessProfileEstimator: 0.05872750282287598
