data_preparation: 25.390315294265747
run_asmooth: 1.1544523239135742
compute_correlations: 0.08037185668945312
compute_ExcessProfileEstimator: 0.07993006706237793
