data_preparation: 16.604086875915527
run_asmooth: 1.2398531436920166
compute_correlations: 0.09132242202758789
compute_ExcessProfileEstimator: 0.08922457695007324
