data_preparation: 9.429019212722778
run_asmooth: 0.8491106033325195
compute_correlations: 0.059500932693481445
compute_ExcessProfileEstimator: 0.05946183204650879
