data_preparation: 8.892219305038452
run_asmooth: 0.8820197582244873
compute_correlations: 0.05769634246826172
compute_ExcessProfileEstimator: 0.056714534759521484
