data_preparation: 9.330493450164795
run_asmooth: 0.869265079498291
compute_correlations: 0.05886960029602051
compute_ExcessProfileEstimator: 0.05689191818237305
