data_preparation: 20.663410186767578
run_asmooth: 1.5264153480529785
compute_correlations: 0.11239838600158691
compute_ExcessProfileEstimator: 0.11316657066345215
