data_preparation: 17.69913411140442
run_asmooth: 1.240513563156128
compute_correlations: 0.08883380889892578
compute_ExcessProfileEstimator: 0.08794689178466797
