data_preparation: 21.85817551612854
run_asmooth: 1.616919755935669
compute_correlations: 0.12793922424316406
compute_ExcessProfileEstimator: 0.11612129211425781
