data_preparation: 8.884413719177246
run_asmooth: 1.015265703201294
compute_correlations: 0.06105995178222656
compute_ExcessProfileEstimator: 0.06072497367858887
