data_preparation: 8.902137517929077
run_asmooth: 0.9298501014709473
compute_correlations: 0.05909919738769531
compute_ExcessProfileEstimator: 0.059183597564697266
