data_preparation: 10.144543647766113
run_asmooth: 0.934844970703125
compute_correlations: 0.0683889389038086
compute_ExcessProfileEstimator: 0.06670117378234863
