data_preparation: 8.868914365768433
run_asmooth: 0.9746274948120117
compute_correlations: 0.05787396430969238
compute_ExcessProfileEstimator: 0.05915498733520508
