data_preparation: 22.18319869041443
run_asmooth: 1.4882657527923584
compute_correlations: 0.10662245750427246
compute_ExcessProfileEstimator: 0.10472583770751953
