data_preparation: 8.924339532852173
run_asmooth: 0.8996367454528809
compute_correlations: 0.058321237564086914
compute_ExcessProfileEstimator: 0.057683467864990234
