data_preparation: 17.349533557891846
run_asmooth: 1.3146488666534424
compute_correlations: 0.09549665451049805
compute_ExcessProfileEstimator: 0.0962972640991211
