data_preparation: 25.288146495819092
run_asmooth: 1.1690707206726074
compute_correlations: 0.08209109306335449
compute_ExcessProfileEstimator: 0.08148360252380371
