data_preparation: 18.738101720809937
run_asmooth: 1.3670392036437988
compute_correlations: 0.1061708927154541
compute_ExcessProfileEstimator: 0.10193824768066406
