data_preparation: 17.45230460166931
run_asmooth: 1.3513402938842773
compute_correlations: 0.1016838550567627
compute_ExcessProfileEstimator: 0.10201287269592285
