data_preparation: 9.030231475830078
run_asmooth: 0.9674277305603027
compute_correlations: 0.06125044822692871
compute_ExcessProfileEstimator: 0.14160823822021484
