data_preparation: 8.864078521728516
run_asmooth: 0.9014489650726318
compute_correlations: 0.059165000915527344
compute_ExcessProfileEstimator: 0.058982133865356445
