data_preparation: 14.030494213104248
run_asmooth: 1.085482120513916
compute_correlations: 102.17827534675598
compute_ExcessProfileEstimator: 103.15342235565186
