data_preparation: 21.889331102371216
run_asmooth: 1.709099292755127
compute_correlations: 0.13641762733459473
compute_ExcessProfileEstimator: 0.12703490257263184
