data_preparation: 8.949203729629517
run_asmooth: 0.893019437789917
compute_correlations: 0.057068586349487305
compute_ExcessProfileEstimator: 0.05701160430908203
