data_preparation: 22.701346158981323
run_asmooth: 1.6923468112945557
compute_correlations: 0.13206267356872559
compute_ExcessProfileEstimator: 0.13128209114074707
