data_preparation: 21.339574575424194
run_asmooth: 1.6525251865386963
compute_correlations: 0.12748169898986816
compute_ExcessProfileEstimator: 0.12601542472839355
