data_preparation: 21.946985721588135
run_asmooth: 1.7844536304473877
compute_correlations: 0.14325523376464844
compute_ExcessProfileEstimator: 0.1465921401977539
