data_preparation: 8.85116720199585
run_asmooth: 0.8952791690826416
compute_correlations: 0.056374549865722656
compute_ExcessProfileEstimator: 0.05658388137817383
