data_preparation: 8.99803614616394
run_asmooth: 0.9336493015289307
compute_correlations: 0.05849146842956543
compute_ExcessProfileEstimator: 0.059662580490112305
