data_preparation: 17.518559217453003
run_asmooth: 1.1557950973510742
compute_correlations: 0.08165144920349121
compute_ExcessProfileEstimator: 0.08151435852050781
