data_preparation: 34.959102630615234
run_asmooth: 1.8148791790008545
compute_correlations: 0.13197565078735352
compute_ExcessProfileEstimator: 0.13390755653381348
