data_preparation: 24.4004008769989
run_asmooth: 1.2437164783477783
compute_correlations: 0.0874626636505127
compute_ExcessProfileEstimator: 0.0851740837097168
