data_preparation: 17.16550898551941
run_asmooth: 1.2863130569458008
compute_correlations: 0.09397339820861816
compute_ExcessProfileEstimator: 0.09111738204956055
