data_preparation: 21.594075918197632
run_asmooth: 1.5767829418182373
compute_correlations: 0.11817312240600586
compute_ExcessProfileEstimator: 0.11669611930847168
