data_preparation: 29.205831050872803
run_asmooth: 1.3628647327423096
compute_correlations: 0.09100985527038574
compute_ExcessProfileEstimator: 0.09442567825317383
