data_preparation: 10.563334703445435
run_asmooth: 0.9303305149078369
compute_correlations: 0.06741786003112793
compute_ExcessProfileEstimator: 0.06802988052368164
