data_preparation: 17.450737237930298
run_asmooth: 1.2909846305847168
compute_correlations: 0.09285354614257812
compute_ExcessProfileEstimator: 0.09322357177734375
