data_preparation: 16.021727800369263
run_asmooth: 1.1715385913848877
compute_correlations: 0.06987929344177246
compute_ExcessProfileEstimator: 0.06366944313049316
