data_preparation: 10.367512941360474
run_asmooth: 0.8975365161895752
compute_correlations: 0.06440138816833496
compute_ExcessProfileEstimator: 0.06390261650085449
