data_preparation: 9.481711387634277
run_asmooth: 0.8546531200408936
compute_correlations: 0.0625905990600586
compute_ExcessProfileEstimator: 0.05982851982116699
