data_preparation: 9.129389762878418
run_asmooth: 0.9152195453643799
compute_correlations: 0.05776572227478027
compute_ExcessProfileEstimator: 0.05785822868347168
