data_preparation: 8.845078706741333
run_asmooth: 0.884624719619751
compute_correlations: 0.05716061592102051
compute_ExcessProfileEstimator: 0.057798147201538086
