data_preparation: 18.467809915542603
run_asmooth: 1.2244062423706055
compute_correlations: 0.08641386032104492
compute_ExcessProfileEstimator: 0.08516716957092285
