data_preparation: 8.812726020812988
run_asmooth: 0.8742978572845459
compute_correlations: 0.05621838569641113
compute_ExcessProfileEstimator: 0.05648946762084961
