data_preparation: 9.767678260803223
run_asmooth: 0.8803555965423584
compute_correlations: 0.06260442733764648
compute_ExcessProfileEstimator: 0.06258225440979004
