data_preparation: 8.730964422225952
run_asmooth: 0.9200785160064697
compute_correlations: 0.05958080291748047
compute_ExcessProfileEstimator: 0.12573885917663574
