data_preparation: 21.332396507263184
run_asmooth: 1.9341704845428467
compute_correlations: 251.3738808631897
compute_ExcessProfileEstimator: 250.4462296962738
