data_preparation: 19.35253071784973
run_asmooth: 1.3763980865478516
compute_correlations: 0.09247899055480957
compute_ExcessProfileEstimator: 0.09426164627075195
