data_preparation: 9.48158311843872
run_asmooth: 0.9574105739593506
compute_correlations: 0.060333967208862305
compute_ExcessProfileEstimator: 0.0616910457611084
