data_preparation: 18.103032112121582
run_asmooth: 1.2233667373657227
compute_correlations: 0.09285187721252441
compute_ExcessProfileEstimator: 0.08495616912841797
