data_preparation: 19.865071058273315
run_asmooth: 1.4605560302734375
compute_correlations: 0.07989501953125
compute_ExcessProfileEstimator: 0.0796976089477539
