data_preparation: 8.997600555419922
run_asmooth: 0.8894758224487305
compute_correlations: 0.05739164352416992
compute_ExcessProfileEstimator: 0.05504894256591797
