data_preparation: 8.800296783447266
run_asmooth: 0.9020893573760986
compute_correlations: 0.05826234817504883
compute_ExcessProfileEstimator: 0.05860757827758789
