data_preparation: 8.949523448944092
run_asmooth: 0.9289600849151611
compute_correlations: 0.0598759651184082
compute_ExcessProfileEstimator: 0.06424593925476074
