data_preparation: 8.959640502929688
run_asmooth: 0.9076712131500244
compute_correlations: 0.058594703674316406
compute_ExcessProfileEstimator: 0.05768752098083496
