data_preparation: 18.529762983322144
run_asmooth: 1.2252717018127441
compute_correlations: 0.08467912673950195
compute_ExcessProfileEstimator: 0.08410096168518066
