data_preparation: 8.858042478561401
run_asmooth: 0.9179887771606445
compute_correlations: 0.06209754943847656
compute_ExcessProfileEstimator: 0.06282877922058105
