data_preparation: 9.10472059249878
run_asmooth: 0.9037232398986816
compute_correlations: 0.05699419975280762
compute_ExcessProfileEstimator: 0.05739021301269531
