data_preparation: 30.551888704299927
run_asmooth: 1.5818562507629395
compute_correlations: 0.11198663711547852
compute_ExcessProfileEstimator: 0.11125302314758301
