data_preparation: 9.100898027420044
run_asmooth: 0.9429826736450195
compute_correlations: 0.061142683029174805
compute_ExcessProfileEstimator: 0.06255149841308594
