data_preparation: 8.689622163772583
run_asmooth: 0.8642919063568115
compute_correlations: 0.05637359619140625
compute_ExcessProfileEstimator: 0.056206703186035156
