data_preparation: 17.63619899749756
run_asmooth: 1.2576584815979004
compute_correlations: 0.09485578536987305
compute_ExcessProfileEstimator: 0.09403061866760254
