data_preparation: 20.444493293762207
run_asmooth: 1.574716567993164
compute_correlations: 0.11374497413635254
compute_ExcessProfileEstimator: 0.11243987083435059
