data_preparation: 9.101875066757202
run_asmooth: 0.9593291282653809
compute_correlations: 0.06015443801879883
compute_ExcessProfileEstimator: 0.06100273132324219
