data_preparation: 24.866718769073486
run_asmooth: 1.839080572128296
compute_correlations: 0.13027620315551758
compute_ExcessProfileEstimator: 0.12822985649108887
