data_preparation: 19.35095739364624
run_asmooth: 1.7129337787628174
compute_correlations: 218.0197675228119
compute_ExcessProfileEstimator: 220.65360832214355
