data_preparation: 8.856196403503418
run_asmooth: 0.9013469219207764
compute_correlations: 0.058762311935424805
compute_ExcessProfileEstimator: 0.05866432189941406
