data_preparation: 8.976337909698486
run_asmooth: 0.9238784313201904
compute_correlations: 0.05820202827453613
compute_ExcessProfileEstimator: 0.060143232345581055
