data_preparation: 17.664663076400757
run_asmooth: 1.2929103374481201
compute_correlations: 0.08843588829040527
compute_ExcessProfileEstimator: 0.0878455638885498
