data_preparation: 19.012938737869263
run_asmooth: 1.2722485065460205
compute_correlations: 0.09006857872009277
compute_ExcessProfileEstimator: 0.08746671676635742
