data_preparation: 8.771844148635864
run_asmooth: 0.8840150833129883
compute_correlations: 0.057058095932006836
compute_ExcessProfileEstimator: 0.056894779205322266
