data_preparation: 16.813183784484863
run_asmooth: 1.2069952487945557
compute_correlations: 0.06549954414367676
compute_ExcessProfileEstimator: 0.0651397705078125
