data_preparation: 20.776461601257324
run_asmooth: 1.5040056705474854
compute_correlations: 0.08101201057434082
compute_ExcessProfileEstimator: 0.08107542991638184
