data_preparation: 8.668676376342773
run_asmooth: 0.8648736476898193
compute_correlations: 0.05627083778381348
compute_ExcessProfileEstimator: 0.056038618087768555
