data_preparation: 17.827914237976074
run_asmooth: 1.5524766445159912
compute_correlations: 172.6317777633667
compute_ExcessProfileEstimator: 167.57944250106812
