data_preparation: 17.8354914188385
run_asmooth: 1.1911695003509521
compute_correlations: 0.08309531211853027
compute_ExcessProfileEstimator: 0.08164620399475098
