data_preparation: 8.73372507095337
run_asmooth: 0.8801925182342529
compute_correlations: 0.057901859283447266
compute_ExcessProfileEstimator: 0.05726313591003418
