data_preparation: 17.733564615249634
run_asmooth: 1.349114179611206
compute_correlations: 0.09883546829223633
compute_ExcessProfileEstimator: 0.09902262687683105
