data_preparation: 20.16584587097168
run_asmooth: 1.479849100112915
compute_correlations: 0.07771992683410645
compute_ExcessProfileEstimator: 0.07830977439880371
