data_preparation: 8.772574424743652
run_asmooth: 0.8930270671844482
compute_correlations: 0.06109142303466797
compute_ExcessProfileEstimator: 0.06117582321166992
