data_preparation: 22.41381525993347
run_asmooth: 1.7938251495361328
compute_correlations: 0.1422104835510254
compute_ExcessProfileEstimator: 0.14060664176940918
