data_preparation: 20.756181001663208
run_asmooth: 1.6244277954101562
compute_correlations: 0.11397218704223633
compute_ExcessProfileEstimator: 0.1135554313659668
