data_preparation: 9.993399381637573
run_asmooth: 0.8903889656066895
compute_correlations: 0.06634974479675293
compute_ExcessProfileEstimator: 0.06546211242675781
