data_preparation: 9.08519172668457
run_asmooth: 1.0251202583312988
compute_correlations: 0.06248140335083008
compute_ExcessProfileEstimator: 0.062270164489746094
