data_preparation: 8.847086191177368
run_asmooth: 0.8989038467407227
compute_correlations: 0.05823540687561035
compute_ExcessProfileEstimator: 0.058684349060058594
