data_preparation: 10.369346141815186
run_asmooth: 0.8862185478210449
compute_correlations: 0.06546783447265625
compute_ExcessProfileEstimator: 0.06328558921813965
