data_preparation: 9.547387838363647
run_asmooth: 1.0069172382354736
compute_correlations: 0.06463885307312012
compute_ExcessProfileEstimator: 0.0613248348236084
