data_preparation: 19.474310398101807
run_asmooth: 1.3566112518310547
compute_correlations: 0.10053896903991699
compute_ExcessProfileEstimator: 0.09825873374938965
