data_preparation: 17.75583577156067
run_asmooth: 1.2796299457550049
compute_correlations: 0.07011008262634277
compute_ExcessProfileEstimator: 0.0704801082611084
