data_preparation: 17.38132953643799
run_asmooth: 1.2801432609558105
compute_correlations: 0.09540653228759766
compute_ExcessProfileEstimator: 0.09390091896057129
