data_preparation: 9.112787961959839
run_asmooth: 0.9692137241363525
compute_correlations: 0.058859825134277344
compute_ExcessProfileEstimator: 0.061300039291381836
