data_preparation: 8.680866956710815
run_asmooth: 0.8726458549499512
compute_correlations: 0.056307315826416016
compute_ExcessProfileEstimator: 0.056032657623291016
