data_preparation: 10.224323272705078
run_asmooth: 0.8628110885620117
compute_correlations: 0.06403470039367676
compute_ExcessProfileEstimator: 0.06474161148071289
