data_preparation: 8.995689153671265
run_asmooth: 0.9248690605163574
compute_correlations: 0.062302589416503906
compute_ExcessProfileEstimator: 0.06183600425720215
