data_preparation: 15.97175645828247
run_asmooth: 1.211240291595459
compute_correlations: 0.09018635749816895
compute_ExcessProfileEstimator: 0.08755350112915039
