data_preparation: 21.782949924468994
run_asmooth: 1.4758315086364746
compute_correlations: 0.10408926010131836
compute_ExcessProfileEstimator: 0.10549139976501465
