data_preparation: 9.0469651222229
run_asmooth: 0.9423422813415527
compute_correlations: 0.06173896789550781
compute_ExcessProfileEstimator: 0.06076216697692871
