data_preparation: 16.693586349487305
run_asmooth: 1.251737356185913
compute_correlations: 0.09090161323547363
compute_ExcessProfileEstimator: 0.09062504768371582
