data_preparation: 21.128092288970947
run_asmooth: 1.5915379524230957
compute_correlations: 0.11291885375976562
compute_ExcessProfileEstimator: 0.11492085456848145
