data_preparation: 8.875449180603027
run_asmooth: 0.996812105178833
compute_correlations: 0.059664249420166016
compute_ExcessProfileEstimator: 0.06029796600341797
