data_preparation: 19.531415939331055
run_asmooth: 1.7283360958099365
compute_correlations: 216.1799774169922
compute_ExcessProfileEstimator: 216.0067868232727
