data_preparation: 18.58206796646118
run_asmooth: 1.3369357585906982
compute_correlations: 0.10145211219787598
compute_ExcessProfileEstimator: 0.10068607330322266
