data_preparation: 22.770488500595093
run_asmooth: 1.8505406379699707
compute_correlations: 0.14319181442260742
compute_ExcessProfileEstimator: 0.14216256141662598
