data_preparation: 16.766897916793823
run_asmooth: 1.4621596336364746
compute_correlations: 186.79331922531128
compute_ExcessProfileEstimator: 185.84515857696533
