data_preparation: 19.095327854156494
run_asmooth: 1.2717969417572021
compute_correlations: 0.0888216495513916
compute_ExcessProfileEstimator: 0.08978056907653809
