data_preparation: 9.041127443313599
run_asmooth: 0.9342308044433594
compute_correlations: 0.05852508544921875
compute_ExcessProfileEstimator: 0.05943465232849121
