data_preparation: 8.823285341262817
run_asmooth: 0.8704776763916016
compute_correlations: 0.05624842643737793
compute_ExcessProfileEstimator: 0.05619001388549805
