data_preparation: 21.766669988632202
run_asmooth: 1.607740879058838
compute_correlations: 0.1203763484954834
compute_ExcessProfileEstimator: 0.12097930908203125
