data_preparation: 21.245224952697754
run_asmooth: 1.575195550918579
compute_correlations: 0.11777234077453613
compute_ExcessProfileEstimator: 0.11220049858093262
