data_preparation: 8.834136962890625
run_asmooth: 0.9891016483306885
compute_correlations: 0.060292720794677734
compute_ExcessProfileEstimator: 0.05990910530090332
