data_preparation: 25.452443599700928
run_asmooth: 1.2272286415100098
compute_correlations: 0.08930063247680664
compute_ExcessProfileEstimator: 0.08775162696838379
