data_preparation: 9.408950805664062
run_asmooth: 0.9460067749023438
compute_correlations: 0.059462785720825195
compute_ExcessProfileEstimator: 0.06115460395812988
