data_preparation: 18.84749960899353
run_asmooth: 1.3505237102508545
compute_correlations: 0.07545042037963867
compute_ExcessProfileEstimator: 0.0729525089263916
