data_preparation: 9.004796981811523
run_asmooth: 0.9318373203277588
compute_correlations: 0.05920696258544922
compute_ExcessProfileEstimator: 0.060183048248291016
