data_preparation: 19.900696516036987
run_asmooth: 1.3422913551330566
compute_correlations: 0.09343886375427246
compute_ExcessProfileEstimator: 0.09556221961975098
