data_preparation: 8.852566480636597
run_asmooth: 0.892676591873169
compute_correlations: 0.05763530731201172
compute_ExcessProfileEstimator: 0.05860185623168945
