data_preparation: 23.659563064575195
run_asmooth: 1.8457529544830322
compute_correlations: 0.14513278007507324
compute_ExcessProfileEstimator: 0.14668679237365723
