data_preparation: 22.595866680145264
run_asmooth: 1.6467714309692383
compute_correlations: 0.12644457817077637
compute_ExcessProfileEstimator: 0.12746524810791016
