data_preparation: 8.940011024475098
run_asmooth: 0.9350128173828125
compute_correlations: 0.0588686466217041
compute_ExcessProfileEstimator: 0.1453871726989746
