data_preparation: 22.38078236579895
run_asmooth: 1.5225958824157715
compute_correlations: 0.10763216018676758
compute_ExcessProfileEstimator: 0.1059424877166748
