data_preparation: 9.57584524154663
run_asmooth: 0.9819915294647217
compute_correlations: 0.06317806243896484
compute_ExcessProfileEstimator: 0.06334471702575684
