data_preparation: 8.962453365325928
run_asmooth: 0.8999061584472656
compute_correlations: 0.05821990966796875
compute_ExcessProfileEstimator: 0.058400869369506836
