data_preparation: 9.472370386123657
run_asmooth: 0.9351272583007812
compute_correlations: 0.05636239051818848
compute_ExcessProfileEstimator: 0.05665230751037598
