data_preparation: 8.988532543182373
run_asmooth: 0.9179050922393799
compute_correlations: 0.05857586860656738
compute_ExcessProfileEstimator: 0.05938720703125
