data_preparation: 17.047319650650024
run_asmooth: 1.2053608894348145
compute_correlations: 0.08405041694641113
compute_ExcessProfileEstimator: 0.08304500579833984
