data_preparation: 16.7051362991333
run_asmooth: 1.1988434791564941
compute_correlations: 0.08934807777404785
compute_ExcessProfileEstimator: 0.0892496109008789
