data_preparation: 27.231648445129395
run_asmooth: 1.3710930347442627
compute_correlations: 0.09608292579650879
compute_ExcessProfileEstimator: 0.09524250030517578
