data_preparation: 17.89818239212036
run_asmooth: 1.3296186923980713
compute_correlations: 0.09721660614013672
compute_ExcessProfileEstimator: 0.09598827362060547
