data_preparation: 8.613257646560669
run_asmooth: 0.8598780632019043
compute_correlations: 0.05558133125305176
compute_ExcessProfileEstimator: 0.05539107322692871
