data_preparation: 8.714493036270142
run_asmooth: 0.8813555240631104
compute_correlations: 0.05691051483154297
compute_ExcessProfileEstimator: 0.05725884437561035
