data_preparation: 18.047812938690186
run_asmooth: 1.3615620136260986
compute_correlations: 0.09875178337097168
compute_ExcessProfileEstimator: 0.09774374961853027
