data_preparation: 26.590983152389526
run_asmooth: 1.2350218296051025
compute_correlations: 0.08990097045898438
compute_ExcessProfileEstimator: 0.08882451057434082
