data_preparation: 30.453588485717773
run_asmooth: 1.4236924648284912
compute_correlations: 0.09881234169006348
compute_ExcessProfileEstimator: 0.10150885581970215
