data_preparation: 9.006113529205322
run_asmooth: 0.9384164810180664
compute_correlations: 0.06011223793029785
compute_ExcessProfileEstimator: 0.1294248104095459
