data_preparation: 22.615728616714478
run_asmooth: 1.8556370735168457
compute_correlations: 0.14596295356750488
compute_ExcessProfileEstimator: 0.14217185974121094
