data_preparation: 9.00426983833313
run_asmooth: 0.9127824306488037
compute_correlations: 0.0594024658203125
compute_ExcessProfileEstimator: 0.06041455268859863
