data_preparation: 9.38670301437378
run_asmooth: 0.8436214923858643
compute_correlations: 0.060167789459228516
compute_ExcessProfileEstimator: 0.059356689453125
