data_preparation: 17.7673397064209
run_asmooth: 1.6206810474395752
compute_correlations: 0.07198381423950195
