data_preparation: 9.06200122833252
run_asmooth: 0.9254331588745117
compute_correlations: 0.06091427803039551
compute_ExcessProfileEstimator: 0.05995368957519531
