data_preparation: 8.891185522079468
run_asmooth: 0.9160840511322021
compute_correlations: 0.05928659439086914
compute_ExcessProfileEstimator: 0.06000089645385742
