data_preparation: 20.290095567703247
run_asmooth: 1.3344478607177734
compute_correlations: 0.10124778747558594
compute_ExcessProfileEstimator: 0.09874773025512695
