data_preparation: 8.867188930511475
run_asmooth: 0.9824352264404297
compute_correlations: 0.05826568603515625
compute_ExcessProfileEstimator: 0.057946205139160156
