data_preparation: 19.094436407089233
run_asmooth: 1.4304704666137695
compute_correlations: 0.10547828674316406
compute_ExcessProfileEstimator: 0.10661768913269043
