data_preparation: 9.259998083114624
run_asmooth: 0.9604771137237549
compute_correlations: 0.06289291381835938
compute_ExcessProfileEstimator: 0.06058168411254883
