data_preparation: 8.778917789459229
run_asmooth: 0.8718733787536621
compute_correlations: 0.05585217475891113
compute_ExcessProfileEstimator: 0.05562543869018555
