data_preparation: 8.748953819274902
run_asmooth: 0.9185655117034912
compute_correlations: 0.059310197830200195
compute_ExcessProfileEstimator: 0.058373212814331055
