data_preparation: 19.467653036117554
run_asmooth: 1.3944599628448486
compute_correlations: 0.1018974781036377
compute_ExcessProfileEstimator: 0.10230088233947754
