data_preparation: 17.105483055114746
run_asmooth: 1.2591218948364258
compute_correlations: 0.09347176551818848
compute_ExcessProfileEstimator: 0.09287571907043457
