data_preparation: 10.276259899139404
run_asmooth: 0.9531245231628418
compute_correlations: 0.06550002098083496
compute_ExcessProfileEstimator: 0.06539416313171387
