data_preparation: 20.661678791046143
run_asmooth: 1.6020901203155518
compute_correlations: 0.09537553787231445
compute_ExcessProfileEstimator: 0.09401655197143555
