data_preparation: 8.993830680847168
run_asmooth: 1.0222079753875732
compute_correlations: 0.0619659423828125
compute_ExcessProfileEstimator: 0.06067800521850586
