data_preparation: 9.06127142906189
run_asmooth: 0.9547793865203857
compute_correlations: 0.06178140640258789
compute_ExcessProfileEstimator: 0.14179277420043945
