data_preparation: 17.766202449798584
run_asmooth: 1.3547027111053467
compute_correlations: 0.08952808380126953
compute_ExcessProfileEstimator: 0.09045696258544922
