data_preparation: 16.86484456062317
run_asmooth: 1.2508118152618408
compute_correlations: 0.09120416641235352
compute_ExcessProfileEstimator: 0.0889894962310791
