data_preparation: 8.943609237670898
run_asmooth: 0.9083354473114014
compute_correlations: 0.0576634407043457
compute_ExcessProfileEstimator: 0.05772089958190918
