data_preparation: 8.923454761505127
run_asmooth: 0.914830207824707
compute_correlations: 0.058184146881103516
compute_ExcessProfileEstimator: 0.05871844291687012
