data_preparation: 26.530029773712158
run_asmooth: 1.8758447170257568
compute_correlations: 0.13798141479492188
compute_ExcessProfileEstimator: 0.13658356666564941
