data_preparation: 8.873331785202026
run_asmooth: 0.9101338386535645
compute_correlations: 0.05790972709655762
compute_ExcessProfileEstimator: 0.058418989181518555
