data_preparation: 24.036856174468994
run_asmooth: 1.2172012329101562
compute_correlations: 0.08499717712402344
compute_ExcessProfileEstimator: 0.08400392532348633
