data_preparation: 16.857043981552124
run_asmooth: 1.1161978244781494
compute_correlations: 198.7324023246765
compute_ExcessProfileEstimator: 198.85430002212524
