data_preparation: 16.128337383270264
run_asmooth: 1.3138840198516846
compute_correlations: 181.1100869178772
compute_ExcessProfileEstimator: 180.69085311889648
