data_preparation: 8.752461671829224
run_asmooth: 0.8841283321380615
compute_correlations: 0.05792117118835449
compute_ExcessProfileEstimator: 0.05713343620300293
