data_preparation: 8.762925386428833
run_asmooth: 0.9744935035705566
compute_correlations: 0.05929994583129883
compute_ExcessProfileEstimator: 0.058876752853393555
