data_preparation: 9.017684936523438
run_asmooth: 1.0446574687957764
compute_correlations: 0.06288480758666992
compute_ExcessProfileEstimator: 0.06214714050292969
