data_preparation: 9.032716989517212
run_asmooth: 1.012810230255127
compute_correlations: 0.0587923526763916
compute_ExcessProfileEstimator: 0.059468984603881836
