data_preparation: 21.343384742736816
run_asmooth: 1.7466340065002441
compute_correlations: 0.10465502738952637
compute_ExcessProfileEstimator: 0.1063072681427002
