data_preparation: 19.058342695236206
run_asmooth: 1.3327789306640625
compute_correlations: 0.09954094886779785
compute_ExcessProfileEstimator: 0.09995293617248535
