data_preparation: 21.86124539375305
run_asmooth: 1.6474008560180664
compute_correlations: 0.1246483325958252
compute_ExcessProfileEstimator: 0.12773346900939941
