data_preparation: 17.627185821533203
run_asmooth: 1.2503745555877686
compute_correlations: 0.08629655838012695
compute_ExcessProfileEstimator: 0.08556532859802246
