data_preparation: 8.897417306900024
run_asmooth: 0.9672343730926514
compute_correlations: 0.06282734870910645
compute_ExcessProfileEstimator: 0.13860273361206055
