data_preparation: 8.746569871902466
run_asmooth: 0.8827614784240723
compute_correlations: 0.056659698486328125
compute_ExcessProfileEstimator: 0.0565791130065918
