data_preparation: 9.456380844116211
run_asmooth: 0.8589396476745605
compute_correlations: 0.062044382095336914
compute_ExcessProfileEstimator: 0.06076812744140625
