data_preparation: 16.01117968559265
run_asmooth: 1.090764045715332
compute_correlations: 176.03543043136597
compute_ExcessProfileEstimator: 177.35369443893433
