data_preparation: 17.145862817764282
run_asmooth: 1.3118071556091309
compute_correlations: 0.09579920768737793
compute_ExcessProfileEstimator: 0.09469747543334961
