data_preparation: 9.894858598709106
run_asmooth: 0.8826768398284912
compute_correlations: 0.06519126892089844
compute_ExcessProfileEstimator: 0.06381773948669434
