data_preparation: 20.788304805755615
run_asmooth: 1.9260609149932861
compute_correlations: 0.1519622802734375
compute_ExcessProfileEstimator: 0.15072131156921387
