data_preparation: 8.844785213470459
run_asmooth: 0.8872129917144775
compute_correlations: 0.057109832763671875
compute_ExcessProfileEstimator: 0.05808448791503906
