data_preparation: 8.990419149398804
run_asmooth: 0.9408948421478271
compute_correlations: 0.058408260345458984
compute_ExcessProfileEstimator: 0.05948662757873535
