data_preparation: 9.410429000854492
run_asmooth: 0.8360905647277832
compute_correlations: 0.06193065643310547
compute_ExcessProfileEstimator: 0.05946826934814453
