data_preparation: 8.877523183822632
run_asmooth: 0.9180014133453369
compute_correlations: 0.056725502014160156
compute_ExcessProfileEstimator: 0.05660128593444824
