data_preparation: 8.770614624023438
run_asmooth: 0.9236493110656738
compute_correlations: 0.06007695198059082
compute_ExcessProfileEstimator: 0.13396072387695312
