data_preparation: 23.622156143188477
run_asmooth: 1.9108567237854004
compute_correlations: 0.14530062675476074
compute_ExcessProfileEstimator: 0.14650845527648926
