data_preparation: 10.3173828125
run_asmooth: 0.9531271457672119
compute_correlations: 0.06517291069030762
compute_ExcessProfileEstimator: 0.06499004364013672
