data_preparation: 19.78240442276001
run_asmooth: 1.51298189163208
compute_correlations: 0.11174535751342773
compute_ExcessProfileEstimator: 0.10882115364074707
