data_preparation: 18.328701972961426
run_asmooth: 1.332000732421875
compute_correlations: 0.09952712059020996
compute_ExcessProfileEstimator: 0.10091328620910645
