data_preparation: 19.895111799240112
run_asmooth: 1.5023162364959717
compute_correlations: 0.10815191268920898
compute_ExcessProfileEstimator: 0.11251306533813477
