data_preparation: 19.074470281600952
run_asmooth: 1.2733910083770752
compute_correlations: 0.0924375057220459
compute_ExcessProfileEstimator: 0.0875403881072998
