data_preparation: 8.837849140167236
run_asmooth: 0.8886516094207764
compute_correlations: 0.056374549865722656
compute_ExcessProfileEstimator: 0.057831764221191406
