data_preparation: 9.063556432723999
run_asmooth: 0.917445182800293
compute_correlations: 0.05901360511779785
compute_ExcessProfileEstimator: 0.05859661102294922
