data_preparation: 20.958033561706543
run_asmooth: 1.5277891159057617
compute_correlations: 0.11484193801879883
compute_ExcessProfileEstimator: 0.11276030540466309
