data_preparation: 9.019554138183594
run_asmooth: 0.9166393280029297
compute_correlations: 0.058895111083984375
compute_ExcessProfileEstimator: 0.058126211166381836
