data_preparation: 16.563552618026733
run_asmooth: 1.1988434791564941
compute_correlations: 0.06397199630737305
compute_ExcessProfileEstimator: 0.0643770694732666
