data_preparation: 20.035794973373413
run_asmooth: 1.4410333633422852
compute_correlations: 0.079681396484375
compute_ExcessProfileEstimator: 0.08113789558410645
