data_preparation: 9.051540613174438
run_asmooth: 0.9120907783508301
compute_correlations: 0.058936119079589844
compute_ExcessProfileEstimator: 0.05918097496032715
