data_preparation: 8.907203674316406
run_asmooth: 0.8691825866699219
compute_correlations: 0.05575132369995117
compute_ExcessProfileEstimator: 0.05593609809875488
