data_preparation: 9.349573850631714
run_asmooth: 1.0750410556793213
compute_correlations: 0.06330156326293945
compute_ExcessProfileEstimator: 0.06349563598632812
