data_preparation: 17.282073497772217
run_asmooth: 1.2393157482147217
compute_correlations: 0.06750226020812988
compute_ExcessProfileEstimator: 0.06590390205383301
