data_preparation: 8.958152055740356
run_asmooth: 0.9774179458618164
compute_correlations: 0.05881953239440918
compute_ExcessProfileEstimator: 0.05836176872253418
