data_preparation: 21.44690227508545
run_asmooth: 1.8657150268554688
compute_correlations: 0.1463773250579834
compute_ExcessProfileEstimator: 0.14182281494140625
