data_preparation: 15.311784982681274
run_asmooth: 1.1019794940948486
compute_correlations: 0.060323476791381836
compute_ExcessProfileEstimator: 0.05919528007507324
