data_preparation: 9.154781103134155
run_asmooth: 0.9533922672271729
compute_correlations: 0.06036663055419922
compute_ExcessProfileEstimator: 0.060613155364990234
