data_preparation: 16.60118532180786
run_asmooth: 1.1216611862182617
compute_correlations: 176.96862959861755
compute_ExcessProfileEstimator: 177.25706958770752
