data_preparation: 19.21693778038025
run_asmooth: 1.426541805267334
compute_correlations: 0.10327482223510742
compute_ExcessProfileEstimator: 0.10806655883789062
