data_preparation: 19.901368618011475
run_asmooth: 1.495180606842041
compute_correlations: 0.10945773124694824
compute_ExcessProfileEstimator: 0.10774397850036621
