data_preparation: 9.102999687194824
run_asmooth: 0.9530308246612549
compute_correlations: 0.06082916259765625
compute_ExcessProfileEstimator: 0.061032772064208984
