data_preparation: 17.232322931289673
run_asmooth: 1.314572811126709
compute_correlations: 0.09782052040100098
compute_ExcessProfileEstimator: 0.09505915641784668
