data_preparation: 8.98296332359314
run_asmooth: 0.9206299781799316
compute_correlations: 0.0587773323059082
compute_ExcessProfileEstimator: 0.05980682373046875
