data_preparation: 18.503039836883545
run_asmooth: 1.2468767166137695
compute_correlations: 207.3016209602356
compute_ExcessProfileEstimator: 207.05828022956848
