data_preparation: 8.953384637832642
run_asmooth: 0.9231295585632324
compute_correlations: 0.0585482120513916
compute_ExcessProfileEstimator: 0.05915355682373047
