data_preparation: 8.893351078033447
run_asmooth: 0.9997570514678955
compute_correlations: 0.06070661544799805
compute_ExcessProfileEstimator: 0.05915093421936035
