data_preparation: 8.783300399780273
run_asmooth: 0.8850772380828857
compute_correlations: 0.05841231346130371
compute_ExcessProfileEstimator: 0.05677390098571777
