data_preparation: 17.51733160018921
run_asmooth: 1.2957398891448975
compute_correlations: 0.0975492000579834
compute_ExcessProfileEstimator: 0.155137300491333
