data_preparation: 17.815483808517456
run_asmooth: 1.1759672164916992
compute_correlations: 0.08298182487487793
compute_ExcessProfileEstimator: 0.08254194259643555
