data_preparation: 17.38518261909485
run_asmooth: 1.2602427005767822
compute_correlations: 0.09311652183532715
compute_ExcessProfileEstimator: 0.09212565422058105
