data_preparation: 18.312121868133545
run_asmooth: 1.2294650077819824
compute_correlations: 0.08651518821716309
compute_ExcessProfileEstimator: 0.08692669868469238
