data_preparation: 22.439764261245728
run_asmooth: 1.7575910091400146
compute_correlations: 0.13330435752868652
compute_ExcessProfileEstimator: 0.12213945388793945
