data_preparation: 17.597283124923706
run_asmooth: 1.3037197589874268
compute_correlations: 0.10016536712646484
compute_ExcessProfileEstimator: 0.1703183650970459
