data_preparation: 9.050209283828735
run_asmooth: 0.9231863021850586
compute_correlations: 0.06000709533691406
compute_ExcessProfileEstimator: 0.059420108795166016
