data_preparation: 8.68567180633545
run_asmooth: 0.8552818298339844
compute_correlations: 0.05535268783569336
compute_ExcessProfileEstimator: 0.05598783493041992
