data_preparation: 9.058629035949707
run_asmooth: 0.910919189453125
compute_correlations: 0.05894780158996582
compute_ExcessProfileEstimator: 0.05914497375488281
