data_preparation: 18.319090127944946
run_asmooth: 1.3066232204437256
compute_correlations: 0.10003876686096191
compute_ExcessProfileEstimator: 0.09880447387695312
