data_preparation: 18.94422197341919
run_asmooth: 1.2881827354431152
compute_correlations: 208.93749260902405
compute_ExcessProfileEstimator: 209.62582635879517
