data_preparation: 22.691091537475586
run_asmooth: 1.7984287738800049
compute_correlations: 0.14894914627075195
compute_ExcessProfileEstimator: 0.1396350860595703
