data_preparation: 17.385961771011353
run_asmooth: 1.2332572937011719
compute_correlations: 0.08724761009216309
compute_ExcessProfileEstimator: 0.08628416061401367
