data_preparation: 22.822049379348755
run_asmooth: 1.8773491382598877
compute_correlations: 0.14676451683044434
compute_ExcessProfileEstimator: 0.13839054107666016
