data_preparation: 8.880897760391235
run_asmooth: 0.8864424228668213
compute_correlations: 0.05652189254760742
compute_ExcessProfileEstimator: 0.056365251541137695
