data_preparation: 8.96713924407959
run_asmooth: 1.0158989429473877
compute_correlations: 0.06038784980773926
compute_ExcessProfileEstimator: 0.06108260154724121
