data_preparation: 9.102468967437744
run_asmooth: 0.9046492576599121
compute_correlations: 0.05852794647216797
compute_ExcessProfileEstimator: 0.059036970138549805
