data_preparation: 8.987147331237793
run_asmooth: 0.9294455051422119
compute_correlations: 0.057476043701171875
compute_ExcessProfileEstimator: 0.05933833122253418
