data_preparation: 20.04684615135193
run_asmooth: 1.583599328994751
compute_correlations: 0.12521672248840332
compute_ExcessProfileEstimator: 0.17321276664733887
