data_preparation: 16.34389090538025
run_asmooth: 1.0989911556243896
compute_correlations: 183.4943652153015
compute_ExcessProfileEstimator: 185.01583075523376
