data_preparation: 8.805818557739258
run_asmooth: 0.9794647693634033
compute_correlations: 0.05932116508483887
compute_ExcessProfileEstimator: 0.058916330337524414
