data_preparation: 8.97162413597107
run_asmooth: 0.9612522125244141
compute_correlations: 0.05774569511413574
compute_ExcessProfileEstimator: 0.058022499084472656
