data_preparation: 10.467712640762329
run_asmooth: 0.9142417907714844
compute_correlations: 0.06683707237243652
compute_ExcessProfileEstimator: 0.06592035293579102
