data_preparation: 20.622581720352173
run_asmooth: 1.8547141551971436
compute_correlations: 0.09927010536193848
compute_ExcessProfileEstimator: 0.09752511978149414
