data_preparation: 16.334303379058838
run_asmooth: 1.096036434173584
compute_correlations: 182.43213200569153
compute_ExcessProfileEstimator: 181.1352081298828
