data_preparation: 21.410883903503418
run_asmooth: 1.731703281402588
compute_correlations: 0.12708759307861328
compute_ExcessProfileEstimator: 0.13556742668151855
