data_preparation: 18.31256866455078
run_asmooth: 1.2815165519714355
compute_correlations: 0.09695219993591309
compute_ExcessProfileEstimator: 0.09612321853637695
