data_preparation: 16.655866384506226
run_asmooth: 1.2262630462646484
compute_correlations: 0.09038400650024414
compute_ExcessProfileEstimator: 0.09006738662719727
