data_preparation: 16.838093996047974
run_asmooth: 1.2539575099945068
compute_correlations: 0.0934298038482666
compute_ExcessProfileEstimator: 0.09150004386901855
