data_preparation: 8.983654975891113
run_asmooth: 0.9080767631530762
compute_correlations: 0.057709693908691406
compute_ExcessProfileEstimator: 0.05839991569519043
