data_preparation: 20.458515405654907
run_asmooth: 1.5579783916473389
compute_correlations: 0.10959815979003906
compute_ExcessProfileEstimator: 0.10884284973144531
