data_preparation: 9.10549783706665
run_asmooth: 0.9839646816253662
compute_correlations: 0.05743002891540527
compute_ExcessProfileEstimator: 0.057608842849731445
