data_preparation: 25.76790499687195
run_asmooth: 1.1547183990478516
compute_correlations: 0.08364009857177734
compute_ExcessProfileEstimator: 0.08421802520751953
