data_preparation: 16.38145685195923
run_asmooth: 1.2082221508026123
compute_correlations: 0.08990120887756348
compute_ExcessProfileEstimator: 0.09012556076049805
