data_preparation: 9.234119415283203
run_asmooth: 0.9907171726226807
compute_correlations: 0.060011863708496094
compute_ExcessProfileEstimator: 0.060353994369506836
