data_preparation: 17.44890809059143
run_asmooth: 1.3143086433410645
compute_correlations: 0.09792160987854004
compute_ExcessProfileEstimator: 0.0960700511932373
