data_preparation: 21.89181900024414
run_asmooth: 1.590543270111084
compute_correlations: 0.12148094177246094
compute_ExcessProfileEstimator: 0.1210336685180664
