data_preparation: 9.024711847305298
run_asmooth: 0.9251115322113037
compute_correlations: 0.058702707290649414
compute_ExcessProfileEstimator: 0.059499263763427734
