data_preparation: 19.34651470184326
run_asmooth: 1.4184777736663818
compute_correlations: 0.09390401840209961
compute_ExcessProfileEstimator: 0.09523653984069824
