data_preparation: 20.066442728042603
run_asmooth: 1.4541988372802734
compute_correlations: 0.09554195404052734
compute_ExcessProfileEstimator: 0.0953359603881836
