data_preparation: 17.112112760543823
run_asmooth: 1.3858730792999268
compute_correlations: 194.33936548233032
compute_ExcessProfileEstimator: 195.73422718048096
