data_preparation: 18.940203428268433
run_asmooth: 1.413787841796875
compute_correlations: 0.07500863075256348
compute_ExcessProfileEstimator: 0.0737452507019043
