data_preparation: 20.279611110687256
run_asmooth: 1.4321269989013672
compute_correlations: 0.0786135196685791
compute_ExcessProfileEstimator: 0.07694458961486816
