data_preparation: 19.192842483520508
run_asmooth: 1.5983238220214844
compute_correlations: 230.1490080356598
compute_ExcessProfileEstimator: 229.83962893486023
