data_preparation: 8.755817174911499
run_asmooth: 0.865717887878418
compute_correlations: 0.05590629577636719
compute_ExcessProfileEstimator: 0.05553269386291504
