data_preparation: 8.729584455490112
run_asmooth: 0.8887858390808105
compute_correlations: 0.05727195739746094
compute_ExcessProfileEstimator: 0.05650758743286133
