data_preparation: 8.61763596534729
run_asmooth: 0.8556427955627441
compute_correlations: 0.05498337745666504
compute_ExcessProfileEstimator: 0.054879188537597656
