data_preparation: 18.7677903175354
run_asmooth: 1.2833116054534912
compute_correlations: 0.09235167503356934
compute_ExcessProfileEstimator: 0.08971691131591797
