data_preparation: 19.416741609573364
run_asmooth: 1.5544145107269287
compute_correlations: 250.0661425590515
compute_ExcessProfileEstimator: 249.29819536209106
