data_preparation: 8.789623022079468
run_asmooth: 0.8971123695373535
compute_correlations: 0.05747485160827637
compute_ExcessProfileEstimator: 0.05817890167236328
