data_preparation: 10.387102603912354
run_asmooth: 0.9005014896392822
compute_correlations: 0.06568789482116699
compute_ExcessProfileEstimator: 0.06563019752502441
