data_preparation: 8.924365520477295
run_asmooth: 0.9087977409362793
compute_correlations: 0.06044888496398926
compute_ExcessProfileEstimator: 0.05983781814575195
