data_preparation: 8.890206813812256
run_asmooth: 0.8870265483856201
compute_correlations: 0.05670666694641113
compute_ExcessProfileEstimator: 0.05679583549499512
