data_preparation: 22.11923837661743
run_asmooth: 1.6612658500671387
compute_correlations: 0.0942239761352539
compute_ExcessProfileEstimator: 0.09475231170654297
