data_preparation: 22.313087224960327
run_asmooth: 1.8497209548950195
compute_correlations: 185.30538535118103
compute_ExcessProfileEstimator: 186.03671646118164
