data_preparation: 19.890119791030884
run_asmooth: 1.4866724014282227
compute_correlations: 0.11411762237548828
compute_ExcessProfileEstimator: 0.11152076721191406
