data_preparation: 8.838112592697144
run_asmooth: 0.8750886917114258
compute_correlations: 0.057064056396484375
compute_ExcessProfileEstimator: 0.05730271339416504
