data_preparation: 8.725300550460815
run_asmooth: 0.9013774394989014
compute_correlations: 0.058379173278808594
compute_ExcessProfileEstimator: 0.058100223541259766
