data_preparation: 19.476572513580322
run_asmooth: 1.2718515396118164
compute_correlations: 0.09099245071411133
compute_ExcessProfileEstimator: 0.09075284004211426
