data_preparation: 30.661940813064575
run_asmooth: 1.4699363708496094
compute_correlations: 0.10048842430114746
compute_ExcessProfileEstimator: 0.10059738159179688
