data_preparation: 8.951717615127563
run_asmooth: 0.9194626808166504
compute_correlations: 0.05820751190185547
compute_ExcessProfileEstimator: 0.059268951416015625
