data_preparation: 19.784346103668213
run_asmooth: 1.7434024810791016
compute_correlations: 212.56554770469666
compute_ExcessProfileEstimator: 206.06226897239685
