data_preparation: 28.156835317611694
run_asmooth: 1.4395604133605957
compute_correlations: 0.10250592231750488
compute_ExcessProfileEstimator: 0.10004043579101562
