data_preparation: 10.671550035476685
run_asmooth: 0.9155144691467285
compute_correlations: 0.0684807300567627
compute_ExcessProfileEstimator: 0.06581401824951172
