data_preparation: 8.878736734390259
run_asmooth: 0.9221889972686768
compute_correlations: 0.061380863189697266
compute_ExcessProfileEstimator: 0.06113433837890625
