data_preparation: 9.051125049591064
run_asmooth: 0.9061660766601562
compute_correlations: 0.05831336975097656
compute_ExcessProfileEstimator: 0.05854225158691406
