data_preparation: 9.005143642425537
run_asmooth: 0.9849627017974854
compute_correlations: 0.06029987335205078
compute_ExcessProfileEstimator: 0.05951213836669922
