data_preparation: 9.167634725570679
run_asmooth: 0.9729881286621094
compute_correlations: 0.06168103218078613
compute_ExcessProfileEstimator: 0.06018376350402832
