data_preparation: 17.97929048538208
run_asmooth: 1.1870954036712646
compute_correlations: 0.08410215377807617
compute_ExcessProfileEstimator: 0.08394026756286621
