data_preparation: 8.909393787384033
run_asmooth: 0.8691444396972656
compute_correlations: 0.055730342864990234
compute_ExcessProfileEstimator: 0.05603432655334473
