data_preparation: 20.512728929519653
run_asmooth: 1.5560705661773682
compute_correlations: 0.1132655143737793
compute_ExcessProfileEstimator: 0.11025714874267578
