data_preparation: 17.379589319229126
run_asmooth: 1.2733685970306396
compute_correlations: 0.09643006324768066
compute_ExcessProfileEstimator: 0.09615850448608398
