data_preparation: 22.503830194473267
run_asmooth: 1.753652811050415
compute_correlations: 0.11234807968139648
compute_ExcessProfileEstimator: 0.10102152824401855
