data_preparation: 20.41091537475586
run_asmooth: 1.5298242568969727
compute_correlations: 0.11031937599182129
compute_ExcessProfileEstimator: 0.10933089256286621
