data_preparation: 15.84984016418457
run_asmooth: 1.1992080211639404
compute_correlations: 0.08730363845825195
compute_ExcessProfileEstimator: 0.08662891387939453
