data_preparation: 11.194387435913086
run_asmooth: 1.097567081451416
compute_correlations: 0.07565879821777344
compute_ExcessProfileEstimator: 0.08145785331726074
