data_preparation: 18.364022254943848
run_asmooth: 1.3105487823486328
compute_correlations: 0.10006976127624512
compute_ExcessProfileEstimator: 0.09699892997741699
