data_preparation: 19.002891302108765
run_asmooth: 1.2667670249938965
compute_correlations: 0.09075927734375
compute_ExcessProfileEstimator: 0.08953046798706055
