data_preparation: 19.731520891189575
run_asmooth: 1.4982359409332275
compute_correlations: 0.10897040367126465
compute_ExcessProfileEstimator: 0.11122965812683105
