data_preparation: 8.96346139907837
run_asmooth: 0.9135644435882568
compute_correlations: 0.0617983341217041
compute_ExcessProfileEstimator: 0.05925488471984863
