data_preparation: 19.862724781036377
run_asmooth: 1.4406898021697998
compute_correlations: 0.07834482192993164
compute_ExcessProfileEstimator: 0.07860636711120605
