data_preparation: 8.940019845962524
run_asmooth: 0.9394309520721436
compute_correlations: 0.06112551689147949
compute_ExcessProfileEstimator: 0.13024449348449707
