data_preparation: 23.890608310699463
run_asmooth: 1.9100308418273926
compute_correlations: 0.154679536819458
compute_ExcessProfileEstimator: 0.15219521522521973
