data_preparation: 23.143726587295532
run_asmooth: 1.9001641273498535
compute_correlations: 0.1271817684173584
compute_ExcessProfileEstimator: 0.13608837127685547
