data_preparation: 9.925190687179565
run_asmooth: 0.9008083343505859
compute_correlations: 0.06584525108337402
compute_ExcessProfileEstimator: 0.06410598754882812
