data_preparation: 8.882927179336548
run_asmooth: 0.9387931823730469
compute_correlations: 0.05993175506591797
compute_ExcessProfileEstimator: 0.13081812858581543
