data_preparation: 23.061920881271362
run_asmooth: 1.55021333694458
compute_correlations: 0.11176514625549316
compute_ExcessProfileEstimator: 0.12114548683166504
