data_preparation: 9.369622230529785
run_asmooth: 0.8291795253753662
compute_correlations: 0.05971193313598633
compute_ExcessProfileEstimator: 0.05911898612976074
