data_preparation: 21.96212124824524
run_asmooth: 1.6245880126953125
compute_correlations: 0.12209820747375488
compute_ExcessProfileEstimator: 0.1207582950592041
