data_preparation: 23.775811672210693
run_asmooth: 1.62882399559021
compute_correlations: 0.12239956855773926
compute_ExcessProfileEstimator: 0.12173342704772949
