data_preparation: 18.500909090042114
run_asmooth: 1.3974099159240723
compute_correlations: 0.0780479907989502
compute_ExcessProfileEstimator: 0.07496047019958496
