data_preparation: 18.38452124595642
run_asmooth: 1.2164099216461182
compute_correlations: 195.1201114654541
compute_ExcessProfileEstimator: 191.22556686401367
