data_preparation: 24.154059648513794
run_asmooth: 1.2206308841705322
compute_correlations: 0.08517289161682129
compute_ExcessProfileEstimator: 0.08317232131958008
