data_preparation: 26.031723737716675
run_asmooth: 1.1800520420074463
compute_correlations: 0.08359789848327637
compute_ExcessProfileEstimator: 0.0815436840057373
