data_preparation: 10.46317458152771
run_asmooth: 0.8985753059387207
compute_correlations: 0.06513571739196777
compute_ExcessProfileEstimator: 0.0640099048614502
