data_preparation: 9.203537225723267
run_asmooth: 0.8871111869812012
compute_correlations: 0.05684947967529297
compute_ExcessProfileEstimator: 0.05729055404663086
