data_preparation: 20.867807149887085
run_asmooth: 1.5366241931915283
compute_correlations: 0.11330556869506836
compute_ExcessProfileEstimator: 0.1131737232208252
