data_preparation: 21.053714513778687
run_asmooth: 1.664074420928955
compute_correlations: 0.12318015098571777
compute_ExcessProfileEstimator: 0.12525200843811035
