data_preparation: 8.792308568954468
run_asmooth: 0.98667311668396
compute_correlations: 0.05703544616699219
compute_ExcessProfileEstimator: 0.05681633949279785
