data_preparation: 17.480607986450195
run_asmooth: 1.3525991439819336
compute_correlations: 0.09943962097167969
compute_ExcessProfileEstimator: 0.09731078147888184
