data_preparation: 21.541341543197632
run_asmooth: 1.5815651416778564
compute_correlations: 0.11600208282470703
compute_ExcessProfileEstimator: 0.11820816993713379
