data_preparation: 22.644136667251587
run_asmooth: 1.8295722007751465
compute_correlations: 0.14360857009887695
compute_ExcessProfileEstimator: 0.1449604034423828
