data_preparation: 18.6090886592865
run_asmooth: 1.2240307331085205
compute_correlations: 0.08523678779602051
compute_ExcessProfileEstimator: 0.08457374572753906
