data_preparation: 21.61018943786621
run_asmooth: 1.6603610515594482
compute_correlations: 0.11931204795837402
compute_ExcessProfileEstimator: 0.11948657035827637
