data_preparation: 8.994206428527832
run_asmooth: 0.9232714176177979
compute_correlations: 0.06024026870727539
compute_ExcessProfileEstimator: 0.06003594398498535
