data_preparation: 19.62537670135498
run_asmooth: 1.4929139614105225
compute_correlations: 0.11048769950866699
compute_ExcessProfileEstimator: 0.11022806167602539
