data_preparation: 8.978203058242798
run_asmooth: 0.9468367099761963
compute_correlations: 0.05992484092712402
compute_ExcessProfileEstimator: 0.061757802963256836
