data_preparation: 22.611842155456543
run_asmooth: 1.7269608974456787
compute_correlations: 0.13445615768432617
compute_ExcessProfileEstimator: 0.1451730728149414
