data_preparation: 26.354124069213867
run_asmooth: 1.4090640544891357
compute_correlations: 0.08306241035461426
compute_ExcessProfileEstimator: 0.0842428207397461
