data_preparation: 17.411537647247314
run_asmooth: 1.2263398170471191
compute_correlations: 0.09339332580566406
compute_ExcessProfileEstimator: 0.09374356269836426
