data_preparation: 9.186237335205078
run_asmooth: 1.0070843696594238
compute_correlations: 0.061290740966796875
compute_ExcessProfileEstimator: 0.05969667434692383
