data_preparation: 8.903220891952515
run_asmooth: 0.8799076080322266
compute_correlations: 0.05682516098022461
compute_ExcessProfileEstimator: 0.057694196701049805
