data_preparation: 25.73374605178833
run_asmooth: 1.251175880432129
compute_correlations: 0.0902702808380127
compute_ExcessProfileEstimator: 0.08967995643615723
