data_preparation: 15.863800764083862
run_asmooth: 1.2830078601837158
compute_correlations: 179.70167469978333
compute_ExcessProfileEstimator: 179.18283081054688
