data_preparation: 8.935539722442627
run_asmooth: 0.926903486251831
compute_correlations: 0.058855533599853516
compute_ExcessProfileEstimator: 0.05905604362487793
