data_preparation: 10.340610265731812
run_asmooth: 0.9385848045349121
compute_correlations: 0.07013559341430664
compute_ExcessProfileEstimator: 0.0688943862915039
