data_preparation: 20.18834376335144
run_asmooth: 1.6559786796569824
compute_correlations: 0.12463760375976562
compute_ExcessProfileEstimator: 0.13644981384277344
