data_preparation: 29.41340684890747
run_asmooth: 1.4683902263641357
compute_correlations: 0.10479021072387695
compute_ExcessProfileEstimator: 0.1027839183807373
