data_preparation: 9.38551926612854
run_asmooth: 0.842113733291626
compute_correlations: 0.059281110763549805
compute_ExcessProfileEstimator: 0.05863547325134277
