data_preparation: 9.119064569473267
run_asmooth: 0.9153003692626953
compute_correlations: 0.06044435501098633
compute_ExcessProfileEstimator: 0.05989694595336914
