data_preparation: 10.355736017227173
run_asmooth: 0.8886244297027588
compute_correlations: 0.06396675109863281
compute_ExcessProfileEstimator: 0.0641181468963623
