data_preparation: 9.040334701538086
run_asmooth: 0.843287467956543
compute_correlations: 0.05706977844238281
compute_ExcessProfileEstimator: 0.05562639236450195
