data_preparation: 21.738621711730957
run_asmooth: 1.5485045909881592
compute_correlations: 0.1201620101928711
compute_ExcessProfileEstimator: 0.11869287490844727
