data_preparation: 23.7108051776886
run_asmooth: 1.1483721733093262
compute_correlations: 0.08070230484008789
compute_ExcessProfileEstimator: 0.0789041519165039
