data_preparation: 17.048145294189453
run_asmooth: 1.249098539352417
compute_correlations: 0.0809788703918457
compute_ExcessProfileEstimator: 0.08024120330810547
