data_preparation: 8.979740619659424
run_asmooth: 0.8875682353973389
compute_correlations: 0.057068586349487305
compute_ExcessProfileEstimator: 0.056684017181396484
