data_preparation: 8.830413818359375
run_asmooth: 0.8940169811248779
compute_correlations: 0.05692577362060547
compute_ExcessProfileEstimator: 0.05742239952087402
