data_preparation: 9.984272480010986
run_asmooth: 0.8932616710662842
compute_correlations: 0.06546592712402344
compute_ExcessProfileEstimator: 0.0640876293182373
