data_preparation: 24.969710111618042
run_asmooth: 1.2084100246429443
compute_correlations: 0.0831151008605957
compute_ExcessProfileEstimator: 0.08189916610717773
