data_preparation: 8.790059804916382
run_asmooth: 0.8676204681396484
compute_correlations: 0.05637860298156738
compute_ExcessProfileEstimator: 0.05694437026977539
