data_preparation: 9.92554521560669
run_asmooth: 0.9236881732940674
compute_correlations: 0.0684347152709961
compute_ExcessProfileEstimator: 0.06644606590270996
