data_preparation: 19.169455766677856
run_asmooth: 1.610741376876831
compute_correlations: 0.09610629081726074
compute_ExcessProfileEstimator: 0.09237170219421387
