data_preparation: 9.39765977859497
run_asmooth: 0.852708101272583
compute_correlations: 0.06070661544799805
compute_ExcessProfileEstimator: 0.06029391288757324
