data_preparation: 18.781020402908325
run_asmooth: 1.2818405628204346
compute_correlations: 127.41657876968384
compute_ExcessProfileEstimator: 126.3311231136322
