data_preparation: 9.938831090927124
run_asmooth: 0.8863556385040283
compute_correlations: 0.0646054744720459
compute_ExcessProfileEstimator: 0.0634150505065918
