data_preparation: 17.188141584396362
run_asmooth: 1.292513370513916
compute_correlations: 0.095123291015625
compute_ExcessProfileEstimator: 0.09407758712768555
