data_preparation: 9.092211484909058
run_asmooth: 0.9105856418609619
compute_correlations: 0.06026721000671387
compute_ExcessProfileEstimator: 0.060692787170410156
