data_preparation: 8.99122953414917
run_asmooth: 0.9915144443511963
compute_correlations: 0.060262203216552734
compute_ExcessProfileEstimator: 0.06142592430114746
