data_preparation: 8.991989135742188
run_asmooth: 0.9751274585723877
compute_correlations: 0.058653831481933594
compute_ExcessProfileEstimator: 0.05946183204650879
