data_preparation: 22.539689302444458
run_asmooth: 1.61796236038208
compute_correlations: 0.12009263038635254
compute_ExcessProfileEstimator: 0.1199042797088623
