data_preparation: 9.202996015548706
run_asmooth: 0.9575269222259521
compute_correlations: 0.060683488845825195
compute_ExcessProfileEstimator: 0.06026434898376465
