data_preparation: 8.942330837249756
run_asmooth: 0.9970755577087402
compute_correlations: 0.060526371002197266
compute_ExcessProfileEstimator: 0.05994272232055664
