data_preparation: 17.90871524810791
run_asmooth: 1.3454840183258057
compute_correlations: 0.09642553329467773
compute_ExcessProfileEstimator: 0.0980842113494873
