data_preparation: 8.921797275543213
run_asmooth: 0.9012622833251953
compute_correlations: 0.057785749435424805
compute_ExcessProfileEstimator: 0.05883145332336426
