data_preparation: 19.926151037216187
run_asmooth: 1.405766487121582
compute_correlations: 0.07864499092102051
compute_ExcessProfileEstimator: 0.0752861499786377
