data_preparation: 23.850300312042236
run_asmooth: 1.8451991081237793
compute_correlations: 0.1361837387084961
compute_ExcessProfileEstimator: 0.14252424240112305
