data_preparation: 9.122087001800537
run_asmooth: 1.0266294479370117
compute_correlations: 0.061330556869506836
compute_ExcessProfileEstimator: 0.06225943565368652
