data_preparation: 21.490750074386597
run_asmooth: 1.4337356090545654
compute_correlations: 0.10138773918151855
compute_ExcessProfileEstimator: 0.10056066513061523
