data_preparation: 18.96446466445923
run_asmooth: 1.2830579280853271
compute_correlations: 208.53546977043152
compute_ExcessProfileEstimator: 212.70626282691956
