data_preparation: 19.4060378074646
run_asmooth: 1.3744711875915527
compute_correlations: 0.07665181159973145
compute_ExcessProfileEstimator: 0.0761709213256836
