data_preparation: 8.919682025909424
run_asmooth: 0.8999488353729248
compute_correlations: 0.05646800994873047
compute_ExcessProfileEstimator: 0.05735182762145996
