data_preparation: 18.194316148757935
run_asmooth: 1.3230977058410645
compute_correlations: 0.09705829620361328
compute_ExcessProfileEstimator: 0.09789276123046875
