data_preparation: 18.887656688690186
run_asmooth: 1.2213811874389648
compute_correlations: 0.08858060836791992
compute_ExcessProfileEstimator: 0.08572936058044434
