data_preparation: 10.273954391479492
run_asmooth: 0.8722772598266602
compute_correlations: 0.0638418197631836
compute_ExcessProfileEstimator: 0.06341075897216797
