data_preparation: 16.668397903442383
run_asmooth: 1.1813182830810547
compute_correlations: 0.09193968772888184
compute_ExcessProfileEstimator: 0.0904092788696289
