data_preparation: 8.904495239257812
run_asmooth: 0.9271457195281982
compute_correlations: 0.05944705009460449
compute_ExcessProfileEstimator: 0.059211015701293945
