data_preparation: 16.902812480926514
run_asmooth: 1.28090500831604
compute_correlations: 0.09543180465698242
compute_ExcessProfileEstimator: 0.09343194961547852
