data_preparation: 17.256611347198486
run_asmooth: 1.2961633205413818
compute_correlations: 0.09446215629577637
compute_ExcessProfileEstimator: 0.09484553337097168
