data_preparation: 9.517412185668945
run_asmooth: 0.86397385597229
compute_correlations: 0.06264185905456543
compute_ExcessProfileEstimator: 0.06078934669494629
