data_preparation: 9.289544105529785
run_asmooth: 1.0732824802398682
compute_correlations: 0.06585931777954102
compute_ExcessProfileEstimator: 0.06488800048828125
