data_preparation: 8.757230758666992
run_asmooth: 0.8824079036712646
compute_correlations: 0.0573275089263916
compute_ExcessProfileEstimator: 0.05752253532409668
