data_preparation: 17.62863063812256
run_asmooth: 1.2606406211853027
compute_correlations: 0.09095644950866699
compute_ExcessProfileEstimator: 0.08967232704162598
