data_preparation: 21.295470476150513
run_asmooth: 1.605750560760498
compute_correlations: 0.11836004257202148
compute_ExcessProfileEstimator: 0.11643218994140625
