data_preparation: 24.679081916809082
run_asmooth: 1.2741050720214844
compute_correlations: 0.08791637420654297
compute_ExcessProfileEstimator: 0.08632755279541016
