data_preparation: 8.875688314437866
run_asmooth: 0.9892158508300781
compute_correlations: 0.05990934371948242
compute_ExcessProfileEstimator: 0.06020307540893555
