data_preparation: 8.966951370239258
run_asmooth: 0.9960727691650391
compute_correlations: 0.06043601036071777
compute_ExcessProfileEstimator: 0.05997157096862793
