data_preparation: 16.108376502990723
run_asmooth: 1.234168291091919
compute_correlations: 114.66426157951355
compute_ExcessProfileEstimator: 115.32179045677185
