data_preparation: 17.648004055023193
run_asmooth: 1.335719347000122
compute_correlations: 0.10127687454223633
compute_ExcessProfileEstimator: 0.09703731536865234
