data_preparation: 22.207519054412842
run_asmooth: 1.821626901626587
compute_correlations: 0.14595437049865723
compute_ExcessProfileEstimator: 0.14246487617492676
