data_preparation: 17.270617723464966
run_asmooth: 1.1433048248291016
compute_correlations: 192.53048491477966
compute_ExcessProfileEstimator: 198.32769870758057
