data_preparation: 19.76537799835205
run_asmooth: 1.3743672370910645
compute_correlations: 0.09553885459899902
compute_ExcessProfileEstimator: 0.09157967567443848
