data_preparation: 8.999747037887573
run_asmooth: 0.9752469062805176
compute_correlations: 0.06244325637817383
compute_ExcessProfileEstimator: 0.14417171478271484
