data_preparation: 26.599963426589966
run_asmooth: 1.2577877044677734
compute_correlations: 0.0895226001739502
compute_ExcessProfileEstimator: 0.08725428581237793
