data_preparation: 9.057076215744019
run_asmooth: 0.972822904586792
compute_correlations: 0.058789730072021484
compute_ExcessProfileEstimator: 0.05904054641723633
