data_preparation: 17.200572729110718
run_asmooth: 1.3122215270996094
compute_correlations: 0.09545683860778809
compute_ExcessProfileEstimator: 0.09538078308105469
