data_preparation: 16.76564598083496
run_asmooth: 1.2141823768615723
compute_correlations: 0.09063100814819336
compute_ExcessProfileEstimator: 0.09073615074157715
