data_preparation: 36.081005334854126
run_asmooth: 2.1478068828582764
compute_correlations: 0.15791797637939453
compute_ExcessProfileEstimator: 0.1641843318939209
