data_preparation: 17.89727210998535
run_asmooth: 1.3499956130981445
compute_correlations: 0.09729290008544922
compute_ExcessProfileEstimator: 0.0961616039276123
