data_preparation: 18.21535086631775
run_asmooth: 1.3018617630004883
compute_correlations: 0.08878636360168457
compute_ExcessProfileEstimator: 0.08965086936950684
