data_preparation: 8.74648380279541
run_asmooth: 0.910348653793335
compute_correlations: 0.05908799171447754
compute_ExcessProfileEstimator: 0.12025117874145508
