data_preparation: 8.80992317199707
run_asmooth: 0.8897745609283447
compute_correlations: 0.0570681095123291
compute_ExcessProfileEstimator: 0.05664467811584473
