data_preparation: 8.865877389907837
run_asmooth: 0.932323694229126
compute_correlations: 0.05728650093078613
compute_ExcessProfileEstimator: 0.05752873420715332
