data_preparation: 20.36422824859619
run_asmooth: 1.482323169708252
compute_correlations: 0.07995772361755371
compute_ExcessProfileEstimator: 0.0800788402557373
