data_preparation: 16.32872200012207
run_asmooth: 1.4375672340393066
compute_correlations: 180.0833284854889
compute_ExcessProfileEstimator: 179.84598755836487
