data_preparation: 20.72277069091797
run_asmooth: 1.5820493698120117
compute_correlations: 0.08938431739807129
compute_ExcessProfileEstimator: 0.09541678428649902
