data_preparation: 10.628089189529419
run_asmooth: 0.9137153625488281
compute_correlations: 0.06557703018188477
compute_ExcessProfileEstimator: 0.06477642059326172
