data_preparation: 25.79452419281006
run_asmooth: 2.09641170501709
compute_correlations: 0.16348052024841309
compute_ExcessProfileEstimator: 0.1516120433807373
