data_preparation: 22.426113843917847
run_asmooth: 1.5487797260284424
compute_correlations: 0.1102755069732666
compute_ExcessProfileEstimator: 0.10814476013183594
