data_preparation: 21.655769109725952
run_asmooth: 1.6634228229522705
compute_correlations: 0.1145925521850586
compute_ExcessProfileEstimator: 0.11386251449584961
