data_preparation: 22.090085744857788
run_asmooth: 1.8060405254364014
compute_correlations: 0.12987351417541504
compute_ExcessProfileEstimator: 0.13054132461547852
