data_preparation: 17.160057067871094
run_asmooth: 1.31477689743042
compute_correlations: 0.09409141540527344
compute_ExcessProfileEstimator: 0.09469246864318848
