data_preparation: 16.20383644104004
run_asmooth: 1.2138314247131348
compute_correlations: 0.09054183959960938
compute_ExcessProfileEstimator: 0.08847188949584961
