data_preparation: 16.50486183166504
run_asmooth: 1.192457675933838
compute_correlations: 0.08844995498657227
compute_ExcessProfileEstimator: 0.0869603157043457
