data_preparation: 10.038959980010986
run_asmooth: 0.8635838031768799
compute_correlations: 0.06354546546936035
compute_ExcessProfileEstimator: 0.061689138412475586
