data_preparation: 17.721798419952393
run_asmooth: 1.1611640453338623
compute_correlations: 0.08187103271484375
compute_ExcessProfileEstimator: 0.08156847953796387
