data_preparation: 15.217944383621216
run_asmooth: 1.146428108215332
compute_correlations: 0.08519506454467773
compute_ExcessProfileEstimator: 0.08320069313049316
