data_preparation: 23.460717916488647
run_asmooth: 1.9044647216796875
compute_correlations: 0.14926481246948242
compute_ExcessProfileEstimator: 0.1423475742340088
