data_preparation: 8.899292945861816
run_asmooth: 0.8844528198242188
compute_correlations: 0.0567929744720459
compute_ExcessProfileEstimator: 0.057557106018066406
