data_preparation: 8.992524862289429
run_asmooth: 1.0020086765289307
compute_correlations: 0.058508872985839844
compute_ExcessProfileEstimator: 0.05966305732727051
