data_preparation: 18.912700653076172
run_asmooth: 1.2691669464111328
compute_correlations: 0.08937311172485352
compute_ExcessProfileEstimator: 0.09080791473388672
