data_preparation: 9.019842147827148
run_asmooth: 0.9097299575805664
compute_correlations: 0.060240745544433594
compute_ExcessProfileEstimator: 0.0603480339050293
