data_preparation: 10.321995973587036
run_asmooth: 0.8922727108001709
compute_correlations: 0.0650634765625
compute_ExcessProfileEstimator: 0.06453537940979004
