data_preparation: 8.763231039047241
run_asmooth: 0.8337364196777344
compute_correlations: 0.054392337799072266
compute_ExcessProfileEstimator: 0.05340099334716797
