data_preparation: 8.830728769302368
run_asmooth: 0.9754350185394287
compute_correlations: 0.05934309959411621
compute_ExcessProfileEstimator: 0.05843853950500488
