data_preparation: 18.924099445343018
run_asmooth: 1.5339584350585938
compute_correlations: 0.11918973922729492
compute_ExcessProfileEstimator: 0.1179957389831543
