data_preparation: 17.278616189956665
run_asmooth: 1.3033113479614258
compute_correlations: 0.09678864479064941
compute_ExcessProfileEstimator: 0.09381318092346191
