data_preparation: 9.15156865119934
run_asmooth: 0.9324662685394287
compute_correlations: 0.05989551544189453
compute_ExcessProfileEstimator: 0.06111931800842285
