data_preparation: 8.896619081497192
run_asmooth: 0.9248604774475098
compute_correlations: 0.05945110321044922
compute_ExcessProfileEstimator: 0.05884218215942383
