data_preparation: 9.194611310958862
run_asmooth: 0.9610567092895508
compute_correlations: 0.06081676483154297
compute_ExcessProfileEstimator: 0.06181478500366211
