data_preparation: 20.455049991607666
run_asmooth: 1.6586835384368896
compute_correlations: 0.11557364463806152
compute_ExcessProfileEstimator: 0.11601448059082031
