data_preparation: 8.790867567062378
run_asmooth: 0.8981373310089111
compute_correlations: 0.0601048469543457
compute_ExcessProfileEstimator: 0.058416128158569336
