data_preparation: 9.062585592269897
run_asmooth: 1.0288114547729492
compute_correlations: 0.06177473068237305
compute_ExcessProfileEstimator: 0.06196451187133789
