data_preparation: 19.076900959014893
run_asmooth: 1.3969202041625977
compute_correlations: 0.07696413993835449
compute_ExcessProfileEstimator: 0.07866072654724121
