data_preparation: 9.45527696609497
run_asmooth: 0.8338079452514648
compute_correlations: 0.06081414222717285
compute_ExcessProfileEstimator: 0.05913567543029785
