data_preparation: 16.084628343582153
run_asmooth: 1.7133750915527344
compute_correlations: 209.72322058677673
compute_ExcessProfileEstimator: 208.55151343345642
