data_preparation: 16.23605990409851
run_asmooth: 1.1988983154296875
compute_correlations: 0.08136367797851562
compute_ExcessProfileEstimator: 0.08113455772399902
