data_preparation: 8.958802700042725
run_asmooth: 0.9386725425720215
compute_correlations: 0.060041189193725586
compute_ExcessProfileEstimator: 0.058838605880737305
