data_preparation: 8.829080581665039
run_asmooth: 0.8945472240447998
compute_correlations: 0.05835723876953125
compute_ExcessProfileEstimator: 0.0582737922668457
