data_preparation: 16.394297122955322
run_asmooth: 1.21274733543396
compute_correlations: 0.08966422080993652
compute_ExcessProfileEstimator: 0.08831071853637695
