data_preparation: 9.56588077545166
run_asmooth: 0.848783016204834
compute_correlations: 0.06128263473510742
compute_ExcessProfileEstimator: 0.06026482582092285
