data_preparation: 17.852288007736206
run_asmooth: 1.2997543811798096
compute_correlations: 0.08912849426269531
compute_ExcessProfileEstimator: 0.08892297744750977
