data_preparation: 18.000187158584595
run_asmooth: 1.1944928169250488
compute_correlations: 0.08436703681945801
compute_ExcessProfileEstimator: 0.08181977272033691
