data_preparation: 8.678361415863037
run_asmooth: 0.867591142654419
compute_correlations: 0.05605506896972656
compute_ExcessProfileEstimator: 0.05616474151611328
