data_preparation: 9.026404619216919
run_asmooth: 0.9253227710723877
compute_correlations: 0.059772491455078125
compute_ExcessProfileEstimator: 0.06030845642089844
