data_preparation: 18.971452951431274
run_asmooth: 1.4370265007019043
compute_correlations: 0.08003401756286621
compute_ExcessProfileEstimator: 0.0791778564453125
