data_preparation: 8.836508989334106
run_asmooth: 0.8994090557098389
compute_correlations: 0.05888247489929199
compute_ExcessProfileEstimator: 0.05854344367980957
