data_preparation: 18.394827127456665
run_asmooth: 1.3109452724456787
compute_correlations: 0.09913396835327148
compute_ExcessProfileEstimator: 0.09933996200561523
