data_preparation: 9.276621580123901
run_asmooth: 0.9494762420654297
compute_correlations: 0.059886932373046875
compute_ExcessProfileEstimator: 0.06107974052429199
