data_preparation: 16.76650834083557
run_asmooth: 1.2576441764831543
compute_correlations: 0.09137272834777832
compute_ExcessProfileEstimator: 0.09088397026062012
