data_preparation: 17.801366090774536
run_asmooth: 1.289628267288208
compute_correlations: 0.09970855712890625
compute_ExcessProfileEstimator: 0.09768056869506836
