data_preparation: 21.718039512634277
run_asmooth: 1.7122139930725098
compute_correlations: 0.09652423858642578
compute_ExcessProfileEstimator: 0.09579277038574219
