data_preparation: 8.941828966140747
run_asmooth: 0.9203643798828125
compute_correlations: 0.057906150817871094
compute_ExcessProfileEstimator: 0.0587916374206543
