data_preparation: 36.10155248641968
run_asmooth: 1.946390151977539
compute_correlations: 0.1426553726196289
compute_ExcessProfileEstimator: 0.13878417015075684
