data_preparation: 18.511455297470093
run_asmooth: 1.463209629058838
compute_correlations: 228.5360517501831
compute_ExcessProfileEstimator: 227.62879872322083
