data_preparation: 9.433523893356323
run_asmooth: 1.0647759437561035
compute_correlations: 0.06460022926330566
compute_ExcessProfileEstimator: 0.06388545036315918
