data_preparation: 17.02816414833069
run_asmooth: 1.2951774597167969
compute_correlations: 0.09379458427429199
compute_ExcessProfileEstimator: 0.09361839294433594
