data_preparation: 9.488761901855469
run_asmooth: 0.9761552810668945
compute_correlations: 0.06169247627258301
compute_ExcessProfileEstimator: 0.06463861465454102
