data_preparation: 17.658857345581055
run_asmooth: 1.32285737991333
compute_correlations: 0.09559774398803711
compute_ExcessProfileEstimator: 0.09493899345397949
