data_preparation: 19.646902799606323
run_asmooth: 1.3583488464355469
compute_correlations: 0.1043696403503418
compute_ExcessProfileEstimator: 0.09982562065124512
