data_preparation: 24.267980575561523
run_asmooth: 1.7675623893737793
compute_correlations: 0.13123750686645508
compute_ExcessProfileEstimator: 0.12531161308288574
