data_preparation: 22.294236421585083
run_asmooth: 1.7185561656951904
compute_correlations: 0.10716080665588379
compute_ExcessProfileEstimator: 0.1231684684753418
