data_preparation: 17.391215801239014
run_asmooth: 1.2932336330413818
compute_correlations: 0.09771323204040527
compute_ExcessProfileEstimator: 0.0939321517944336
