data_preparation: 10.31447982788086
run_asmooth: 0.9003252983093262
compute_correlations: 0.06474637985229492
compute_ExcessProfileEstimator: 0.06335711479187012
