data_preparation: 8.961164474487305
run_asmooth: 0.8951804637908936
compute_correlations: 0.057080984115600586
compute_ExcessProfileEstimator: 0.057044267654418945
