data_preparation: 8.943374633789062
run_asmooth: 0.9386868476867676
compute_correlations: 0.06008505821228027
compute_ExcessProfileEstimator: 0.12891626358032227
