data_preparation: 8.90528655052185
run_asmooth: 0.8962798118591309
compute_correlations: 0.05813026428222656
compute_ExcessProfileEstimator: 0.05925607681274414
