data_preparation: 9.11240291595459
run_asmooth: 0.9153168201446533
compute_correlations: 0.05953407287597656
compute_ExcessProfileEstimator: 0.05800271034240723
