data_preparation: 22.485259294509888
run_asmooth: 1.8229706287384033
compute_correlations: 0.13782787322998047
compute_ExcessProfileEstimator: 0.14081954956054688
