data_preparation: 9.205365419387817
run_asmooth: 1.0143461227416992
compute_correlations: 0.06048727035522461
compute_ExcessProfileEstimator: 0.060880422592163086
