data_preparation: 8.994236707687378
run_asmooth: 1.017366647720337
compute_correlations: 0.062109947204589844
compute_ExcessProfileEstimator: 0.061516761779785156
