data_preparation: 10.640052080154419
run_asmooth: 0.9092755317687988
compute_correlations: 0.06799936294555664
compute_ExcessProfileEstimator: 0.06581401824951172
