data_preparation: 9.020437479019165
run_asmooth: 0.977874755859375
compute_correlations: 0.05948162078857422
compute_ExcessProfileEstimator: 0.05929684638977051
