data_preparation: 9.995890140533447
run_asmooth: 1.1641778945922852
compute_correlations: 0.07300853729248047
compute_ExcessProfileEstimator: 0.07007026672363281
