data_preparation: 17.979737520217896
run_asmooth: 1.2623701095581055
compute_correlations: 0.09422874450683594
compute_ExcessProfileEstimator: 0.09478497505187988
