data_preparation: 20.7058048248291
run_asmooth: 1.5274319648742676
compute_correlations: 0.11191558837890625
compute_ExcessProfileEstimator: 0.1135556697845459
