data_preparation: 8.758161544799805
run_asmooth: 0.8783032894134521
compute_correlations: 0.056128740310668945
compute_ExcessProfileEstimator: 0.05623292922973633
