data_preparation: 20.745828866958618
run_asmooth: 1.5181820392608643
compute_correlations: 0.1056833267211914
compute_ExcessProfileEstimator: 0.10367774963378906
