data_preparation: 21.403736114501953
run_asmooth: 1.7630484104156494
compute_correlations: 0.12717580795288086
compute_ExcessProfileEstimator: 0.1252129077911377
