data_preparation: 17.2951922416687
run_asmooth: 1.3151473999023438
compute_correlations: 0.0992741584777832
compute_ExcessProfileEstimator: 0.17211294174194336
