data_preparation: 8.922321081161499
run_asmooth: 0.9042515754699707
compute_correlations: 0.0605769157409668
compute_ExcessProfileEstimator: 0.0582427978515625
