data_preparation: 10.340587139129639
run_asmooth: 0.8935887813568115
compute_correlations: 0.06491231918334961
compute_ExcessProfileEstimator: 0.06433629989624023
