data_preparation: 17.79874348640442
run_asmooth: 1.2009367942810059
compute_correlations: 0.08196759223937988
compute_ExcessProfileEstimator: 0.0804443359375
