data_preparation: 18.260675191879272
run_asmooth: 1.3093907833099365
compute_correlations: 0.09652996063232422
compute_ExcessProfileEstimator: 0.16637206077575684
