data_preparation: 17.39874267578125
run_asmooth: 1.3116962909698486
compute_correlations: 0.09598278999328613
compute_ExcessProfileEstimator: 0.09629654884338379
