data_preparation: 16.270737886428833
run_asmooth: 1.2163293361663818
compute_correlations: 0.0891118049621582
compute_ExcessProfileEstimator: 0.08764171600341797
