data_preparation: 10.21476697921753
run_asmooth: 0.9550580978393555
compute_correlations: 0.06636691093444824
compute_ExcessProfileEstimator: 0.06632637977600098
