data_preparation: 8.984655857086182
run_asmooth: 0.9285309314727783
compute_correlations: 0.05753922462463379
compute_ExcessProfileEstimator: 0.0583500862121582
