data_preparation: 17.765085458755493
run_asmooth: 1.3903989791870117
compute_correlations: 121.31956839561462
compute_ExcessProfileEstimator: 120.6003065109253
