data_preparation: 25.452515125274658
run_asmooth: 1.9863905906677246
compute_correlations: 0.14638805389404297
compute_ExcessProfileEstimator: 0.15189266204833984
