data_preparation: 8.665607213973999
run_asmooth: 0.8520469665527344
compute_correlations: 0.05503392219543457
compute_ExcessProfileEstimator: 0.05505967140197754
