data_preparation: 17.002479076385498
run_asmooth: 1.2528657913208008
compute_correlations: 0.09320926666259766
compute_ExcessProfileEstimator: 0.09423398971557617
