data_preparation: 8.701531410217285
run_asmooth: 0.8575904369354248
compute_correlations: 0.05570650100708008
compute_ExcessProfileEstimator: 0.0555272102355957
