data_preparation: 31.353729963302612
run_asmooth: 1.690044641494751
compute_correlations: 0.13080382347106934
compute_ExcessProfileEstimator: 0.12987494468688965
