data_preparation: 19.75392746925354
run_asmooth: 1.834442377090454
compute_correlations: 235.70234203338623
compute_ExcessProfileEstimator: 234.71172499656677
