data_preparation: 23.232325077056885
run_asmooth: 1.8873612880706787
compute_correlations: 0.14460134506225586
compute_ExcessProfileEstimator: 0.14350390434265137
