data_preparation: 10.114383459091187
run_asmooth: 0.9108903408050537
compute_correlations: 0.06625938415527344
compute_ExcessProfileEstimator: 0.0644228458404541
