data_preparation: 17.92365550994873
run_asmooth: 1.2925529479980469
compute_correlations: 0.09804654121398926
compute_ExcessProfileEstimator: 0.09746623039245605
