data_preparation: 20.005995750427246
run_asmooth: 1.4295105934143066
compute_correlations: 0.07824397087097168
compute_ExcessProfileEstimator: 0.07894420623779297
