data_preparation: 21.905345916748047
run_asmooth: 1.7341523170471191
compute_correlations: 0.11945605278015137
compute_ExcessProfileEstimator: 0.12240314483642578
