data_preparation: 8.71838641166687
run_asmooth: 0.8673496246337891
compute_correlations: 0.05639457702636719
compute_ExcessProfileEstimator: 0.05570483207702637
