data_preparation: 25.365819931030273
run_asmooth: 1.227914571762085
compute_correlations: 0.08868932723999023
compute_ExcessProfileEstimator: 0.08736181259155273
