data_preparation: 19.481075286865234
run_asmooth: 1.4046177864074707
compute_correlations: 0.07560086250305176
compute_ExcessProfileEstimator: 0.07550597190856934
