data_preparation: 19.31959867477417
run_asmooth: 1.3979074954986572
compute_correlations: 0.0760645866394043
compute_ExcessProfileEstimator: 0.07076764106750488
