data_preparation: 8.862030506134033
run_asmooth: 0.8956031799316406
compute_correlations: 0.057687997817993164
compute_ExcessProfileEstimator: 0.05820798873901367
