data_preparation: 9.992228746414185
run_asmooth: 0.9005863666534424
compute_correlations: 0.06529927253723145
compute_ExcessProfileEstimator: 0.06513261795043945
