data_preparation: 15.950307846069336
run_asmooth: 1.1788554191589355
compute_correlations: 109.47703862190247
compute_ExcessProfileEstimator: 110.32571792602539
