data_preparation: 21.12503981590271
run_asmooth: 1.640549659729004
compute_correlations: 0.11392736434936523
compute_ExcessProfileEstimator: 0.11203789710998535
