data_preparation: 16.989691495895386
run_asmooth: 1.2018094062805176
compute_correlations: 0.06478619575500488
compute_ExcessProfileEstimator: 0.06359148025512695
