data_preparation: 25.1983425617218
run_asmooth: 1.2053594589233398
compute_correlations: 0.08749723434448242
compute_ExcessProfileEstimator: 0.08640742301940918
