data_preparation: 36.503440856933594
run_asmooth: 1.9373743534088135
compute_correlations: 0.14843130111694336
compute_ExcessProfileEstimator: 0.14493012428283691
