data_preparation: 8.841267108917236
run_asmooth: 0.9375579357147217
compute_correlations: 0.06016087532043457
compute_ExcessProfileEstimator: 0.1344614028930664
