data_preparation: 27.528055906295776
run_asmooth: 2.032820463180542
compute_correlations: 0.14482998847961426
compute_ExcessProfileEstimator: 0.14489960670471191
