data_preparation: 16.657824993133545
run_asmooth: 1.263603687286377
compute_correlations: 0.09278559684753418
compute_ExcessProfileEstimator: 0.09092211723327637
