data_preparation: 20.683889150619507
run_asmooth: 1.5670409202575684
compute_correlations: 0.11397433280944824
compute_ExcessProfileEstimator: 0.11515331268310547
