data_preparation: 19.510993719100952
run_asmooth: 1.4457085132598877
compute_correlations: 0.11127185821533203
compute_ExcessProfileEstimator: 0.11284804344177246
