data_preparation: 8.968271255493164
run_asmooth: 0.9254038333892822
compute_correlations: 0.05799603462219238
compute_ExcessProfileEstimator: 0.05892491340637207
