data_preparation: 20.570684671401978
run_asmooth: 1.4733774662017822
compute_correlations: 0.11270833015441895
compute_ExcessProfileEstimator: 0.1156623363494873
