data_preparation: 20.26982092857361
run_asmooth: 1.607180118560791
compute_correlations: 0.11725401878356934
compute_ExcessProfileEstimator: 0.12044000625610352
