data_preparation: 9.135137557983398
run_asmooth: 0.8778223991394043
compute_correlations: 0.058419227600097656
compute_ExcessProfileEstimator: 0.057196617126464844
