data_preparation: 9.200197696685791
run_asmooth: 0.8667020797729492
compute_correlations: 0.05786299705505371
compute_ExcessProfileEstimator: 0.058135986328125
