data_preparation: 9.22809886932373
run_asmooth: 1.0456750392913818
compute_correlations: 0.06420326232910156
compute_ExcessProfileEstimator: 0.06516742706298828
