data_preparation: 18.627360343933105
run_asmooth: 1.948988914489746
compute_correlations: 236.48330569267273
compute_ExcessProfileEstimator: 230.0347864627838
