data_preparation: 24.47940731048584
run_asmooth: 1.926893711090088
compute_correlations: 0.1487414836883545
compute_ExcessProfileEstimator: 0.14682412147521973
