data_preparation: 20.131952047348022
run_asmooth: 1.515505075454712
compute_correlations: 0.11301660537719727
compute_ExcessProfileEstimator: 0.11336231231689453
