data_preparation: 10.324012041091919
run_asmooth: 0.8936021327972412
compute_correlations: 0.06438207626342773
compute_ExcessProfileEstimator: 0.0637502670288086
