data_preparation: 8.791226387023926
run_asmooth: 0.9172203540802002
compute_correlations: 0.05823683738708496
compute_ExcessProfileEstimator: 0.12005114555358887
