data_preparation: 8.794655084609985
run_asmooth: 0.8331284523010254
compute_correlations: 0.05400228500366211
compute_ExcessProfileEstimator: 0.0537724494934082
