data_preparation: 8.929975986480713
run_asmooth: 0.9242568016052246
compute_correlations: 0.0586543083190918
compute_ExcessProfileEstimator: 0.058121442794799805
