data_preparation: 8.967328548431396
run_asmooth: 0.9261071681976318
compute_correlations: 0.06199908256530762
compute_ExcessProfileEstimator: 0.0603022575378418
