data_preparation: 8.912237882614136
run_asmooth: 0.9883203506469727
compute_correlations: 0.059783935546875
compute_ExcessProfileEstimator: 0.059211015701293945
