data_preparation: 10.312487602233887
run_asmooth: 0.8837578296661377
compute_correlations: 0.06458210945129395
compute_ExcessProfileEstimator: 0.06361508369445801
