data_preparation: 9.940202951431274
run_asmooth: 0.8833427429199219
compute_correlations: 0.06575131416320801
compute_ExcessProfileEstimator: 0.06388473510742188
