data_preparation: 16.94613289833069
run_asmooth: 1.2678508758544922
compute_correlations: 0.09515786170959473
compute_ExcessProfileEstimator: 0.09410619735717773
