data_preparation: 20.633781671524048
run_asmooth: 1.5041847229003906
compute_correlations: 0.09066319465637207
compute_ExcessProfileEstimator: 0.08976936340332031
