data_preparation: 24.041576385498047
run_asmooth: 1.908111572265625
compute_correlations: 0.14814233779907227
compute_ExcessProfileEstimator: 0.14800047874450684
