data_preparation: 19.390746116638184
run_asmooth: 1.4964962005615234
compute_correlations: 0.09883761405944824
compute_ExcessProfileEstimator: 0.09850168228149414
