data_preparation: 23.68639898300171
run_asmooth: 1.1862540245056152
compute_correlations: 0.08338475227355957
compute_ExcessProfileEstimator: 0.08145022392272949
