data_preparation: 13.497714519500732
run_asmooth: 1.0046825408935547
compute_correlations: 0.07659530639648438
compute_ExcessProfileEstimator: 0.07417893409729004
