data_preparation: 18.57618021965027
run_asmooth: 1.3509342670440674
compute_correlations: 0.10069870948791504
compute_ExcessProfileEstimator: 0.10081672668457031
