data_preparation: 25.599984645843506
run_asmooth: 1.229659080505371
compute_correlations: 0.0894613265991211
compute_ExcessProfileEstimator: 0.08818507194519043
