data_preparation: 9.245568990707397
run_asmooth: 0.9562432765960693
compute_correlations: 0.061026811599731445
compute_ExcessProfileEstimator: 0.13627934455871582
