data_preparation: 19.693923950195312
run_asmooth: 1.5169627666473389
compute_correlations: 0.09073805809020996
compute_ExcessProfileEstimator: 0.09143233299255371
