data_preparation: 8.959651947021484
run_asmooth: 0.9864106178283691
compute_correlations: 0.05923175811767578
compute_ExcessProfileEstimator: 0.059107303619384766
