data_preparation: 10.149934768676758
run_asmooth: 0.9606215953826904
compute_correlations: 0.06737947463989258
compute_ExcessProfileEstimator: 0.06753993034362793
