data_preparation: 9.208580732345581
run_asmooth: 0.9343469142913818
compute_correlations: 0.058295249938964844
compute_ExcessProfileEstimator: 0.057472944259643555
