data_preparation: 19.95749258995056
run_asmooth: 1.5658283233642578
compute_correlations: 0.11766171455383301
compute_ExcessProfileEstimator: 0.12129426002502441
