data_preparation: 22.865980625152588
run_asmooth: 1.8096508979797363
compute_correlations: 0.14261221885681152
compute_ExcessProfileEstimator: 0.13285422325134277
