data_preparation: 8.572654724121094
run_asmooth: 0.8154189586639404
compute_correlations: 0.05239534378051758
compute_ExcessProfileEstimator: 0.05208253860473633
