data_preparation: 20.25844120979309
run_asmooth: 1.4539461135864258
compute_correlations: 0.11347007751464844
compute_ExcessProfileEstimator: 0.11249494552612305
