data_preparation: 8.981952905654907
run_asmooth: 0.9360044002532959
compute_correlations: 0.05959129333496094
compute_ExcessProfileEstimator: 0.06051206588745117
