data_preparation: 9.403157472610474
run_asmooth: 0.8310732841491699
compute_correlations: 0.05984234809875488
compute_ExcessProfileEstimator: 0.05896949768066406
