data_preparation: 16.42568016052246
run_asmooth: 1.2141878604888916
compute_correlations: 0.08940386772155762
compute_ExcessProfileEstimator: 0.08763861656188965
