data_preparation: 19.083892345428467
run_asmooth: 1.4346673488616943
compute_correlations: 0.10471558570861816
compute_ExcessProfileEstimator: 0.1056826114654541
