data_preparation: 8.392086029052734
run_asmooth: 0.8069412708282471
compute_correlations: 0.05296063423156738
compute_ExcessProfileEstimator: 0.05297541618347168
