data_preparation: 8.81497049331665
run_asmooth: 0.9360816478729248
compute_correlations: 0.05573081970214844
compute_ExcessProfileEstimator: 0.05785632133483887
