data_preparation: 17.213773250579834
run_asmooth: 1.235185146331787
compute_correlations: 0.0873727798461914
compute_ExcessProfileEstimator: 0.08822917938232422
