data_preparation: 10.240856647491455
run_asmooth: 0.8806085586547852
compute_correlations: 0.06338667869567871
compute_ExcessProfileEstimator: 0.06596803665161133
