data_preparation: 16.866530179977417
run_asmooth: 1.284132480621338
compute_correlations: 0.09474015235900879
compute_ExcessProfileEstimator: 0.09393858909606934
