data_preparation: 9.072107076644897
run_asmooth: 0.9331009387969971
compute_correlations: 0.05925107002258301
compute_ExcessProfileEstimator: 0.060135602951049805
