data_preparation: 19.013043642044067
run_asmooth: 1.370182991027832
compute_correlations: 0.07563948631286621
compute_ExcessProfileEstimator: 0.08267045021057129
