data_preparation: 23.371917963027954
run_asmooth: 1.8723773956298828
compute_correlations: 0.14251184463500977
compute_ExcessProfileEstimator: 0.1382918357849121
