data_preparation: 22.274088621139526
run_asmooth: 1.6820228099822998
compute_correlations: 0.1304304599761963
compute_ExcessProfileEstimator: 0.1286003589630127
