data_preparation: 8.800788164138794
run_asmooth: 0.8882191181182861
compute_correlations: 0.058425188064575195
compute_ExcessProfileEstimator: 0.05747270584106445
