data_preparation: 9.203441619873047
run_asmooth: 0.9402596950531006
compute_correlations: 0.06008481979370117
compute_ExcessProfileEstimator: 0.12594223022460938
