data_preparation: 20.800179958343506
run_asmooth: 1.5952661037445068
compute_correlations: 0.11310982704162598
compute_ExcessProfileEstimator: 0.11286258697509766
