data_preparation: 18.39384126663208
run_asmooth: 1.2671806812286377
compute_correlations: 0.08746957778930664
compute_ExcessProfileEstimator: 0.08469986915588379
