data_preparation: 9.398999691009521
run_asmooth: 1.1135728359222412
compute_correlations: 0.06557393074035645
compute_ExcessProfileEstimator: 0.06613445281982422
