data_preparation: 8.956269979476929
run_asmooth: 0.9137980937957764
compute_correlations: 0.05837297439575195
compute_ExcessProfileEstimator: 0.06049513816833496
