data_preparation: 17.272344827651978
run_asmooth: 1.412978172302246
compute_correlations: 179.78349542617798
compute_ExcessProfileEstimator: 179.7159023284912
