data_preparation: 17.82955288887024
run_asmooth: 1.2466843128204346
compute_correlations: 0.09533023834228516
compute_ExcessProfileEstimator: 0.09394717216491699
