data_preparation: 18.49697232246399
run_asmooth: 1.2092056274414062
compute_correlations: 199.84196186065674
compute_ExcessProfileEstimator: 198.70403289794922
