data_preparation: 8.922527313232422
run_asmooth: 0.9794878959655762
compute_correlations: 0.05826210975646973
compute_ExcessProfileEstimator: 0.0589137077331543
