data_preparation: 8.749137878417969
run_asmooth: 0.8834469318389893
compute_correlations: 0.05815458297729492
compute_ExcessProfileEstimator: 0.05711936950683594
