data_preparation: 15.250059366226196
run_asmooth: 1.1934266090393066
compute_correlations: 0.06401705741882324
compute_ExcessProfileEstimator: 0.06255698204040527
