data_preparation: 26.102378129959106
run_asmooth: 1.327772617340088
compute_correlations: 0.09540534019470215
compute_ExcessProfileEstimator: 0.09440350532531738
