data_preparation: 22.312702894210815
run_asmooth: 1.7487461566925049
compute_correlations: 0.13533377647399902
compute_ExcessProfileEstimator: 0.1347665786743164
