data_preparation: 21.101885557174683
run_asmooth: 1.7015166282653809
compute_correlations: 0.1423959732055664
compute_ExcessProfileEstimator: 0.19883489608764648
