data_preparation: 9.138550758361816
run_asmooth: 0.9058175086975098
compute_correlations: 0.05695462226867676
compute_ExcessProfileEstimator: 0.05792069435119629
