data_preparation: 18.35929846763611
run_asmooth: 1.3272335529327393
compute_correlations: 0.10011529922485352
compute_ExcessProfileEstimator: 0.10136222839355469
