data_preparation: 20.43690776824951
run_asmooth: 1.3758575916290283
compute_correlations: 0.09426212310791016
compute_ExcessProfileEstimator: 0.09191346168518066
