data_preparation: 8.890965700149536
run_asmooth: 0.9208269119262695
compute_correlations: 0.05911517143249512
compute_ExcessProfileEstimator: 0.05959773063659668
