data_preparation: 18.504342555999756
run_asmooth: 1.3748984336853027
compute_correlations: 0.10409808158874512
compute_ExcessProfileEstimator: 0.10335803031921387
