data_preparation: 19.14524221420288
run_asmooth: 1.381333589553833
compute_correlations: 0.07862043380737305
compute_ExcessProfileEstimator: 0.07964062690734863
