data_preparation: 9.895371198654175
run_asmooth: 1.0469262599945068
compute_correlations: 0.06560230255126953
compute_ExcessProfileEstimator: 0.06546163558959961
