data_preparation: 26.103992700576782
run_asmooth: 1.2387237548828125
compute_correlations: 0.08939123153686523
compute_ExcessProfileEstimator: 0.08812212944030762
