data_preparation: 9.380230903625488
run_asmooth: 0.9642658233642578
compute_correlations: 0.06403708457946777
compute_ExcessProfileEstimator: 0.06183147430419922
