data_preparation: 20.670788764953613
run_asmooth: 1.5492358207702637
compute_correlations: 0.11206984519958496
compute_ExcessProfileEstimator: 0.11142539978027344
