data_preparation: 10.382583141326904
run_asmooth: 0.8834755420684814
compute_correlations: 0.06475830078125
compute_ExcessProfileEstimator: 0.0626530647277832
