data_preparation: 18.179708003997803
run_asmooth: 1.4179232120513916
compute_correlations: 0.10281157493591309
compute_ExcessProfileEstimator: 0.09773993492126465
