data_preparation: 16.750076055526733
run_asmooth: 1.2334833145141602
compute_correlations: 0.0899956226348877
compute_ExcessProfileEstimator: 0.08966755867004395
