data_preparation: 21.700716018676758
run_asmooth: 1.6963531970977783
compute_correlations: 0.11204123497009277
compute_ExcessProfileEstimator: 0.11499810218811035
