data_preparation: 9.192344427108765
run_asmooth: 0.9752011299133301
compute_correlations: 0.062445878982543945
compute_ExcessProfileEstimator: 0.15132761001586914
