data_preparation: 8.758157730102539
run_asmooth: 0.884990930557251
compute_correlations: 0.05709695816040039
compute_ExcessProfileEstimator: 0.0571136474609375
