data_preparation: 18.337600708007812
run_asmooth: 1.6536307334899902
compute_correlations: 0.0750432014465332
