data_preparation: 16.894510507583618
run_asmooth: 1.3359301090240479
compute_correlations: 0.09440112113952637
compute_ExcessProfileEstimator: 0.09467291831970215
