data_preparation: 9.486281871795654
run_asmooth: 0.845503568649292
compute_correlations: 0.06113314628601074
compute_ExcessProfileEstimator: 0.06012272834777832
