data_preparation: 17.03556776046753
run_asmooth: 1.1885676383972168
compute_correlations: 0.06651163101196289
compute_ExcessProfileEstimator: 0.06488323211669922
