data_preparation: 21.45780324935913
run_asmooth: 1.636221170425415
compute_correlations: 0.11954522132873535
compute_ExcessProfileEstimator: 0.1176919937133789
