data_preparation: 8.973155498504639
run_asmooth: 0.950469970703125
compute_correlations: 0.06153512001037598
compute_ExcessProfileEstimator: 0.13957762718200684
