data_preparation: 17.269137382507324
run_asmooth: 1.2499172687530518
compute_correlations: 0.09128403663635254
compute_ExcessProfileEstimator: 0.0921638011932373
