data_preparation: 9.085572242736816
run_asmooth: 0.9051930904388428
compute_correlations: 0.05738115310668945
compute_ExcessProfileEstimator: 0.05713462829589844
