data_preparation: 17.464771032333374
run_asmooth: 1.2639503479003906
compute_correlations: 0.09177780151367188
compute_ExcessProfileEstimator: 0.09154343605041504
