data_preparation: 10.401633262634277
run_asmooth: 0.8958592414855957
compute_correlations: 0.06587719917297363
compute_ExcessProfileEstimator: 0.06374883651733398
