data_preparation: 21.93865990638733
run_asmooth: 1.652724027633667
compute_correlations: 0.1242828369140625
compute_ExcessProfileEstimator: 0.13646149635314941
