data_preparation: 18.556497812271118
run_asmooth: 1.4065792560577393
compute_correlations: 0.10033917427062988
compute_ExcessProfileEstimator: 0.1005706787109375
