data_preparation: 20.3252956867218
run_asmooth: 1.4609172344207764
compute_correlations: 0.1019127368927002
compute_ExcessProfileEstimator: 0.10045027732849121
