data_preparation: 20.21478271484375
run_asmooth: 1.5673646926879883
compute_correlations: 0.11278843879699707
compute_ExcessProfileEstimator: 0.11212587356567383
