data_preparation: 16.542681217193604
run_asmooth: 1.203169584274292
compute_correlations: 0.09061217308044434
compute_ExcessProfileEstimator: 0.08846521377563477
