data_preparation: 16.074333429336548
run_asmooth: 1.078568935394287
compute_correlations: 177.5753674507141
compute_ExcessProfileEstimator: 176.75652027130127
