data_preparation: 18.139519214630127
run_asmooth: 1.3523266315460205
compute_correlations: 0.09795236587524414
compute_ExcessProfileEstimator: 0.09686040878295898
