data_preparation: 25.160324573516846
run_asmooth: 1.8982200622558594
compute_correlations: 0.13486719131469727
compute_ExcessProfileEstimator: 0.12937641143798828
