data_preparation: 8.833712339401245
run_asmooth: 0.8623740673065186
compute_correlations: 0.05550861358642578
compute_ExcessProfileEstimator: 0.056118011474609375
