data_preparation: 34.60460543632507
run_asmooth: 1.9264647960662842
compute_correlations: 0.1394333839416504
compute_ExcessProfileEstimator: 0.13905811309814453
