data_preparation: 10.570968866348267
run_asmooth: 0.937105655670166
compute_correlations: 0.06877326965332031
compute_ExcessProfileEstimator: 0.06675457954406738
