data_preparation: 18.62685465812683
run_asmooth: 1.248631477355957
compute_correlations: 0.0887298583984375
compute_ExcessProfileEstimator: 0.08923149108886719
