data_preparation: 9.15976881980896
run_asmooth: 1.0029563903808594
compute_correlations: 0.05961298942565918
compute_ExcessProfileEstimator: 0.06064343452453613
