data_preparation: 27.878391981124878
run_asmooth: 1.334045171737671
compute_correlations: 0.09312677383422852
compute_ExcessProfileEstimator: 0.09409880638122559
