data_preparation: 8.89183783531189
run_asmooth: 0.8751382827758789
compute_correlations: 0.055991411209106445
compute_ExcessProfileEstimator: 0.05609703063964844
