data_preparation: 8.873684167861938
run_asmooth: 0.8924260139465332
compute_correlations: 0.05853271484375
compute_ExcessProfileEstimator: 0.05819225311279297
