data_preparation: 9.137162923812866
run_asmooth: 0.9383134841918945
compute_correlations: 0.05988669395446777
compute_ExcessProfileEstimator: 0.05938863754272461
