data_preparation: 10.437903642654419
run_asmooth: 0.8773581981658936
compute_correlations: 0.06470203399658203
compute_ExcessProfileEstimator: 0.06278872489929199
