data_preparation: 19.125537395477295
run_asmooth: 1.2652523517608643
compute_correlations: 0.09163379669189453
compute_ExcessProfileEstimator: 0.08835220336914062
