data_preparation: 19.88894486427307
run_asmooth: 1.425971508026123
compute_correlations: 0.07829141616821289
compute_ExcessProfileEstimator: 0.07853317260742188
