data_preparation: 21.97348427772522
run_asmooth: 1.6678338050842285
compute_correlations: 0.11513113975524902
compute_ExcessProfileEstimator: 0.11646318435668945
