data_preparation: 18.054572343826294
run_asmooth: 1.34185791015625
compute_correlations: 0.09691858291625977
compute_ExcessProfileEstimator: 0.09726381301879883
