data_preparation: 18.433855772018433
run_asmooth: 1.31351637840271
compute_correlations: 0.09817790985107422
compute_ExcessProfileEstimator: 0.09745073318481445
