data_preparation: 17.587226152420044
run_asmooth: 1.2971265316009521
compute_correlations: 0.09797143936157227
compute_ExcessProfileEstimator: 0.09728360176086426
