data_preparation: 19.471232175827026
run_asmooth: 1.4670698642730713
compute_correlations: 0.10542988777160645
compute_ExcessProfileEstimator: 0.10815167427062988
