data_preparation: 17.626692056655884
run_asmooth: 1.2710464000701904
compute_correlations: 0.09563970565795898
compute_ExcessProfileEstimator: 0.09621667861938477
