data_preparation: 19.77360963821411
run_asmooth: 1.5926525592803955
compute_correlations: 0.12077498435974121
compute_ExcessProfileEstimator: 0.12081241607666016
