data_preparation: 9.035237073898315
run_asmooth: 0.9082114696502686
compute_correlations: 0.058554649353027344
compute_ExcessProfileEstimator: 0.058062076568603516
