data_preparation: 18.866008281707764
run_asmooth: 1.3007102012634277
compute_correlations: 211.71863651275635
compute_ExcessProfileEstimator: 211.02118802070618
