data_preparation: 18.017382860183716
run_asmooth: 1.3003299236297607
compute_correlations: 0.0971527099609375
compute_ExcessProfileEstimator: 0.0969703197479248
