data_preparation: 8.941312074661255
run_asmooth: 0.9139425754547119
compute_correlations: 0.05842113494873047
compute_ExcessProfileEstimator: 0.058861732482910156
