data_preparation: 8.663752555847168
run_asmooth: 0.8592619895935059
compute_correlations: 0.055278778076171875
compute_ExcessProfileEstimator: 0.05509352684020996
