data_preparation: 9.07381796836853
run_asmooth: 1.0380115509033203
compute_correlations: 0.06102800369262695
compute_ExcessProfileEstimator: 0.06238198280334473
