data_preparation: 9.024392127990723
run_asmooth: 0.9192030429840088
compute_correlations: 0.06042003631591797
compute_ExcessProfileEstimator: 0.060198068618774414
