data_preparation: 9.557576179504395
run_asmooth: 0.8520312309265137
compute_correlations: 0.061951637268066406
compute_ExcessProfileEstimator: 0.06089425086975098
