data_preparation: 9.086594104766846
run_asmooth: 1.047461986541748
compute_correlations: 0.06270313262939453
compute_ExcessProfileEstimator: 0.061415910720825195
