data_preparation: 17.975226640701294
run_asmooth: 1.549241304397583
compute_correlations: 0.09017205238342285
compute_ExcessProfileEstimator: 0.09359169006347656
