data_preparation: 9.145716667175293
run_asmooth: 0.9352507591247559
compute_correlations: 0.06070590019226074
compute_ExcessProfileEstimator: 0.06069350242614746
