data_preparation: 21.67711615562439
run_asmooth: 1.4796786308288574
compute_correlations: 0.10491752624511719
compute_ExcessProfileEstimator: 0.10269689559936523
