data_preparation: 9.028120756149292
run_asmooth: 0.9812633991241455
compute_correlations: 0.06291913986206055
compute_ExcessProfileEstimator: 0.14621782302856445
