data_preparation: 18.799185276031494
run_asmooth: 1.3631036281585693
compute_correlations: 0.10152435302734375
compute_ExcessProfileEstimator: 0.10172867774963379
