data_preparation: 21.561901569366455
run_asmooth: 1.7333078384399414
compute_correlations: 0.13138961791992188
compute_ExcessProfileEstimator: 0.12717461585998535
