data_preparation: 19.87242293357849
run_asmooth: 1.6630070209503174
compute_correlations: 0.11027789115905762
compute_ExcessProfileEstimator: 0.10987567901611328
