data_preparation: 17.78392767906189
run_asmooth: 1.252962589263916
compute_correlations: 0.07078075408935547
compute_ExcessProfileEstimator: 0.06859683990478516
