# Elapsed time   CPU (%)     Real (MB)   Virtual (MB)
       0.000        0.000        8.637       39.121
       0.503      201.700      121.281      584.488
       1.009      119.300      186.754      661.926
       1.511       99.400      274.145      858.180
       2.014       99.400      252.176      835.828
       2.517      101.400      268.629      853.039
       3.020       99.400      319.051      903.406
       3.522       99.400      298.473      882.496
       4.025       99.400      348.445      932.414
       4.528      101.400      312.379      896.180
       5.031       99.500      327.949      912.523
       5.534       99.500      340.074      924.473
       6.037       99.500      356.398      940.512
       6.539       99.500      361.895      942.793
