n_obs: 8
data_preparation: 12.17042851448059
writing: 1.3431329727172852
reading: 0.9737691879272461
data_fitting: 1.6060519218444824
flux_point: 4.429434537887573
