n_obs: 8
data_preparation: 12.46668291091919
writing: 0.6921350955963135
reading: 0.6779308319091797
data_fitting: 1.5978868007659912
flux_point: 3.587845802307129
