n_obs: 8
data_preparation: 12.291780948638916
writing: 0.7103064060211182
reading: 0.6860182285308838
data_fitting: 1.5887491703033447
flux_point: 3.626795768737793
