n_obs: 8
data_preparation: 12.61001706123352
writing: 0.702934741973877
reading: 0.6789989471435547
data_fitting: 1.624769926071167
flux_point: 3.638392448425293
