n_obs: 8
data_preparation: 12.560912609100342
writing: 0.696183443069458
reading: 0.688791036605835
data_fitting: 1.6080069541931152
flux_point: 3.7016475200653076
