n_obs: 8
data_preparation: 5.596599817276001
writing: 0.7103023529052734
reading: 0.7074313163757324
data_fitting: 1.6339380741119385
flux_point: 3.8822102546691895
