n_obs: 8
data_preparation: 12.023261785507202
writing: 1.3533589839935303
reading: 0.9916841983795166
data_fitting: 1.609147548675537
flux_point: 6.022995710372925
