n_obs: 8
data_preparation: 12.277451276779175
writing: 1.356036901473999
reading: 0.9860043525695801
data_fitting: 1.6124587059020996
flux_point: 6.096660137176514
