n_obs: 8
data_preparation: 12.38718867301941
writing: 0.6743192672729492
reading: 0.6828410625457764
data_fitting: 1.4949209690093994
flux_point: 3.671093702316284
