n_obs: 8
data_preparation: 12.795318841934204
writing: 0.7060954570770264
reading: 0.677027702331543
data_fitting: 1.5991277694702148
flux_point: 3.7893261909484863
