n_obs: 8
data_preparation: 12.629840612411499
writing: 0.7115695476531982
reading: 0.7086553573608398
data_fitting: 1.6082494258880615
flux_point: 3.654158115386963
