n_obs: 8
data_preparation: 12.684953451156616
writing: 1.4183268547058105
reading: 1.0306553840637207
data_fitting: 1.6558072566986084
flux_point: 6.137120246887207
