n_obs: 8
data_preparation: 5.652198553085327
writing: 0.5834274291992188
reading: 0.6599643230438232
data_fitting: 1.65476393699646
flux_point: 3.8650357723236084
