n_obs: 8
data_preparation: 12.64869236946106
writing: 0.724057674407959
reading: 0.7140519618988037
data_fitting: 1.6593177318572998
flux_point: 3.845899820327759
