n_obs: 8
data_preparation: 12.369444131851196
writing: 0.6854257583618164
reading: 0.6717324256896973
data_fitting: 1.562316656112671
flux_point: 3.7230050563812256
