n_obs: 8
data_preparation: 12.954036951065063
writing: 1.4080770015716553
reading: 0.9276793003082275
data_fitting: 1.4571154117584229
flux_point: 5.750795125961304
