n_obs: 8
data_preparation: 12.981812715530396
writing: 1.37215256690979
reading: 0.9945540428161621
data_fitting: 1.6057493686676025
flux_point: 4.541284561157227
