n_obs: 8
data_preparation: 12.410478115081787
writing: 0.6787035465240479
reading: 0.6656835079193115
data_fitting: 1.603991985321045
flux_point: 3.6048243045806885
