n_obs: 8
data_preparation: 5.567393064498901
writing: 0.6395394802093506
reading: 0.6497049331665039
data_fitting: 1.588059902191162
flux_point: 3.779597520828247
