n_obs: 8
data_preparation: 6.7984137535095215
writing: 0.5982263088226318
reading: 0.6621110439300537
data_fitting: 1.6105248928070068
flux_point: 3.90024733543396
