n_obs: 8
data_preparation: 12.908127784729004
writing: 1.486727237701416
reading: 1.0891849994659424
data_fitting: 1.703028917312622
flux_point: 6.342150926589966
