n_obs: 8
data_preparation: 12.135711669921875
writing: 1.3701379299163818
reading: 0.9984147548675537
data_fitting: 1.6389524936676025
flux_point: 6.16918158531189
