n_obs: 8
data_preparation: 12.542047500610352
writing: 1.384281873703003
reading: 1.0297036170959473
data_fitting: 1.6226377487182617
flux_point: 4.564834356307983
