n_obs: 8
data_preparation: 12.3220055103302
writing: 0.6774003505706787
reading: 0.684424638748169
data_fitting: 1.6055138111114502
flux_point: 3.754822254180908
