n_obs: 8
data_preparation: 14.153340339660645
writing: 1.2771165370941162
reading: 0.9197773933410645
data_fitting: 1.629826307296753
flux_point: 5.9139533042907715
