n_obs: 8
data_preparation: 12.219173192977905
writing: 0.6667311191558838
reading: 0.6705195903778076
data_fitting: 1.4901912212371826
flux_point: 3.6657185554504395
