n_obs: 8
data_preparation: 12.59390902519226
writing: 1.3615939617156982
reading: 0.991058349609375
data_fitting: 1.628556728363037
flux_point: 6.108694553375244
