n_obs: 8
data_preparation: 6.219367742538452
writing: 0.5927455425262451
reading: 0.6623656749725342
data_fitting: 1.6125879287719727
flux_point: 3.8701021671295166
