n_obs: 8
data_preparation: 12.62316107749939
writing: 0.6651623249053955
reading: 0.6810932159423828
data_fitting: 1.4936838150024414
flux_point: 3.7046561241149902
