n_obs: 8
data_preparation: 12.411802291870117
writing: 0.6820259094238281
reading: 0.6889886856079102
data_fitting: 1.5202677249908447
flux_point: 3.7268433570861816
