n_obs: 8
data_preparation: 5.829193830490112
writing: 0.5981602668762207
reading: 0.6756064891815186
data_fitting: 1.6228079795837402
flux_point: 3.874605655670166
