n_obs: 8
data_preparation: 14.95796012878418
writing: 1.297403335571289
reading: 0.9367659091949463
data_fitting: 1.6543824672698975
flux_point: 5.427870035171509
