n_obs: 8
data_preparation: 12.26062798500061
writing: 1.3474223613739014
reading: 0.9799821376800537
data_fitting: 1.6208446025848389
flux_point: 4.533137083053589
