n_obs: 8
data_preparation: 13.263339281082153
writing: 0.734670877456665
reading: 0.7268974781036377
data_fitting: 1.6865332126617432
flux_point: 3.9548163414001465
