n_obs: 8
data_preparation: 13.202508449554443
writing: 0.6885008811950684
reading: 0.675316333770752
data_fitting: 1.5929522514343262
flux_point: 3.768080711364746
