n_obs: 8
data_preparation: 12.66174602508545
writing: 1.4004976749420166
reading: 1.0338075160980225
data_fitting: 1.6640286445617676
flux_point: 6.1508355140686035
