n_obs: 8
data_preparation: 16.030272722244263
writing: 0.6491000652313232
reading: 0.6637351512908936
data_fitting: 1.5746982097625732
flux_point: 3.370060920715332
