n_obs: 8
data_preparation: 12.520379781723022
writing: 1.380725622177124
reading: 0.993847131729126
data_fitting: 1.628584384918213
flux_point: 6.157305955886841
