n_obs: 8
data_preparation: 5.684326410293579
writing: 0.578582763671875
reading: 0.6480169296264648
data_fitting: 1.5909526348114014
flux_point: 3.798760414123535
