n_obs: 8
data_preparation: 12.779943704605103
writing: 1.263592004776001
reading: 0.9186253547668457
data_fitting: 1.4294989109039307
flux_point: 5.6075544357299805
