n_obs: 8
data_preparation: 12.261667490005493
writing: 0.6645045280456543
reading: 0.6740450859069824
data_fitting: 1.4846649169921875
flux_point: 3.6776468753814697
