n_obs: 8
data_preparation: 12.061149597167969
writing: 1.3781273365020752
reading: 0.9968359470367432
data_fitting: 1.6287312507629395
flux_point: 6.155941009521484
