n_obs: 8
data_preparation: 12.440809726715088
writing: 1.3575232028961182
reading: 0.989678144454956
data_fitting: 1.6087300777435303
flux_point: 4.511481761932373
