n_obs: 8
data_preparation: 12.334722757339478
writing: 0.6811008453369141
reading: 0.6663558483123779
data_fitting: 1.5784199237823486
flux_point: 3.7345709800720215
