n_obs: 8
data_preparation: 12.689387559890747
writing: 0.7126164436340332
reading: 0.6884019374847412
data_fitting: 1.593543291091919
flux_point: 3.6532959938049316
