n_obs: 8
data_preparation: 12.229057312011719
writing: 0.6802778244018555
reading: 0.6657721996307373
data_fitting: 1.5937473773956299
flux_point: 3.7361462116241455
