n_obs: 8
data_preparation: 12.221729040145874
writing: 0.7035660743713379
reading: 0.6756198406219482
data_fitting: 1.5706281661987305
flux_point: 3.670299768447876
