n_obs: 8
data_preparation: 12.854534387588501
writing: 0.7151236534118652
reading: 0.6937527656555176
data_fitting: 1.5963289737701416
flux_point: 3.8161609172821045
