n_obs: 8
data_preparation: 12.698191165924072
writing: 1.2303051948547363
reading: 0.9028549194335938
data_fitting: 1.3871238231658936
flux_point: 5.5277955532073975
