n_obs: 8
data_preparation: 12.53539776802063
writing: 0.704869270324707
reading: 0.707085371017456
data_fitting: 1.6094517707824707
flux_point: 3.6623733043670654
