n_obs: 8
data_preparation: 12.464219331741333
writing: 0.65840744972229
reading: 0.6658115386962891
data_fitting: 1.6162199974060059
flux_point: 3.688537359237671
