n_obs: 8
data_preparation: 12.34243392944336
writing: 0.6955971717834473
reading: 0.6773293018341064
data_fitting: 1.5950322151184082
flux_point: 3.770942211151123
