n_obs: 8
data_preparation: 12.073707342147827
writing: 0.6802821159362793
reading: 0.6751127243041992
data_fitting: 1.6250319480895996
flux_point: 3.6995983123779297
