n_obs: 8
data_preparation: 12.535178899765015
writing: 0.6938984394073486
reading: 0.6923336982727051
data_fitting: 1.636476993560791
flux_point: 3.8317649364471436
