n_obs: 8
data_preparation: 12.19508695602417
writing: 0.6765716075897217
reading: 0.6737058162689209
data_fitting: 1.5869481563568115
flux_point: 3.604788303375244
