n_obs: 8
data_preparation: 12.607043743133545
writing: 0.697821855545044
reading: 0.6771905422210693
data_fitting: 1.598130226135254
flux_point: 3.7782230377197266
