n_obs: 8
data_preparation: 14.797064065933228
writing: 0.6154098510742188
reading: 0.6216740608215332
data_fitting: 1.3886101245880127
flux_point: 3.1810412406921387
