n_obs: 8
data_preparation: 5.879528045654297
writing: 0.6037585735321045
reading: 0.6880884170532227
data_fitting: 1.6533176898956299
flux_point: 3.8539772033691406
