n_obs: 8
data_preparation: 14.681026935577393
writing: 0.6303806304931641
reading: 0.6219468116760254
data_fitting: 1.483186960220337
flux_point: 3.282198190689087
