n_obs: 8
data_preparation: 12.412395000457764
writing: 0.6848609447479248
reading: 0.6659889221191406
data_fitting: 1.553826093673706
flux_point: 3.6940011978149414
