n_obs: 8
data_preparation: 17.27900505065918
writing: 0.6236472129821777
reading: 0.6209597587585449
data_fitting: 1.4745614528656006
flux_point: 3.322279691696167
