n_obs: 8
data_preparation: 12.263233661651611
writing: 1.3733203411102295
reading: 0.9947390556335449
data_fitting: 1.6342074871063232
flux_point: 6.092847108840942
