n_obs: 8
data_preparation: 5.897530555725098
writing: 0.6050882339477539
reading: 0.6803312301635742
data_fitting: 1.6293280124664307
flux_point: 3.913506031036377
