n_obs: 8
data_preparation: 5.769996881484985
writing: 0.6959648132324219
reading: 0.6794288158416748
data_fitting: 1.6188578605651855
flux_point: 3.7801573276519775
