n_obs: 8
data_preparation: 12.013279676437378
writing: 1.3634815216064453
reading: 0.9843060970306396
data_fitting: 1.5905015468597412
flux_point: 6.001248598098755
