n_obs: 8
data_preparation: 12.474830150604248
writing: 0.68337082862854
reading: 0.6814732551574707
data_fitting: 1.5823187828063965
flux_point: 3.613276720046997
