n_obs: 8
data_preparation: 12.421217203140259
writing: 0.6672964096069336
reading: 0.6633572578430176
data_fitting: 1.5918612480163574
flux_point: 3.7564303874969482
