n_obs: 8
data_preparation: 12.447847127914429
writing: 0.6801831722259521
reading: 0.6715166568756104
data_fitting: 1.5771105289459229
flux_point: 3.602315664291382
