n_obs: 8
data_preparation: 6.054046154022217
writing: 0.6361193656921387
reading: 0.7186040878295898
data_fitting: 1.7185776233673096
flux_point: 4.087508201599121
