n_obs: 8
data_preparation: 12.449341058731079
writing: 0.6602051258087158
reading: 0.6869635581970215
data_fitting: 1.503366231918335
flux_point: 3.7040348052978516
