n_obs: 8
data_preparation: 13.06628680229187
writing: 0.7313730716705322
reading: 0.7285046577453613
data_fitting: 1.6588006019592285
flux_point: 3.832589626312256
