n_obs: 8
data_preparation: 12.510433673858643
writing: 0.6957886219024658
reading: 0.6756095886230469
data_fitting: 1.5959153175354004
flux_point: 3.7577924728393555
