n_obs: 8
data_preparation: 12.205931425094604
writing: 1.3549582958221436
reading: 0.9749846458435059
data_fitting: 1.584965705871582
flux_point: 4.500496864318848
