n_obs: 8
data_preparation: 12.486419916152954
writing: 0.6782901287078857
reading: 0.6793704032897949
data_fitting: 1.5694069862365723
flux_point: 3.576173782348633
