n_obs: 8
data_preparation: 12.473644256591797
writing: 1.608837366104126
reading: 1.0574753284454346
data_fitting: 1.7296550273895264
flux_point: 6.3279500007629395
