n_obs: 8
data_preparation: 12.163819551467896
writing: 1.3333420753479004
reading: 0.9723720550537109
data_fitting: 1.5924804210662842
flux_point: 4.457133054733276
