n_obs: 8
data_preparation: 12.16017198562622
writing: 0.6768791675567627
reading: 0.6794998645782471
data_fitting: 1.6395673751831055
flux_point: 3.737957715988159
