n_obs: 8
data_preparation: 12.63729214668274
writing: 0.6397771835327148
reading: 0.6855475902557373
data_fitting: 1.5819013118743896
flux_point: 3.579448699951172
