n_obs: 8
data_preparation: 12.381640434265137
writing: 0.6799466609954834
reading: 0.6853182315826416
data_fitting: 1.592378854751587
flux_point: 3.6437177658081055
