n_obs: 8
data_preparation: 12.09369683265686
writing: 1.3201019763946533
reading: 0.9591500759124756
data_fitting: 1.584411859512329
flux_point: 4.388524532318115
