n_obs: 8
data_preparation: 13.030940294265747
writing: 0.7044832706451416
reading: 0.6884264945983887
data_fitting: 1.5914020538330078
flux_point: 3.8011069297790527
