n_obs: 8
data_preparation: 12.514246702194214
writing: 0.6982510089874268
reading: 0.6872620582580566
data_fitting: 1.5976269245147705
flux_point: 3.6167876720428467
