n_obs: 8
data_preparation: 12.282400846481323
writing: 0.6867797374725342
reading: 0.6948981285095215
data_fitting: 1.5089247226715088
flux_point: 3.742206335067749
