n_obs: 8
data_preparation: 12.50937819480896
writing: 0.6849849224090576
reading: 0.6811556816101074
data_fitting: 1.482651948928833
flux_point: 3.7061753273010254
