n_obs: 8
data_preparation: 12.403459072113037
writing: 1.390453815460205
reading: 1.012601613998413
data_fitting: 1.6199676990509033
flux_point: 4.545936107635498
