n_obs: 8
data_preparation: 12.269975185394287
writing: 0.6854662895202637
reading: 0.6717815399169922
data_fitting: 1.6306555271148682
flux_point: 3.700392007827759
