n_obs: 8
data_preparation: 12.831178426742554
writing: 1.2465693950653076
reading: 0.9094810485839844
data_fitting: 1.3876969814300537
flux_point: 5.547729730606079
