n_obs: 8
data_preparation: 13.009461641311646
writing: 1.4133939743041992
reading: 1.0302295684814453
data_fitting: 1.6344242095947266
flux_point: 6.226217746734619
