n_obs: 8
data_preparation: 12.087090015411377
writing: 0.691464900970459
reading: 0.6872484683990479
data_fitting: 1.6067743301391602
flux_point: 3.607464075088501
