n_obs: 8
data_preparation: 12.290071725845337
writing: 0.712853193283081
reading: 0.6847841739654541
data_fitting: 1.610654592514038
flux_point: 3.6578822135925293
