n_obs: 8
data_preparation: 11.778914213180542
writing: 0.650022029876709
reading: 0.6201026439666748
data_fitting: 1.519918441772461
flux_point: 3.5469613075256348
