n_obs: 8
data_preparation: 6.9314069747924805
writing: 0.588031530380249
reading: 0.6641964912414551
data_fitting: 1.5882952213287354
flux_point: 3.8583898544311523
