n_obs: 8
data_preparation: 5.426915407180786
writing: 0.7323789596557617
reading: 0.7060668468475342
data_fitting: 1.6309165954589844
flux_point: 3.8507580757141113
