n_obs: 8
data_preparation: 12.077184677124023
writing: 0.6720786094665527
reading: 0.6737167835235596
data_fitting: 1.4994051456451416
flux_point: 3.667630434036255
