n_obs: 8
data_preparation: 12.599573373794556
writing: 0.690176248550415
reading: 0.6795430183410645
data_fitting: 1.6035819053649902
flux_point: 3.8298280239105225
