n_obs: 8
data_preparation: 12.325249910354614
writing: 0.685894250869751
reading: 0.6755340099334717
data_fitting: 1.6297965049743652
flux_point: 3.7700412273406982
