n_obs: 8
data_preparation: 12.298640727996826
writing: 1.372117042541504
reading: 1.013845443725586
data_fitting: 1.602102518081665
flux_point: 4.55247163772583
