n_obs: 8
data_preparation: 12.445072174072266
writing: 0.6844816207885742
reading: 0.7197237014770508
data_fitting: 1.5251266956329346
flux_point: 3.7417819499969482
