n_obs: 8
data_preparation: 5.745394706726074
writing: 0.5907876491546631
reading: 0.6660487651824951
data_fitting: 1.6351652145385742
flux_point: 3.8698301315307617
