n_obs: 8
data_preparation: 12.226292848587036
writing: 0.6687619686126709
reading: 0.6827609539031982
data_fitting: 1.5099403858184814
flux_point: 3.7720484733581543
