n_obs: 8
data_preparation: 12.456024646759033
writing: 1.424332618713379
reading: 1.0594902038574219
data_fitting: 1.685807466506958
flux_point: 6.245528697967529
