n_obs: 8
data_preparation: 5.684176206588745
writing: 0.6564538478851318
reading: 0.6721277236938477
data_fitting: 1.618814468383789
flux_point: 3.8414132595062256
