n_obs: 8
data_preparation: 12.420768976211548
writing: 0.685333251953125
reading: 0.6679232120513916
data_fitting: 1.6049468517303467
flux_point: 3.67771053314209
