n_obs: 8
data_preparation: 12.49725890159607
writing: 1.6010065078735352
reading: 1.0427765846252441
data_fitting: 1.663041591644287
flux_point: 6.25050687789917
