n_obs: 8
data_preparation: 12.64504599571228
writing: 0.7094652652740479
reading: 0.7136242389678955
data_fitting: 1.5239841938018799
flux_point: 3.739330768585205
