n_obs: 8
data_preparation: 5.900948762893677
writing: 0.6801607608795166
reading: 0.6870918273925781
data_fitting: 1.6345436573028564
flux_point: 3.909818172454834
