n_obs: 8
data_preparation: 12.636079549789429
writing: 1.2101378440856934
reading: 0.8916599750518799
data_fitting: 1.3653218746185303
flux_point: 5.433725595474243
