n_obs: 8
data_preparation: 12.51954436302185
writing: 1.4592299461364746
reading: 1.041421890258789
data_fitting: 1.6984553337097168
flux_point: 6.350687742233276
