n_obs: 8
data_preparation: 6.795210838317871
writing: 0.596982479095459
reading: 0.672377347946167
data_fitting: 1.6283202171325684
flux_point: 3.884762763977051
