n_obs: 8
data_preparation: 12.513312816619873
writing: 1.3860204219818115
reading: 0.9982602596282959
data_fitting: 1.6003386974334717
flux_point: 4.482823610305786
