n_obs: 8
data_preparation: 13.333996057510376
writing: 1.2649376392364502
reading: 0.9276492595672607
data_fitting: 1.4321577548980713
flux_point: 5.687528610229492
