n_obs: 8
data_preparation: 5.832491636276245
writing: 0.6034445762634277
reading: 0.6746816635131836
data_fitting: 1.6070010662078857
flux_point: 3.8460192680358887
