n_obs: 8
data_preparation: 5.629284858703613
writing: 0.7401242256164551
reading: 0.7152893543243408
data_fitting: 1.6512186527252197
flux_point: 3.86714506149292
