n_obs: 8
data_preparation: 15.117595911026001
writing: 0.6477148532867432
reading: 0.6627798080444336
data_fitting: 1.527237892150879
flux_point: 3.330073833465576
