n_obs: 8
data_preparation: 5.779846668243408
writing: 0.5933947563171387
reading: 0.6739766597747803
data_fitting: 1.6050193309783936
flux_point: 3.7745232582092285
