n_obs: 8
data_preparation: 13.526209115982056
writing: 1.5881657600402832
reading: 1.1619696617126465
data_fitting: 1.8200829029083252
flux_point: 6.795950174331665
