n_obs: 8
data_preparation: 12.504844427108765
writing: 0.549309492111206
reading: 0.616117000579834
data_fitting: 1.303884506225586
flux_point: 2.9652023315429688
