n_obs: 8
data_preparation: 12.480985164642334
writing: 1.540790319442749
reading: 1.016157627105713
data_fitting: 1.6850104331970215
flux_point: 6.285739898681641
