n_obs: 8
data_preparation: 5.542567014694214
writing: 0.7085325717926025
reading: 0.6934027671813965
data_fitting: 1.6085553169250488
flux_point: 3.7747044563293457
