n_obs: 8
data_preparation: 12.77197003364563
writing: 0.7161588668823242
reading: 0.7066018581390381
data_fitting: 1.6079325675964355
flux_point: 3.6686179637908936
