n_obs: 8
data_preparation: 13.079728126525879
writing: 1.4328806400299072
reading: 1.0553536415100098
data_fitting: 1.6672756671905518
flux_point: 6.295024871826172
