n_obs: 8
data_preparation: 15.367412567138672
writing: 0.653923511505127
reading: 0.6629199981689453
data_fitting: 1.5560600757598877
flux_point: 3.359466552734375
