n_obs: 8
data_preparation: 12.757388591766357
writing: 0.6625440120697021
reading: 0.6790621280670166
data_fitting: 1.4770874977111816
flux_point: 3.628664255142212
