n_obs: 8
data_preparation: 12.377753019332886
writing: 0.684295654296875
reading: 0.6688158512115479
data_fitting: 1.60903000831604
flux_point: 3.7636125087738037
