n_obs: 8
data_preparation: 16.56172227859497
writing: 0.6682469844818115
reading: 0.6882143020629883
data_fitting: 1.5654845237731934
flux_point: 3.3473470211029053
