n_obs: 8
data_preparation: 12.316052913665771
writing: 1.3835115432739258
reading: 1.0084333419799805
data_fitting: 1.6455178260803223
flux_point: 6.219390392303467
