n_obs: 8
data_preparation: 15.590755462646484
writing: 1.2663016319274902
reading: 0.9092626571655273
data_fitting: 1.6660065650939941
flux_point: 5.476088047027588
