n_obs: 8
data_preparation: 12.352329969406128
writing: 0.6825027465820312
reading: 0.6840882301330566
data_fitting: 1.6061170101165771
flux_point: 3.700187921524048
