n_obs: 8
data_preparation: 12.48905086517334
writing: 1.382223129272461
reading: 1.0024948120117188
data_fitting: 1.6050827503204346
flux_point: 4.58184552192688
