n_obs: 8
data_preparation: 12.475550174713135
writing: 1.4121806621551514
reading: 1.0617785453796387
data_fitting: 1.6774888038635254
flux_point: 6.2960309982299805
