n_obs: 8
data_preparation: 12.498795747756958
writing: 0.698296308517456
reading: 0.6824123859405518
data_fitting: 1.610079050064087
flux_point: 3.623683214187622
