n_obs: 8
data_preparation: 12.26415205001831
writing: 0.7034368515014648
reading: 0.6845736503601074
data_fitting: 1.5806679725646973
flux_point: 3.5937294960021973
