n_obs: 8
data_preparation: 12.392177104949951
writing: 0.6919450759887695
reading: 0.676081657409668
data_fitting: 1.584526538848877
flux_point: 3.635695219039917
