n_obs: 8
data_preparation: 12.499949216842651
writing: 0.6876294612884521
reading: 0.6894321441650391
data_fitting: 1.6080400943756104
flux_point: 3.737562417984009
