n_obs: 8
data_preparation: 12.548216581344604
writing: 0.6858320236206055
reading: 0.6926608085632324
data_fitting: 1.5000362396240234
flux_point: 3.7158732414245605
