n_obs: 8
data_preparation: 12.386734247207642
writing: 0.6648895740509033
reading: 0.6700170040130615
data_fitting: 1.4966785907745361
flux_point: 3.6722161769866943
