n_obs: 8
data_preparation: 12.405970096588135
writing: 0.7023444175720215
reading: 0.6839494705200195
data_fitting: 1.5611438751220703
flux_point: 3.57220458984375
