n_obs: 8
data_preparation: 12.306917428970337
writing: 1.3460493087768555
reading: 0.9871866703033447
data_fitting: 1.6287062168121338
flux_point: 4.580575942993164
