n_obs: 8
data_preparation: 5.7067155838012695
writing: 0.6420598030090332
reading: 0.6507682800292969
data_fitting: 1.6138083934783936
flux_point: 3.772463321685791
