n_obs: 8
data_preparation: 14.898643970489502
writing: 0.5768344402313232
reading: 0.6480000019073486
data_fitting: 1.5597493648529053
flux_point: 3.1932766437530518
