n_obs: 8
data_preparation: 12.882298469543457
writing: 1.2442576885223389
reading: 0.9091136455535889
data_fitting: 1.412302017211914
flux_point: 5.570698261260986
