n_obs: 8
data_preparation: 12.372756958007812
writing: 0.6828629970550537
reading: 0.6716403961181641
data_fitting: 1.5819683074951172
flux_point: 3.7346107959747314
