n_obs: 8
data_preparation: 5.697307109832764
writing: 0.6467897891998291
reading: 0.6533620357513428
data_fitting: 1.5980875492095947
flux_point: 3.810119390487671
