n_obs: 8
data_preparation: 12.229664087295532
writing: 1.4083876609802246
reading: 0.9998838901519775
data_fitting: 1.6215567588806152
flux_point: 6.091580629348755
