n_obs: 8
data_preparation: 12.78533148765564
writing: 0.6810030937194824
reading: 0.6636717319488525
data_fitting: 1.5423028469085693
flux_point: 3.680068016052246
