n_obs: 8
data_preparation: 12.30381965637207
writing: 1.3782813549041748
reading: 1.0043153762817383
data_fitting: 1.6597559452056885
flux_point: 6.134934902191162
