n_obs: 8
data_preparation: 12.882718801498413
writing: 1.255465030670166
reading: 0.9275906085968018
data_fitting: 1.4217324256896973
flux_point: 5.620940923690796
