n_obs: 8
data_preparation: 12.034748315811157
writing: 1.3475637435913086
reading: 0.9795873165130615
data_fitting: 1.6011207103729248
flux_point: 6.01332688331604
