n_obs: 8
data_preparation: 12.499055624008179
writing: 0.694481372833252
reading: 0.6776318550109863
data_fitting: 1.5812983512878418
flux_point: 3.745086431503296
