n_obs: 8
data_preparation: 12.388203382492065
writing: 0.707176685333252
reading: 0.6824274063110352
data_fitting: 1.6320595741271973
flux_point: 3.7376060485839844
