n_obs: 8
data_preparation: 5.747009038925171
writing: 0.5936703681945801
reading: 0.6660137176513672
data_fitting: 1.624070405960083
flux_point: 3.8280789852142334
