n_obs: 8
data_preparation: 12.299834728240967
writing: 0.6980876922607422
reading: 0.6946699619293213
data_fitting: 1.5941267013549805
flux_point: 3.5833730697631836
