n_obs: 8
data_preparation: 6.457086801528931
writing: 0.6129686832427979
reading: 0.6893773078918457
data_fitting: 1.6202311515808105
flux_point: 3.905647039413452
