n_obs: 8
data_preparation: 5.711114406585693
writing: 0.6611969470977783
reading: 0.6775660514831543
data_fitting: 1.6346800327301025
flux_point: 3.8362250328063965
