n_obs: 8
data_preparation: 12.318734645843506
writing: 0.6841902732849121
reading: 0.6881091594696045
data_fitting: 1.5095908641815186
flux_point: 3.7430758476257324
