n_obs: 8
data_preparation: 12.903570413589478
writing: 1.4288067817687988
reading: 1.0546131134033203
data_fitting: 1.6667261123657227
flux_point: 4.590726613998413
