n_obs: 8
data_preparation: 12.503669023513794
writing: 0.6986417770385742
reading: 0.6858689785003662
data_fitting: 1.6244637966156006
flux_point: 3.6172561645507812
