n_obs: 8
data_preparation: 12.544782400131226
writing: 1.420673131942749
reading: 1.0140669345855713
data_fitting: 1.664921522140503
flux_point: 6.2499730587005615
