n_obs: 8
data_preparation: 12.471121788024902
writing: 0.6866762638092041
reading: 0.6824491024017334
data_fitting: 1.5943381786346436
flux_point: 3.662259578704834
