n_obs: 8
data_preparation: 12.125436544418335
writing: 0.6647417545318604
reading: 0.6664896011352539
data_fitting: 1.4933767318725586
flux_point: 3.7026283740997314
