n_obs: 8
data_preparation: 5.8086488246917725
writing: 0.5897095203399658
reading: 0.669543981552124
data_fitting: 1.6291019916534424
flux_point: 3.8765454292297363
