n_obs: 8
data_preparation: 12.209711074829102
writing: 1.358149528503418
reading: 0.9823207855224609
data_fitting: 1.625126838684082
flux_point: 6.08205771446228
