n_obs: 8
data_preparation: 12.394795417785645
writing: 1.451554298400879
reading: 1.0437731742858887
data_fitting: 1.6970458030700684
flux_point: 6.319488763809204
