n_obs: 8
data_preparation: 12.389745473861694
writing: 1.381958246231079
reading: 0.9907846450805664
data_fitting: 1.6250591278076172
flux_point: 4.5454933643341064
