n_obs: 8
data_preparation: 12.328503847122192
writing: 0.684044361114502
reading: 0.6794517040252686
data_fitting: 1.5801022052764893
flux_point: 3.7282352447509766
