n_obs: 8
data_preparation: 12.454237937927246
writing: 0.6879894733428955
reading: 0.6828911304473877
data_fitting: 1.609757661819458
flux_point: 3.636399745941162
