n_obs: 8
data_preparation: 12.652693510055542
writing: 0.6698904037475586
reading: 0.6715996265411377
data_fitting: 1.6222727298736572
flux_point: 3.76826548576355
