n_obs: 8
data_preparation: 12.760342597961426
writing: 0.692854642868042
reading: 0.6795604228973389
data_fitting: 1.6106746196746826
flux_point: 3.6283092498779297
