n_obs: 8
data_preparation: 12.511186361312866
writing: 0.6792781352996826
reading: 0.653090238571167
data_fitting: 1.5483794212341309
flux_point: 3.5509133338928223
