n_obs: 8
data_preparation: 12.766355037689209
writing: 0.7008905410766602
reading: 0.68845534324646
data_fitting: 1.5851190090179443
flux_point: 3.6045918464660645
