n_obs: 8
data_preparation: 14.53175401687622
writing: 1.3123273849487305
reading: 0.941906213760376
data_fitting: 1.6687195301055908
flux_point: 5.342252254486084
