n_obs: 8
data_preparation: 12.408237934112549
writing: 0.6660623550415039
reading: 0.6803386211395264
data_fitting: 1.5176708698272705
flux_point: 3.751466989517212
