n_obs: 8
data_preparation: 5.830820322036743
writing: 0.6022143363952637
reading: 0.6841881275177002
data_fitting: 1.6178631782531738
flux_point: 3.8275933265686035
