n_obs: 8
data_preparation: 12.597437858581543
writing: 0.7094402313232422
reading: 0.7099497318267822
data_fitting: 1.534398078918457
flux_point: 3.805736541748047
