n_obs: 8
data_preparation: 12.623806953430176
writing: 0.6598234176635742
reading: 0.6513473987579346
data_fitting: 1.558805227279663
flux_point: 3.659480571746826
