n_obs: 8
data_preparation: 12.618062496185303
writing: 0.6965560913085938
reading: 0.6874654293060303
data_fitting: 1.6298792362213135
flux_point: 3.7489044666290283
