n_obs: 8
data_preparation: 12.955518245697021
writing: 1.2555665969848633
reading: 0.899395227432251
data_fitting: 1.3644704818725586
flux_point: 5.48265266418457
