n_obs: 8
data_preparation: 12.638587951660156
writing: 0.6701462268829346
reading: 0.6625957489013672
data_fitting: 1.5877466201782227
flux_point: 3.740001916885376
