n_obs: 8
data_preparation: 5.738224267959595
writing: 0.6691088676452637
reading: 0.6694550514221191
data_fitting: 1.638396978378296
flux_point: 3.9016411304473877
