n_obs: 8
data_preparation: 12.757694959640503
writing: 0.7103488445281982
reading: 0.70969557762146
data_fitting: 1.6164662837982178
flux_point: 3.652027130126953
