n_obs: 8
data_preparation: 12.26711916923523
writing: 1.331439733505249
reading: 0.963097095489502
data_fitting: 1.5602474212646484
flux_point: 4.408538341522217
