n_obs: 8
data_preparation: 12.603410959243774
writing: 1.2095496654510498
reading: 0.8903989791870117
data_fitting: 1.3658652305603027
flux_point: 4.051502227783203
