n_obs: 8
data_preparation: 12.267727851867676
writing: 0.6747462749481201
reading: 0.661186933517456
data_fitting: 1.5777151584625244
flux_point: 3.7536046504974365
