n_obs: 8
data_preparation: 14.970023393630981
writing: 1.3414745330810547
reading: 0.9470431804656982
data_fitting: 1.7068507671356201
flux_point: 5.552150726318359
