n_obs: 8
data_preparation: 5.6628172397613525
writing: 0.6591958999633789
reading: 0.6679990291595459
data_fitting: 1.6375536918640137
flux_point: 3.8669090270996094
