n_obs: 8
data_preparation: 5.689847946166992
writing: 0.7279460430145264
reading: 0.7111160755157471
data_fitting: 1.6329162120819092
flux_point: 3.887399435043335
