n_obs: 8
data_preparation: 12.351025342941284
writing: 1.371124505996704
reading: 1.009709119796753
data_fitting: 1.6354434490203857
flux_point: 4.57862663269043
