n_obs: 8
data_preparation: 12.504248142242432
writing: 0.6794965267181396
reading: 0.6845872402191162
data_fitting: 1.523399829864502
flux_point: 3.729776620864868
