n_obs: 8
data_preparation: 12.345629215240479
writing: 0.6899762153625488
reading: 0.6793997287750244
data_fitting: 1.6080541610717773
flux_point: 3.7568588256835938
