n_obs: 8
data_preparation: 6.1478681564331055
writing: 0.6491031646728516
reading: 0.7164192199707031
data_fitting: 1.7048163414001465
flux_point: 4.03810453414917
