n_obs: 8
data_preparation: 12.851823806762695
writing: 0.713787317276001
reading: 0.7208309173583984
data_fitting: 1.6142961978912354
flux_point: 3.6459732055664062
