n_obs: 8
data_preparation: 12.431457996368408
writing: 0.696333646774292
reading: 0.6884036064147949
data_fitting: 1.6314423084259033
flux_point: 3.8110413551330566
