n_obs: 8
data_preparation: 14.886144161224365
writing: 1.287837266921997
reading: 0.941443681716919
data_fitting: 1.5678603649139404
flux_point: 5.772531270980835
