n_obs: 8
data_preparation: 12.278557777404785
writing: 0.6802048683166504
reading: 0.675570011138916
data_fitting: 1.6023907661437988
flux_point: 3.6181671619415283
