n_obs: 8
data_preparation: 12.347705602645874
writing: 0.6866114139556885
reading: 0.6745007038116455
data_fitting: 1.5063199996948242
flux_point: 3.7498395442962646
