n_obs: 8
data_preparation: 12.731467962265015
writing: 1.3666870594024658
reading: 1.0036463737487793
data_fitting: 1.6246623992919922
flux_point: 6.144761085510254
