n_obs: 8
data_preparation: 12.33490800857544
writing: 0.7063782215118408
reading: 0.6945059299468994
data_fitting: 1.4965026378631592
flux_point: 3.7479894161224365
