n_obs: 8
data_preparation: 12.783588171005249
writing: 0.7068750858306885
reading: 0.70406174659729
data_fitting: 1.656449794769287
flux_point: 3.7895216941833496
