n_obs: 8
data_preparation: 15.428587675094604
writing: 1.3383102416992188
reading: 0.9818742275238037
data_fitting: 1.7007334232330322
flux_point: 5.474946975708008
