n_obs: 8
data_preparation: 12.379851579666138
writing: 0.6719315052032471
reading: 0.6749577522277832
data_fitting: 1.4947853088378906
flux_point: 3.683319330215454
