n_obs: 8
data_preparation: 14.401479244232178
writing: 1.26350998878479
reading: 0.9033143520355225
data_fitting: 1.5406508445739746
flux_point: 5.302850961685181
