n_obs: 8
data_preparation: 12.478568077087402
writing: 0.7029716968536377
reading: 0.6817429065704346
data_fitting: 1.5877723693847656
flux_point: 3.7490410804748535
