n_obs: 8
data_preparation: 13.019307851791382
writing: 0.7265346050262451
reading: 0.7241079807281494
data_fitting: 1.7024867534637451
flux_point: 3.9435582160949707
