n_obs: 8
data_preparation: 12.373177289962769
writing: 0.6827075481414795
reading: 0.6762757301330566
data_fitting: 1.6221330165863037
flux_point: 3.772740364074707
