n_obs: 8
data_preparation: 12.635919332504272
writing: 1.2530591487884521
reading: 0.9187872409820557
data_fitting: 1.444504976272583
flux_point: 5.709702014923096
