n_obs: 8
data_preparation: 14.442500114440918
writing: 1.2615034580230713
reading: 0.9142498970031738
data_fitting: 1.5700571537017822
flux_point: 5.393966913223267
