n_obs: 8
data_preparation: 12.452274799346924
writing: 0.7019600868225098
reading: 0.7171773910522461
data_fitting: 1.6207976341247559
flux_point: 3.8086771965026855
