n_obs: 8
data_preparation: 12.356750726699829
writing: 0.6813201904296875
reading: 0.6781442165374756
data_fitting: 1.6940059661865234
flux_point: 3.9143598079681396
