n_obs: 8
data_preparation: 12.495134592056274
writing: 0.6841518878936768
reading: 0.6877057552337646
data_fitting: 1.6299514770507812
flux_point: 3.758662700653076
