n_obs: 8
data_preparation: 19.048216342926025
writing: 0.6883242130279541
reading: 0.6740052700042725
data_fitting: 1.6143279075622559
flux_point: 3.511300563812256
