n_obs: 8
data_preparation: 12.593380451202393
writing: 1.4088306427001953
reading: 1.0507078170776367
data_fitting: 1.6819357872009277
flux_point: 6.269981145858765
