n_obs: 8
data_preparation: 12.794737339019775
writing: 1.2115364074707031
reading: 0.8996095657348633
data_fitting: 1.377661943435669
flux_point: 5.584081411361694
