n_obs: 8
data_preparation: 12.35947036743164
writing: 0.7034125328063965
reading: 0.6956470012664795
data_fitting: 1.622023582458496
flux_point: 3.684823989868164
