n_obs: 8
data_preparation: 12.459159135818481
writing: 1.3829309940338135
reading: 0.9891357421875
data_fitting: 1.6457276344299316
flux_point: 4.58827805519104
