n_obs: 8
data_preparation: 12.549047470092773
writing: 0.6912617683410645
reading: 0.6783585548400879
data_fitting: 1.5998642444610596
flux_point: 3.6541647911071777
