n_obs: 8
data_preparation: 12.382469892501831
writing: 1.5745723247528076
reading: 1.0275678634643555
data_fitting: 1.6859242916107178
flux_point: 6.208039045333862
