n_obs: 8
data_preparation: 12.69368314743042
writing: 1.2285442352294922
reading: 0.8992729187011719
data_fitting: 1.3954687118530273
flux_point: 5.577494144439697
