n_obs: 8
data_preparation: 12.852904796600342
writing: 0.6914777755737305
reading: 0.6871180534362793
data_fitting: 1.6346428394317627
flux_point: 3.862799644470215
