n_obs: 8
data_preparation: 12.463807821273804
writing: 1.553518295288086
reading: 1.0412559509277344
data_fitting: 1.706817388534546
flux_point: 6.3174707889556885
