n_obs: 8
data_preparation: 12.336783647537231
writing: 0.6887702941894531
reading: 0.6982667446136475
data_fitting: 1.6171224117279053
flux_point: 3.6709742546081543
