n_obs: 8
data_preparation: 12.436718463897705
writing: 0.6764826774597168
reading: 0.673870325088501
data_fitting: 1.5776536464691162
flux_point: 3.7171342372894287
