n_obs: 8
data_preparation: 12.624252319335938
writing: 0.6843032836914062
reading: 0.6849708557128906
data_fitting: 1.5007295608520508
flux_point: 3.759477138519287
