n_obs: 8
data_preparation: 12.243051290512085
writing: 1.3565423488616943
reading: 0.9763655662536621
data_fitting: 1.6086022853851318
flux_point: 6.000307559967041
