n_obs: 8
data_preparation: 10.142320394515991
writing: 0.9327330589294434
reading: 0.6928694248199463
data_fitting: 1.0404572486877441
flux_point: 3.920872449874878
