n_obs: 8
data_preparation: 13.274510145187378
writing: 1.2829899787902832
reading: 0.9564204216003418
data_fitting: 1.4413588047027588
flux_point: 5.711604595184326
