n_obs: 8
data_preparation: 12.226512432098389
writing: 0.6678605079650879
reading: 0.6681065559387207
data_fitting: 1.6366989612579346
flux_point: 3.7386677265167236
