n_obs: 8
data_preparation: 12.243308305740356
writing: 0.6646668910980225
reading: 0.6661937236785889
data_fitting: 1.6373860836029053
flux_point: 3.729886531829834
