n_obs: 8
data_preparation: 14.858271837234497
writing: 1.3124966621398926
reading: 0.9645509719848633
data_fitting: 1.7083616256713867
flux_point: 5.843238830566406
