n_obs: 8
data_preparation: 12.772501468658447
writing: 1.3820548057556152
reading: 1.0586528778076172
data_fitting: 1.6544506549835205
flux_point: 6.210870981216431
