n_obs: 8
data_preparation: 12.780584812164307
writing: 0.6450991630554199
reading: 0.7010858058929443
data_fitting: 1.5577850341796875
flux_point: 3.6530182361602783
