n_obs: 8
data_preparation: 12.286530017852783
writing: 1.354952096939087
reading: 0.9971730709075928
data_fitting: 1.624434471130371
flux_point: 4.5119264125823975
