n_obs: 8
data_preparation: 12.528378248214722
writing: 0.6928012371063232
reading: 0.6849546432495117
data_fitting: 1.597343921661377
flux_point: 3.586210250854492
