n_obs: 8
data_preparation: 12.395276308059692
writing: 1.431443452835083
reading: 1.0408413410186768
data_fitting: 1.699150800704956
flux_point: 6.4513466358184814
