n_obs: 8
data_preparation: 5.8107335567474365
writing: 0.6143379211425781
reading: 0.6974043846130371
data_fitting: 1.6302499771118164
flux_point: 3.8652994632720947
