n_obs: 8
data_preparation: 12.286864042282104
writing: 1.373727798461914
reading: 1.0011003017425537
data_fitting: 1.61552095413208
flux_point: 6.100727319717407
