n_obs: 8
data_preparation: 12.285371780395508
writing: 0.6862506866455078
reading: 0.6644392013549805
data_fitting: 1.604027509689331
flux_point: 3.5915679931640625
