n_obs: 8
data_preparation: 12.201844453811646
writing: 0.6868000030517578
reading: 0.6784331798553467
data_fitting: 1.5894887447357178
flux_point: 3.611057996749878
