n_obs: 8
data_preparation: 12.139014482498169
writing: 1.3638014793395996
reading: 0.9776420593261719
data_fitting: 1.6315982341766357
flux_point: 6.087233543395996
