n_obs: 8
data_preparation: 12.560645580291748
writing: 0.6953165531158447
reading: 0.6854064464569092
data_fitting: 1.6164417266845703
flux_point: 3.7898142337799072
