n_obs: 8
data_preparation: 12.747785806655884
writing: 0.6947345733642578
reading: 0.7044026851654053
data_fitting: 1.5072507858276367
flux_point: 3.768040657043457
