n_obs: 8
data_preparation: 12.320436716079712
writing: 0.6884348392486572
reading: 0.6850907802581787
data_fitting: 1.627685785293579
flux_point: 3.7008895874023438
