n_obs: 8
data_preparation: 12.474666833877563
writing: 0.6836323738098145
reading: 0.7065596580505371
data_fitting: 1.5516026020050049
flux_point: 3.8362793922424316
