n_obs: 8
data_preparation: 12.402884006500244
writing: 0.7018685340881348
reading: 0.6926727294921875
data_fitting: 1.6341233253479004
flux_point: 3.8086934089660645
