n_obs: 8
data_preparation: 5.50576376914978
writing: 0.7016463279724121
reading: 0.6923747062683105
data_fitting: 1.6248960494995117
flux_point: 3.8452870845794678
