n_obs: 8
data_preparation: 12.235169410705566
writing: 1.3690736293792725
reading: 0.9949297904968262
data_fitting: 1.6379294395446777
flux_point: 6.073125123977661
