n_obs: 8
data_preparation: 12.713755130767822
writing: 0.6978075504302979
reading: 0.6940035820007324
data_fitting: 1.49641752243042
flux_point: 3.711921453475952
