n_obs: 8
data_preparation: 13.20496916770935
writing: 1.2789406776428223
reading: 0.9604394435882568
data_fitting: 1.4511373043060303
flux_point: 5.80339241027832
