n_obs: 8
data_preparation: 12.325279474258423
writing: 0.6938908100128174
reading: 0.6818392276763916
data_fitting: 1.5881240367889404
flux_point: 3.620779275894165
