n_obs: 8
data_preparation: 12.586729764938354
writing: 0.6731314659118652
reading: 0.6704542636871338
data_fitting: 1.5878596305847168
flux_point: 3.8122622966766357
