n_obs: 8
data_preparation: 13.478534698486328
writing: 1.280742883682251
reading: 0.9478628635406494
data_fitting: 1.4703547954559326
flux_point: 5.802309036254883
