n_obs: 8
data_preparation: 12.455553531646729
writing: 1.3584551811218262
reading: 0.9809525012969971
data_fitting: 1.609154224395752
flux_point: 4.534005165100098
