n_obs: 8
data_preparation: 12.041279077529907
writing: 1.369290828704834
reading: 0.9971535205841064
data_fitting: 1.6304512023925781
flux_point: 4.495863914489746
