n_obs: 8
data_preparation: 12.763693571090698
writing: 1.2458298206329346
reading: 0.9083664417266846
data_fitting: 1.4133262634277344
flux_point: 5.570957660675049
