n_obs: 8
data_preparation: 13.072018384933472
writing: 0.7142519950866699
reading: 0.725639820098877
data_fitting: 1.655797004699707
flux_point: 3.8856589794158936
