n_obs: 8
data_preparation: 13.209980010986328
writing: 1.320399284362793
reading: 0.985102653503418
data_fitting: 1.4704227447509766
flux_point: 5.782316207885742
