n_obs: 8
data_preparation: 12.130046129226685
writing: 0.6685869693756104
reading: 0.6808650493621826
data_fitting: 1.474597692489624
flux_point: 3.630366325378418
