n_obs: 8
data_preparation: 15.224977970123291
writing: 1.2990670204162598
reading: 0.9425671100616455
data_fitting: 1.70766019821167
flux_point: 5.601846933364868
