n_obs: 8
data_preparation: 12.338119268417358
writing: 0.67647385597229
reading: 0.6871366500854492
data_fitting: 1.4973857402801514
flux_point: 3.741204261779785
