n_obs: 8
data_preparation: 12.41086220741272
writing: 0.7082960605621338
reading: 0.6973950862884521
data_fitting: 1.6201386451721191
flux_point: 3.838754892349243
