n_obs: 8
data_preparation: 12.435351848602295
writing: 0.6843338012695312
reading: 0.6848816871643066
data_fitting: 1.6580140590667725
flux_point: 3.779526472091675
