n_obs: 8
data_preparation: 12.338777303695679
writing: 0.7123444080352783
reading: 0.693516731262207
data_fitting: 1.581611156463623
flux_point: 3.732546329498291
