n_obs: 8
data_preparation: 12.428739547729492
writing: 0.6800596714019775
reading: 0.6698942184448242
data_fitting: 1.4802577495574951
flux_point: 3.671421766281128
