n_obs: 8
data_preparation: 12.558313369750977
writing: 1.3986446857452393
reading: 1.0182428359985352
data_fitting: 1.636795997619629
flux_point: 6.192219495773315
