n_obs: 8
data_preparation: 12.741480827331543
writing: 1.4141924381256104
reading: 1.092533826828003
data_fitting: 1.679018497467041
flux_point: 6.2954747676849365
