n_obs: 8
data_preparation: 12.264751672744751
writing: 0.6797654628753662
reading: 0.656386137008667
data_fitting: 1.5511798858642578
flux_point: 3.668956995010376
