n_obs: 8
data_preparation: 14.599451065063477
writing: 1.3046844005584717
reading: 0.9413402080535889
data_fitting: 1.6608099937438965
flux_point: 5.362398624420166
