n_obs: 8
data_preparation: 12.196832418441772
writing: 0.6742048263549805
reading: 0.66420578956604
data_fitting: 1.483914852142334
flux_point: 3.641788959503174
