n_obs: 8
data_preparation: 12.395222663879395
writing: 0.7147130966186523
reading: 0.6912024021148682
data_fitting: 1.603684663772583
flux_point: 3.674196243286133
