n_obs: 8
data_preparation: 10.311069011688232
writing: 0.9620957374572754
reading: 0.7161903381347656
data_fitting: 1.0437874794006348
flux_point: 3.9925286769866943
