n_obs: 8
data_preparation: 12.817378044128418
writing: 0.7118606567382812
reading: 0.699974536895752
data_fitting: 1.6261234283447266
flux_point: 3.703683614730835
