n_obs: 8
data_preparation: 12.165841579437256
writing: 0.6677494049072266
reading: 0.6916220188140869
data_fitting: 1.5238511562347412
flux_point: 3.6769278049468994
