n_obs: 8
data_preparation: 12.360706329345703
writing: 0.6813313961029053
reading: 0.6744892597198486
data_fitting: 1.6259164810180664
flux_point: 3.699296474456787
