n_obs: 8
data_preparation: 12.315099954605103
writing: 0.6680748462677002
reading: 0.657822847366333
data_fitting: 1.5685884952545166
flux_point: 3.550701141357422
