n_obs: 8
data_preparation: 12.549224376678467
writing: 0.7124171257019043
reading: 0.7077484130859375
data_fitting: 1.624718427658081
flux_point: 3.864680528640747
