n_obs: 8
data_preparation: 12.682066917419434
writing: 1.19921875
reading: 0.8823287487030029
data_fitting: 1.3822107315063477
flux_point: 5.473034620285034
