n_obs: 8
data_preparation: 12.76794147491455
writing: 1.403395414352417
reading: 1.035306692123413
data_fitting: 1.6438214778900146
flux_point: 6.194452285766602
