n_obs: 8
data_preparation: 12.445208072662354
writing: 0.693091630935669
reading: 0.6882641315460205
data_fitting: 1.5966694355010986
flux_point: 3.6125080585479736
