n_obs: 8
data_preparation: 15.39702820777893
writing: 0.6472830772399902
reading: 0.6504197120666504
data_fitting: 1.4653425216674805
flux_point: 3.282665252685547
