n_obs: 8
data_preparation: 12.748000383377075
writing: 0.7052218914031982
reading: 0.6839227676391602
data_fitting: 1.630861520767212
flux_point: 3.835526466369629
