n_obs: 8
data_preparation: 12.540148496627808
writing: 0.6840450763702393
reading: 0.6817848682403564
data_fitting: 1.500908613204956
flux_point: 3.6668522357940674
