n_obs: 8
data_preparation: 12.28624701499939
writing: 1.3649845123291016
reading: 0.9995863437652588
data_fitting: 1.634636640548706
flux_point: 6.133438348770142
