n_obs: 8
data_preparation: 12.562933444976807
writing: 0.6617887020111084
reading: 0.6673791408538818
data_fitting: 1.5793771743774414
flux_point: 3.7679178714752197
