n_obs: 8
data_preparation: 12.48826551437378
writing: 0.685683012008667
reading: 0.6905002593994141
data_fitting: 1.4898934364318848
flux_point: 3.677469253540039
