n_obs: 8
data_preparation: 12.57740831375122
writing: 0.6891889572143555
reading: 0.680248498916626
data_fitting: 1.592118501663208
flux_point: 3.7269973754882812
