n_obs: 8
data_preparation: 12.57065486907959
writing: 0.7014214992523193
reading: 0.6850225925445557
data_fitting: 1.603968620300293
flux_point: 3.6573591232299805
