n_obs: 8
data_preparation: 12.716225147247314
writing: 1.41737961769104
reading: 1.0463709831237793
data_fitting: 1.672105073928833
flux_point: 4.674399375915527
