n_obs: 8
data_preparation: 5.790745496749878
writing: 0.5966143608093262
reading: 0.6726632118225098
data_fitting: 1.6091771125793457
flux_point: 3.869661569595337
