n_obs: 8
data_preparation: 12.553773164749146
writing: 1.5951054096221924
reading: 1.056596279144287
data_fitting: 1.7099668979644775
flux_point: 6.458643674850464
