n_obs: 8
data_preparation: 12.45514464378357
writing: 0.6952025890350342
reading: 0.6755697727203369
data_fitting: 1.5717592239379883
flux_point: 3.597269058227539
