n_obs: 8
data_preparation: 5.653706312179565
writing: 0.7124242782592773
reading: 0.7145740985870361
data_fitting: 1.599419355392456
flux_point: 3.8086228370666504
