n_obs: 8
data_preparation: 12.441010475158691
writing: 1.3781473636627197
reading: 1.0012123584747314
data_fitting: 1.6266648769378662
flux_point: 6.096181869506836
