n_obs: 8
data_preparation: 5.792667388916016
writing: 0.6791248321533203
reading: 0.684373140335083
data_fitting: 1.5861625671386719
flux_point: 3.7402827739715576
