n_obs: 8
data_preparation: 12.348138570785522
writing: 0.6809158325195312
reading: 0.699394941329956
data_fitting: 1.5242106914520264
flux_point: 3.7656524181365967
