n_obs: 8
data_preparation: 5.845735788345337
writing: 0.5952529907226562
reading: 0.6733582019805908
data_fitting: 1.6438369750976562
flux_point: 3.926213264465332
