n_obs: 8
data_preparation: 12.402048110961914
writing: 0.6985938549041748
reading: 0.6961760520935059
data_fitting: 1.6021397113800049
flux_point: 3.741579294204712
