n_obs: 8
data_preparation: 12.40673303604126
writing: 1.4090712070465088
reading: 1.0202174186706543
data_fitting: 1.6544032096862793
flux_point: 6.16182541847229
