n_obs: 8
data_preparation: 6.863773584365845
writing: 0.597761869430542
reading: 0.6768403053283691
data_fitting: 1.6016316413879395
flux_point: 3.8898932933807373
