n_obs: 8
data_preparation: 5.678822040557861
writing: 0.7279844284057617
reading: 0.7208597660064697
data_fitting: 1.6354482173919678
flux_point: 3.8496100902557373
