n_obs: 8
data_preparation: 5.775994300842285
writing: 0.5967288017272949
reading: 0.6765849590301514
data_fitting: 1.6407763957977295
flux_point: 3.8608524799346924
