n_obs: 8
data_preparation: 12.58244276046753
writing: 1.2271270751953125
reading: 0.8959782123565674
data_fitting: 1.3750829696655273
flux_point: 5.575347661972046
