n_obs: 8
data_preparation: 12.28077745437622
writing: 1.381199836730957
reading: 0.997988224029541
data_fitting: 1.620755672454834
flux_point: 6.144366264343262
