n_obs: 8
data_preparation: 5.628413200378418
writing: 0.6559810638427734
reading: 0.6689424514770508
data_fitting: 1.6308610439300537
flux_point: 3.8236446380615234
