n_obs: 8
data_preparation: 12.430331230163574
writing: 0.6932802200317383
reading: 0.6885626316070557
data_fitting: 1.5930607318878174
flux_point: 3.730952501296997
