n_obs: 8
data_preparation: 12.255741119384766
writing: 1.36393404006958
reading: 0.9811570644378662
data_fitting: 1.6108577251434326
flux_point: 4.498977184295654
