n_obs: 8
data_preparation: 12.33677363395691
writing: 0.6829850673675537
reading: 0.6694509983062744
data_fitting: 1.563342809677124
flux_point: 3.6672098636627197
