n_obs: 8
data_preparation: 5.5104241371154785
writing: 0.7136316299438477
reading: 0.710407018661499
data_fitting: 1.5934290885925293
flux_point: 3.7282772064208984
