n_obs: 8
data_preparation: 12.404179573059082
writing: 0.6823205947875977
reading: 0.669111967086792
data_fitting: 1.5876619815826416
flux_point: 3.7493882179260254
