n_obs: 8
data_preparation: 12.371617317199707
writing: 0.6789579391479492
reading: 0.6809139251708984
data_fitting: 1.4703495502471924
flux_point: 3.665562868118286
