n_obs: 8
data_preparation: 5.85588812828064
writing: 0.5935072898864746
reading: 0.6691017150878906
data_fitting: 1.6338975429534912
flux_point: 3.8352410793304443
