n_obs: 8
data_preparation: 5.571897745132446
writing: 0.6917300224304199
reading: 0.6842031478881836
data_fitting: 1.5781772136688232
flux_point: 3.6763978004455566
