n_obs: 8
data_preparation: 12.36313796043396
writing: 0.7058298587799072
reading: 0.6878151893615723
data_fitting: 1.5653607845306396
flux_point: 3.547973871231079
