n_obs: 8
data_preparation: 12.463844537734985
writing: 0.6953530311584473
reading: 0.6738982200622559
data_fitting: 1.58353590965271
flux_point: 3.618119716644287
