n_obs: 8
data_preparation: 12.370337963104248
writing: 1.3550946712493896
reading: 1.0057079792022705
data_fitting: 1.6410033702850342
flux_point: 4.567981958389282
