n_obs: 8
data_preparation: 5.329649209976196
writing: 0.7132866382598877
reading: 0.6830337047576904
data_fitting: 1.5826964378356934
flux_point: 3.678323745727539
