n_obs: 8
data_preparation: 12.351797819137573
writing: 0.6756634712219238
reading: 0.6759660243988037
data_fitting: 1.6341283321380615
flux_point: 3.732898235321045
