n_obs: 8
data_preparation: 12.584581136703491
writing: 0.7008135318756104
reading: 0.6856999397277832
data_fitting: 1.5904591083526611
flux_point: 3.615370035171509
