n_obs: 8
data_preparation: 5.843515157699585
writing: 0.6749727725982666
reading: 0.6860542297363281
data_fitting: 1.6501736640930176
flux_point: 3.8729381561279297
