n_obs: 8
data_preparation: 12.237800598144531
writing: 0.6790006160736084
reading: 0.685154914855957
data_fitting: 1.5826694965362549
flux_point: 3.5716118812561035
