n_obs: 8
data_preparation: 13.045607805252075
writing: 1.2567541599273682
reading: 0.9436345100402832
data_fitting: 1.4492554664611816
flux_point: 5.786985158920288
