n_obs: 8
data_preparation: 12.439594030380249
writing: 0.678377628326416
reading: 0.6919405460357666
data_fitting: 1.6243131160736084
flux_point: 3.747964859008789
