n_obs: 8
data_preparation: 12.256603479385376
writing: 1.3716018199920654
reading: 0.9946715831756592
data_fitting: 1.6422488689422607
flux_point: 6.205501317977905
