n_obs: 8
data_preparation: 12.998178482055664
writing: 0.6833643913269043
reading: 0.6907546520233154
data_fitting: 1.49825119972229
flux_point: 3.794151782989502
