n_obs: 8
data_preparation: 15.680386304855347
writing: 1.3214616775512695
reading: 0.9599363803863525
data_fitting: 1.7015399932861328
flux_point: 5.570481300354004
