n_obs: 8
data_preparation: 12.41163444519043
writing: 0.6861765384674072
reading: 0.6757190227508545
data_fitting: 1.6194965839385986
flux_point: 3.6817426681518555
