n_obs: 8
data_preparation: 12.67861270904541
writing: 0.709735631942749
reading: 0.687962532043457
data_fitting: 1.583414077758789
flux_point: 3.6173930168151855
