n_obs: 8
data_preparation: 12.450189113616943
writing: 1.6059272289276123
reading: 1.0425639152526855
data_fitting: 1.7076325416564941
flux_point: 6.304550409317017
