n_obs: 8
data_preparation: 12.279953241348267
writing: 0.6830275058746338
reading: 0.689129114151001
data_fitting: 1.4971692562103271
flux_point: 3.6937363147735596
