n_obs: 8
data_preparation: 6.7785749435424805
writing: 0.596315860748291
reading: 0.6711142063140869
data_fitting: 1.5978925228118896
flux_point: 3.8992810249328613
