n_obs: 8
data_preparation: 12.307991981506348
writing: 1.3627593517303467
reading: 0.9973495006561279
data_fitting: 1.6409614086151123
flux_point: 6.165858030319214
