n_obs: 8
data_preparation: 12.261883735656738
writing: 1.3507578372955322
reading: 0.9883792400360107
data_fitting: 1.621046543121338
flux_point: 4.521629571914673
