n_obs: 8
data_preparation: 12.260178804397583
writing: 0.5993027687072754
reading: 0.6580116748809814
data_fitting: 1.5441670417785645
flux_point: 3.5847415924072266
