n_obs: 8
data_preparation: 12.639695882797241
writing: 0.7055373191833496
reading: 0.6954522132873535
data_fitting: 1.5869603157043457
flux_point: 3.745297908782959
