n_obs: 8
data_preparation: 5.7670323848724365
writing: 0.5954031944274902
reading: 0.6664695739746094
data_fitting: 1.6234009265899658
flux_point: 4.051971197128296
