n_obs: 8
data_preparation: 13.143162488937378
writing: 0.6660866737365723
reading: 0.6524178981781006
data_fitting: 1.5729217529296875
flux_point: 3.752753496170044
