n_obs: 8
data_preparation: 12.761627197265625
writing: 1.4823369979858398
reading: 1.0902011394500732
data_fitting: 1.7223973274230957
flux_point: 6.488780736923218
