n_obs: 8
data_preparation: 12.635399341583252
writing: 1.4183995723724365
reading: 1.0328621864318848
data_fitting: 1.6810619831085205
flux_point: 4.728700637817383
