n_obs: 8
data_preparation: 12.636775255203247
writing: 0.6955649852752686
reading: 0.693356990814209
data_fitting: 1.6065771579742432
flux_point: 3.618384838104248
