n_obs: 8
data_preparation: 12.253992795944214
writing: 0.6851632595062256
reading: 0.6821951866149902
data_fitting: 1.6026232242584229
flux_point: 3.59299635887146
