# Elapsed time   CPU (%)     Real (MB)   Virtual (MB)
       0.000        0.000        7.508       38.977
       0.502      167.200       95.832      336.770
       1.005      169.200      161.410      637.480
       1.507       99.500      500.695     1054.758
       2.009      101.500      475.141     1028.953
       2.512      101.500      440.125     1001.836
       3.014       99.500      474.625     1027.641
       3.516       99.500      338.641      897.793
       4.019       99.500      451.523     1004.410
       4.521       99.500      475.289     1028.148
       5.023      101.500      480.793     1039.996
       5.526       97.500      365.293      918.172
       6.028      101.500      279.473      833.059
       6.530       99.500      399.980      953.594
       7.033       99.500      279.867      833.422
       7.535      101.500      438.996     1001.398
       8.037       99.500      412.621      966.066
       8.540       99.500      391.977      948.402
       9.042      101.500      442.867      996.359
       9.544       97.500      483.090     1036.457
      10.047       99.500      402.965      956.258
      10.549       99.500      296.543      849.805
      11.051      101.500      357.195      915.387
      11.554       99.500      432.855      986.168
      12.056       99.500      349.246      907.734
      12.558       99.500      263.383      816.848
      13.061      101.500      263.402      816.848
      13.563       99.500      264.098      816.848
      14.065       99.500      264.730      817.848
      14.568      101.500      264.973      817.848
      15.070       97.600      264.973      817.848
      15.572      101.500      265.117      817.848
      16.075       99.500      267.773      819.848
      16.577       99.500      268.297      820.848
      17.079       99.500      268.477      820.848
      17.582      101.500      269.066      821.848
      18.084       99.500      269.070      821.848
      18.586      101.500      269.070      821.848
      19.089       99.500      270.215      822.848
      19.591       99.500      270.215      822.848
      20.093       99.500      270.227      822.848
