n_obs: 10
data_loading: 0.030020952224731445
filling: 0.8425052165985107
writing: 0.20057272911071777
