n_obs: 10
data_loading: 0.033155202865600586
filling: 0.8950796127319336
writing: 0.21254777908325195
