n_obs: 10
data_loading: 0.053366661071777344
filling: 1.074730396270752
writing: 0.23171329498291016
