n_obs: 10
data_loading: 0.02687859535217285
filling: 0.4973258972167969
writing: 0.15685796737670898
