n_obs: 10
data_loading: 0.04165172576904297
filling: 1.0221128463745117
writing: 0.24385595321655273
