n_obs: 10
data_loading: 0.05184364318847656
filling: 1.1078081130981445
writing: 0.23519086837768555
