n_obs: 10
data_loading: 0.028471946716308594
filling: 0.6030917167663574
writing: 0.16714787483215332
