n_obs: 10
data_loading: 0.0538179874420166
filling: 1.0314052104949951
writing: 0.21496868133544922
