n_obs: 10
data_loading: 0.03285789489746094
filling: 0.8800661563873291
writing: 0.21162843704223633
