n_obs: 10
data_loading: 0.07373213768005371
filling: 0.48679471015930176
writing: 0.16990017890930176
