n_obs: 10
data_loading: 0.027260541915893555
filling: 0.5665087699890137
writing: 0.16638875007629395
