n_obs: 10
data_loading: 0.026886463165283203
filling: 0.550238847732544
writing: 0.16851282119750977
