n_obs: 10
data_loading: 0.034017086029052734
filling: 0.8113842010498047
writing: 0.23157453536987305
