n_obs: 10
data_loading: 0.053997039794921875
filling: 1.1080553531646729
writing: 0.25006890296936035
