n_obs: 10
data_loading: 0.025128841400146484
filling: 0.4770700931549072
writing: 0.1673119068145752
