n_obs: 10
data_loading: 0.027968168258666992
filling: 0.554980993270874
writing: 0.16738080978393555
