n_obs: 10
data_loading: 0.05157113075256348
filling: 1.1595311164855957
writing: 0.24135971069335938
