n_obs: 10
data_loading: 0.03828120231628418
filling: 0.9210195541381836
writing: 0.22566843032836914
