n_obs: 10
data_loading: 0.03594326972961426
filling: 0.9679558277130127
writing: 0.24977946281433105
