n_obs: 10
data_loading: 0.02913188934326172
filling: 0.6915493011474609
writing: 0.16898751258850098
