n_obs: 10
data_loading: 0.03178286552429199
filling: 0.85888671875
writing: 0.21071529388427734
