n_obs: 10
data_loading: 0.041858673095703125
filling: 0.9714395999908447
writing: 0.25980138778686523
