n_obs: 10
data_loading: 0.025112152099609375
filling: 0.5317721366882324
writing: 0.16582298278808594
