n_obs: 10
data_loading: 0.03968930244445801
filling: 0.8816723823547363
writing: 0.22335457801818848
