n_obs: 10
data_loading: 0.03656005859375
filling: 0.7985482215881348
writing: 0.2064371109008789
