n_obs: 10
data_loading: 0.04285550117492676
filling: 0.92305588722229
writing: 0.24628186225891113
