n_obs: 10
data_loading: 0.03877139091491699
filling: 0.9232356548309326
writing: 0.2260134220123291
