n_obs: 10
data_loading: 0.03640007972717285
filling: 0.9935505390167236
writing: 0.25700950622558594
