n_obs: 10
data_loading: 0.05390429496765137
filling: 0.9984772205352783
writing: 0.25857114791870117
