n_obs: 10
data_loading: 0.03892874717712402
filling: 0.882077693939209
writing: 0.24059557914733887
