n_obs: 10
data_loading: 0.03868508338928223
filling: 0.8754918575286865
writing: 0.22442054748535156
