n_obs: 10
data_loading: 0.037747859954833984
filling: 0.8253278732299805
writing: 0.20871329307556152
