n_obs: 10
data_loading: 0.04217934608459473
filling: 0.9157261848449707
writing: 0.22997808456420898
