n_obs: 10
data_loading: 0.029561758041381836
filling: 0.5375311374664307
writing: 0.16978931427001953
