n_obs: 10
data_loading: 0.02782893180847168
filling: 0.5258548259735107
writing: 0.1668238639831543
