n_obs: 10
data_loading: 0.04377627372741699
filling: 0.9769914150238037
writing: 0.25561022758483887
