n_obs: 10
data_loading: 0.02714824676513672
filling: 0.5044505596160889
writing: 0.1553645133972168
