n_obs: 10
data_loading: 0.08423614501953125
filling: 0.4954805374145508
writing: 0.16804265975952148
