n_obs: 10
data_loading: 0.04212355613708496
filling: 0.8953392505645752
writing: 0.22740864753723145
