n_obs: 10
data_loading: 0.047078609466552734
filling: 1.0256524085998535
writing: 0.2661116123199463
