n_obs: 10
data_loading: 0.024960756301879883
filling: 0.5105366706848145
writing: 0.16903233528137207
