n_obs: 10
data_loading: 0.03220963478088379
filling: 1.1304216384887695
writing: 0.20134305953979492
