n_obs: 10
data_loading: 0.037911176681518555
filling: 0.8984100818634033
writing: 0.21734929084777832
