n_obs: 10
data_loading: 0.04931759834289551
filling: 1.099231481552124
writing: 0.2522721290588379
