n_obs: 10
data_loading: 0.025632381439208984
filling: 0.48646068572998047
writing: 0.13696503639221191
