n_obs: 10
data_loading: 0.026952505111694336
filling: 0.5028915405273438
writing: 0.15750360488891602
