n_obs: 10
data_loading: 0.04207348823547363
filling: 0.9418842792510986
writing: 0.20447230339050293
