n_obs: 10
data_loading: 0.0708763599395752
filling: 0.4524080753326416
writing: 0.16463232040405273
