n_obs: 10
data_loading: 0.025313615798950195
filling: 0.732405424118042
writing: 0.13457179069519043
