n_obs: 10
data_loading: 0.02346968650817871
filling: 0.45397019386291504
writing: 0.1740283966064453
