n_obs: 10
data_loading: 0.024176597595214844
filling: 0.46146702766418457
writing: 0.16872859001159668
