n_obs: 10
data_loading: 0.06724214553833008
filling: 1.1281094551086426
writing: 0.23315715789794922
