n_obs: 10
data_loading: 0.028108835220336914
filling: 0.49795961380004883
writing: 0.1660325527191162
