n_obs: 10
data_loading: 0.023752450942993164
filling: 0.4939908981323242
writing: 0.16861701011657715
