n_obs: 10
data_loading: 0.03255653381347656
filling: 0.8444364070892334
writing: 0.20984721183776855
