n_obs: 10
data_loading: 0.03235435485839844
filling: 0.871476411819458
writing: 0.21246623992919922
