n_obs: 10
data_loading: 0.03847336769104004
filling: 0.8877749443054199
writing: 0.23517704010009766
