n_obs: 10
data_loading: 0.02802753448486328
filling: 0.6625936031341553
writing: 0.1670546531677246
