n_obs: 10
data_loading: 0.048897743225097656
filling: 0.9525949954986572
writing: 0.23444533348083496
