n_obs: 10
data_loading: 0.04520392417907715
filling: 1.0287375450134277
writing: 0.2239844799041748
