n_obs: 10
data_loading: 0.023323535919189453
filling: 0.4751861095428467
writing: 0.165449857711792
