n_obs: 10
data_loading: 0.035779476165771484
filling: 0.991269588470459
writing: 0.2539021968841553
