n_obs: 10
data_loading: 0.027444839477539062
filling: 0.5517547130584717
writing: 0.16666483879089355
