n_obs: 10
data_loading: 0.029661893844604492
filling: 0.9731810092926025
writing: 0.14618515968322754
