n_obs: 10
data_loading: 0.03200936317443848
filling: 0.8702921867370605
writing: 0.2109510898590088
