n_obs: 10
data_loading: 0.023080110549926758
filling: 0.4255959987640381
writing: 0.16806602478027344
