n_obs: 10
data_loading: 0.0737762451171875
filling: 0.47596168518066406
writing: 0.16543865203857422
