n_obs: 10
data_loading: 0.023424863815307617
filling: 0.45150160789489746
writing: 0.16567492485046387
