n_obs: 10
data_loading: 0.023434162139892578
filling: 0.4492640495300293
writing: 0.16540074348449707
