n_obs: 10
data_loading: 0.028055667877197266
filling: 0.5641508102416992
writing: 0.16751742362976074
