n_obs: 10
data_loading: 0.032013893127441406
filling: 0.7686359882354736
writing: 0.19739055633544922
