n_obs: 10
data_loading: 0.03839278221130371
filling: 0.8511984348297119
writing: 0.22110676765441895
