n_obs: 10
data_loading: 0.036246538162231445
filling: 0.966200590133667
writing: 0.24782538414001465
