n_obs: 10
data_loading: 0.024772167205810547
filling: 0.6669588088989258
writing: 0.1367175579071045
