n_obs: 10
data_loading: 0.05490756034851074
filling: 0.9973373413085938
writing: 0.25089550018310547
