n_obs: 10
data_loading: 0.027852535247802734
filling: 0.560591459274292
writing: 0.17047643661499023
