n_obs: 10
data_loading: 0.03040456771850586
filling: 0.8790435791015625
writing: 0.2034928798675537
