n_obs: 10
data_loading: 0.08362865447998047
filling: 0.48913002014160156
writing: 0.16530179977416992
