n_obs: 10
data_loading: 0.028172969818115234
filling: 0.5187132358551025
writing: 0.16924214363098145
