n_obs: 10
data_loading: 0.031897783279418945
filling: 0.7849373817443848
writing: 0.20593929290771484
