n_obs: 10
data_loading: 0.026421308517456055
filling: 0.4809610843658447
writing: 0.16601991653442383
