n_obs: 10
data_loading: 0.032315969467163086
filling: 1.0803451538085938
writing: 0.2034754753112793
