n_obs: 10
data_loading: 0.024123191833496094
filling: 0.45419859886169434
writing: 0.1680610179901123
