n_obs: 10
data_loading: 0.02338719367980957
filling: 0.459392786026001
writing: 0.16653776168823242
