n_obs: 10
data_loading: 0.027279138565063477
filling: 0.5014982223510742
writing: 0.16686034202575684
