n_obs: 10
data_loading: 0.025787353515625
filling: 0.46876049041748047
writing: 0.17296266555786133
