n_obs: 10
data_loading: 0.026753902435302734
filling: 0.5389041900634766
writing: 0.16579389572143555
