n_obs: 10
data_loading: 0.04894518852233887
filling: 1.0120551586151123
writing: 0.26848387718200684
