n_obs: 10
data_loading: 0.024091482162475586
filling: 0.4932241439819336
writing: 0.16653203964233398
