n_obs: 10
data_loading: 0.0425715446472168
filling: 0.9726848602294922
writing: 0.19943523406982422
