n_obs: 10
data_loading: 0.028005599975585938
filling: 0.5657894611358643
writing: 0.16597199440002441
