n_obs: 10
data_loading: 0.04790139198303223
filling: 0.939690113067627
writing: 0.21206903457641602
