n_obs: 10
data_loading: 0.044142723083496094
filling: 0.9974696636199951
writing: 0.26141953468322754
