n_obs: 10
data_loading: 0.04664301872253418
filling: 1.0195567607879639
writing: 0.25827550888061523
