n_obs: 10
data_loading: 0.026302576065063477
filling: 0.5265100002288818
writing: 0.16745758056640625
