n_obs: 10
data_loading: 0.02464461326599121
filling: 0.5142545700073242
writing: 0.16921138763427734
