n_obs: 10
data_loading: 0.048516035079956055
filling: 0.9786841869354248
writing: 0.251880407333374
