n_obs: 10
data_loading: 0.03723311424255371
filling: 0.907947301864624
writing: 0.2245016098022461
