n_obs: 10
data_loading: 0.030438661575317383
filling: 0.8279111385345459
writing: 0.20829534530639648
