n_obs: 10
data_loading: 0.027701377868652344
filling: 0.5255300998687744
writing: 0.16663408279418945
