n_obs: 10
data_loading: 0.033533334732055664
filling: 0.8562533855438232
writing: 0.2133960723876953
