n_obs: 10
data_loading: 0.02512836456298828
filling: 0.6679778099060059
writing: 0.1462416648864746
