n_obs: 10
data_loading: 0.024180173873901367
filling: 0.5024871826171875
writing: 0.16674208641052246
