n_obs: 10
data_loading: 0.04721474647521973
filling: 0.9773571491241455
writing: 0.2113487720489502
