n_obs: 10
data_loading: 0.02671957015991211
filling: 0.4988126754760742
writing: 0.15540671348571777
