n_obs: 10
data_loading: 0.026730060577392578
filling: 0.5605974197387695
writing: 0.17546343803405762
