n_obs: 10
data_loading: 0.03730320930480957
filling: 0.9222252368927002
writing: 0.23542475700378418
