n_obs: 10
data_loading: 0.027911901473999023
filling: 1.059075117111206
writing: 0.1739799976348877
