n_obs: 10
data_loading: 0.04215598106384277
filling: 0.9176919460296631
writing: 0.2491006851196289
