n_obs: 10
data_loading: 0.0273587703704834
filling: 0.5099797248840332
writing: 0.15606021881103516
