n_obs: 10
data_loading: 0.07747244834899902
filling: 0.9907617568969727
writing: 0.2145707607269287
