n_obs: 10
data_loading: 0.026767730712890625
filling: 0.5567722320556641
writing: 0.16675901412963867
