n_obs: 10
data_loading: 0.04037070274353027
filling: 0.963167667388916
writing: 0.25484442710876465
