n_obs: 10
data_loading: 0.03897857666015625
filling: 0.8999052047729492
writing: 0.23602676391601562
