n_obs: 10
data_loading: 0.026780128479003906
filling: 0.5447158813476562
writing: 0.16628360748291016
