n_obs: 10
data_loading: 0.028447389602661133
filling: 0.524334192276001
writing: 0.15580344200134277
