n_obs: 10
data_loading: 0.03127622604370117
filling: 0.8425071239471436
writing: 0.21010470390319824
