n_obs: 10
data_loading: 0.027559995651245117
filling: 0.5066037178039551
writing: 0.1562483310699463
