n_obs: 10
data_loading: 0.04786968231201172
filling: 1.0605175495147705
writing: 0.2526881694793701
