n_obs: 10
data_loading: 0.035804033279418945
filling: 0.8367123603820801
writing: 0.20804119110107422
