n_obs: 10
data_loading: 0.028017044067382812
filling: 0.5317449569702148
writing: 0.1693413257598877
