n_obs: 10
data_loading: 0.028105497360229492
filling: 0.5381879806518555
writing: 0.17033672332763672
