n_obs: 10
data_loading: 0.03919219970703125
filling: 0.8906428813934326
writing: 0.2312915325164795
