n_obs: 10
data_loading: 0.07581305503845215
filling: 0.48628830909729004
writing: 0.16662812232971191
