n_obs: 10
data_loading: 0.06961822509765625
filling: 0.47734713554382324
writing: 0.16509723663330078
