n_obs: 10
data_loading: 0.04874706268310547
filling: 1.1683018207550049
writing: 0.24312734603881836
