n_obs: 10
data_loading: 0.027675151824951172
filling: 0.5301909446716309
writing: 0.16661572456359863
