n_obs: 10
data_loading: 0.027288436889648438
filling: 0.5606887340545654
writing: 0.16918277740478516
