n_obs: 10
data_loading: 0.03212618827819824
filling: 0.9125485420227051
writing: 0.21501445770263672
