n_obs: 10
data_loading: 0.0321962833404541
filling: 0.7993319034576416
writing: 0.19600439071655273
