n_obs: 10
data_loading: 0.05717015266418457
filling: 1.1208875179290771
writing: 0.2501521110534668
