n_obs: 10
data_loading: 0.029177188873291016
filling: 0.5318174362182617
writing: 0.167128324508667
