n_obs: 10
data_loading: 0.027261018753051758
filling: 0.6563100814819336
writing: 0.16609477996826172
