n_obs: 10
data_loading: 0.02401137351989746
filling: 0.49018073081970215
writing: 0.1713104248046875
