n_obs: 10
data_loading: 0.08706474304199219
filling: 0.5103063583374023
writing: 0.17044639587402344
