n_obs: 10
data_loading: 0.0346524715423584
filling: 1.079451560974121
writing: 0.20296263694763184
