n_obs: 10
data_loading: 0.04850053787231445
filling: 1.0119655132293701
writing: 0.24150490760803223
