n_obs: 10
data_loading: 0.0884866714477539
filling: 1.022853136062622
writing: 0.22214674949645996
