n_obs: 10
data_loading: 0.023685455322265625
filling: 0.4868924617767334
writing: 0.16865921020507812
