n_obs: 10
data_loading: 0.03427386283874512
filling: 1.0737254619598389
writing: 0.20328068733215332
