n_obs: 10
data_loading: 0.05349898338317871
filling: 1.0012078285217285
writing: 0.20429301261901855
