n_obs: 10
data_loading: 0.024267196655273438
filling: 0.5531136989593506
writing: 0.16961312294006348
