n_obs: 10
data_loading: 0.07546305656433105
filling: 0.8926119804382324
writing: 0.21393871307373047
