n_obs: 10
data_loading: 0.028116226196289062
filling: 0.5809781551361084
writing: 0.1680612564086914
