n_obs: 10
data_loading: 0.0710301399230957
filling: 0.8175520896911621
writing: 0.2021183967590332
