n_obs: 10
data_loading: 0.02818584442138672
filling: 0.5334818363189697
writing: 0.16656994819641113
