n_obs: 10
data_loading: 0.041860342025756836
filling: 0.9480006694793701
writing: 0.2425980567932129
