n_obs: 10
data_loading: 0.03191685676574707
filling: 0.8516502380371094
writing: 0.20955896377563477
