n_obs: 10
data_loading: 0.024111032485961914
filling: 0.4771590232849121
writing: 0.16778993606567383
