n_obs: 10
data_loading: 0.03702592849731445
filling: 0.8495080471038818
writing: 0.2079477310180664
