n_obs: 10
data_loading: 0.02926349639892578
filling: 0.5795795917510986
writing: 0.16655564308166504
