n_obs: 10
data_loading: 0.03138089179992676
filling: 0.9093053340911865
writing: 0.2147057056427002
