n_obs: 10
data_loading: 0.03963518142700195
filling: 0.9947786331176758
writing: 0.23117518424987793
