n_obs: 10
data_loading: 0.07886147499084473
filling: 0.49099159240722656
writing: 0.165971040725708
