n_obs: 10
data_loading: 0.027439594268798828
filling: 0.5206112861633301
writing: 0.15566134452819824
