n_obs: 10
data_loading: 0.028806447982788086
filling: 0.56711745262146
writing: 0.16681933403015137
