n_obs: 10
data_loading: 0.026714563369750977
filling: 0.6434900760650635
writing: 0.16934800148010254
