n_obs: 10
data_loading: 0.034512996673583984
filling: 1.5102181434631348
writing: 0.2052607536315918
