n_obs: 10
data_loading: 0.042296409606933594
filling: 0.9345355033874512
writing: 0.24589037895202637
