n_obs: 10
data_loading: 0.05681562423706055
filling: 1.0217208862304688
writing: 0.291384220123291
