n_obs: 10
data_loading: 0.03690457344055176
filling: 0.9655592441558838
writing: 0.21481990814208984
