n_obs: 10
data_loading: 0.03457379341125488
filling: 1.3985316753387451
writing: 0.20178484916687012
