n_obs: 10
data_loading: 0.04633688926696777
filling: 1.016181230545044
writing: 0.2651937007904053
