n_obs: 10
data_loading: 0.05596494674682617
filling: 1.0336222648620605
writing: 0.26222681999206543
