n_obs: 10
data_loading: 0.04461026191711426
filling: 1.0605459213256836
writing: 0.1840956211090088
