n_obs: 10
data_loading: 0.027274131774902344
filling: 0.6564598083496094
writing: 0.16690540313720703
