n_obs: 10
data_loading: 0.038809776306152344
filling: 1.001847743988037
writing: 0.24969005584716797
