n_obs: 10
data_loading: 0.038652658462524414
filling: 0.9269874095916748
writing: 0.22757983207702637
