n_obs: 10
data_loading: 0.05116868019104004
filling: 1.0411396026611328
writing: 0.24768400192260742
