n_obs: 10
data_loading: 0.02457594871520996
filling: 0.4568812847137451
writing: 0.16547918319702148
