n_obs: 10
data_loading: 0.025495052337646484
filling: 0.5108523368835449
writing: 0.1666259765625
