n_obs: 10
data_loading: 0.030619382858276367
filling: 0.8403637409210205
writing: 0.21172571182250977
