n_obs: 10
data_loading: 0.027055025100708008
filling: 0.5546400547027588
writing: 0.1688997745513916
