n_obs: 10
data_loading: 0.02813720703125
filling: 0.5744388103485107
writing: 0.16864824295043945
