n_obs: 10
data_loading: 0.0365443229675293
filling: 1.2667005062103271
writing: 0.24407958984375
