n_obs: 10
data_loading: 0.03813600540161133
filling: 0.7967276573181152
writing: 0.22849750518798828
