n_obs: 10
data_loading: 0.025387048721313477
filling: 0.7428510189056396
writing: 0.15027236938476562
