n_obs: 10
data_loading: 0.025472164154052734
filling: 0.4813404083251953
writing: 0.1659708023071289
