n_obs: 10
data_loading: 0.023035764694213867
filling: 0.45670294761657715
writing: 0.16536378860473633
