n_obs: 10
data_loading: 0.02378106117248535
filling: 0.46008801460266113
writing: 0.16574811935424805
