n_obs: 10
data_loading: 0.03274178504943848
filling: 0.7675890922546387
writing: 0.1951591968536377
