n_obs: 10
data_loading: 0.04730367660522461
filling: 0.9130566120147705
writing: 0.23541593551635742
