n_obs: 10
data_loading: 0.03188490867614746
filling: 0.8952481746673584
writing: 0.21359968185424805
