n_obs: 10
data_loading: 0.02416515350341797
filling: 0.45385217666625977
writing: 0.16614460945129395
