n_obs: 10
data_loading: 0.023609399795532227
filling: 0.48957109451293945
writing: 0.16652750968933105
