n_obs: 10
data_loading: 0.04094696044921875
filling: 0.8689064979553223
writing: 0.22823715209960938
