n_obs: 10
data_loading: 0.023617029190063477
filling: 0.4514331817626953
writing: 0.1663668155670166
