n_obs: 10
data_loading: 0.02466583251953125
filling: 0.474926233291626
writing: 0.16612887382507324
