n_obs: 10
data_loading: 0.03458833694458008
filling: 0.9481897354125977
writing: 0.23649144172668457
