n_obs: 10
data_loading: 0.032369375228881836
filling: 1.032897710800171
writing: 0.20269417762756348
