n_obs: 10
data_loading: 0.05049705505371094
filling: 0.9180412292480469
writing: 0.19917750358581543
