n_obs: 10
data_loading: 0.03229165077209473
filling: 1.1503996849060059
writing: 0.20561909675598145
