n_obs: 10
data_loading: 0.03089284896850586
filling: 0.9029123783111572
writing: 0.20915961265563965
