n_obs: 10
data_loading: 0.033943891525268555
filling: 0.7991580963134766
writing: 0.2036895751953125
