n_obs: 10
data_loading: 0.03969120979309082
filling: 0.9321331977844238
writing: 0.2251136302947998
