n_obs: 10
data_loading: 0.04172325134277344
filling: 0.922583818435669
writing: 0.25908374786376953
