n_obs: 10
data_loading: 0.04412245750427246
filling: 0.974353551864624
writing: 0.25392746925354004
