n_obs: 10
data_loading: 0.042722463607788086
filling: 0.9170393943786621
writing: 0.2467811107635498
