n_obs: 10
data_loading: 0.03982090950012207
filling: 0.866020917892456
writing: 0.2174069881439209
