n_obs: 10
data_loading: 0.04859423637390137
filling: 1.0005877017974854
writing: 0.20967340469360352
