n_obs: 10
data_loading: 0.046372413635253906
filling: 1.0050928592681885
writing: 0.21722793579101562
