n_obs: 10
data_loading: 0.02843928337097168
filling: 0.5210795402526855
writing: 0.1657254695892334
