n_obs: 10
data_loading: 0.04021763801574707
filling: 0.899561882019043
writing: 0.22544407844543457
