n_obs: 10
data_loading: 0.03325462341308594
filling: 1.1560699939727783
writing: 0.2110743522644043
