n_obs: 10
data_loading: 0.029114723205566406
filling: 0.5186092853546143
writing: 0.1663064956665039
