n_obs: 10
data_loading: 0.028041362762451172
filling: 0.5178821086883545
writing: 0.16618633270263672
