n_obs: 10
data_loading: 0.031667232513427734
filling: 0.8936412334442139
writing: 0.2140188217163086
