n_obs: 10
data_loading: 0.034345149993896484
filling: 1.2179501056671143
writing: 0.21250200271606445
