n_obs: 10
data_loading: 0.042942047119140625
filling: 0.9334564208984375
writing: 0.2488994598388672
