n_obs: 10
data_loading: 0.07123446464538574
filling: 0.893256425857544
writing: 0.23010873794555664
