n_obs: 10
data_loading: 0.05428624153137207
filling: 1.1635899543762207
writing: 0.25252795219421387
