n_obs: 10
data_loading: 0.023844480514526367
filling: 0.4906795024871826
writing: 0.16608500480651855
