n_obs: 10
data_loading: 0.025443553924560547
filling: 0.509833812713623
writing: 0.17200541496276855
