n_obs: 10
data_loading: 0.0450286865234375
filling: 0.9958033561706543
writing: 0.26006436347961426
