n_obs: 10
data_loading: 0.026539087295532227
filling: 0.4909217357635498
writing: 0.1570577621459961
