n_obs: 10
data_loading: 0.03140997886657715
filling: 0.7649922370910645
writing: 0.19697904586791992
