n_obs: 10
data_loading: 0.04315781593322754
filling: 1.0222787857055664
writing: 0.2610447406768799
