n_obs: 10
data_loading: 0.02726268768310547
filling: 0.5308218002319336
writing: 0.15954327583312988
