n_obs: 10
data_loading: 0.02349376678466797
filling: 0.4777851104736328
writing: 0.1655435562133789
