n_obs: 10
data_loading: 0.03534269332885742
filling: 0.807196855545044
writing: 0.19666481018066406
