n_obs: 10
data_loading: 0.0246889591217041
filling: 0.4622623920440674
writing: 0.1679058074951172
