n_obs: 10
data_loading: 0.038582563400268555
filling: 0.9076673984527588
writing: 0.22667813301086426
