n_obs: 10
data_loading: 0.03823113441467285
filling: 0.9764368534088135
writing: 0.20723795890808105
