n_obs: 10
data_loading: 0.041873931884765625
filling: 0.938220739364624
writing: 0.2597389221191406
