n_obs: 10
data_loading: 0.05155634880065918
filling: 0.9341092109680176
writing: 0.22784829139709473
