n_obs: 10
data_loading: 0.031113147735595703
filling: 0.8374831676483154
writing: 0.2150721549987793
