n_obs: 10
data_loading: 0.023523569107055664
filling: 0.4503607749938965
writing: 0.1654348373413086
