n_obs: 10
data_loading: 0.04562783241271973
filling: 1.0209076404571533
writing: 0.25175929069519043
