n_obs: 10
data_loading: 0.034576416015625
filling: 1.127483606338501
writing: 0.19699454307556152
