n_obs: 10
data_loading: 0.027758359909057617
filling: 0.5755336284637451
writing: 0.15762805938720703
