n_obs: 10
data_loading: 0.03192424774169922
filling: 0.9086637496948242
writing: 0.2127361297607422
