n_obs: 10
data_loading: 0.025107145309448242
filling: 0.5140113830566406
writing: 0.16753101348876953
