n_obs: 10
data_loading: 0.04401516914367676
filling: 0.9744973182678223
writing: 0.21262836456298828
