n_obs: 10
data_loading: 0.08266162872314453
filling: 0.9527246952056885
writing: 0.24071407318115234
