n_obs: 10
data_loading: 0.02791881561279297
filling: 0.6636614799499512
writing: 0.16634798049926758
