n_obs: 10
data_loading: 0.024206161499023438
filling: 0.5382993221282959
writing: 0.16857528686523438
