n_obs: 10
data_loading: 0.028949260711669922
filling: 0.7586483955383301
writing: 0.19504785537719727
