n_obs: 10
data_loading: 0.031583547592163086
filling: 0.867034912109375
writing: 0.2125720977783203
