n_obs: 10
data_loading: 0.04460906982421875
filling: 0.991473913192749
writing: 0.24771451950073242
