n_obs: 10
data_loading: 0.07556843757629395
filling: 0.49407958984375
writing: 0.16572809219360352
