n_obs: 10
data_loading: 0.07265377044677734
filling: 0.48232483863830566
writing: 0.16858458518981934
