n_obs: 10
data_loading: 0.02384185791015625
filling: 0.49834132194519043
writing: 0.16618633270263672
