n_obs: 10
data_loading: 0.03076791763305664
filling: 0.9100944995880127
writing: 0.21086645126342773
