n_obs: 10
data_loading: 0.052176475524902344
filling: 1.0987625122070312
writing: 0.2395460605621338
