n_obs: 10
data_loading: 0.0475468635559082
filling: 0.9916903972625732
writing: 0.258441686630249
