n_obs: 10
data_loading: 0.027619361877441406
filling: 0.5614993572235107
writing: 0.167036771774292
