n_obs: 10
data_loading: 0.023151397705078125
filling: 0.45319509506225586
writing: 0.16807937622070312
