n_obs: 10
data_loading: 0.024879932403564453
filling: 0.482013463973999
writing: 0.16692137718200684
