n_obs: 10
data_loading: 0.04174971580505371
filling: 1.0098824501037598
writing: 0.22541570663452148
