n_obs: 10
data_loading: 0.026690006256103516
filling: 0.4924170970916748
writing: 0.1609659194946289
