n_obs: 10
data_loading: 0.03184676170349121
filling: 0.8120849132537842
writing: 0.19390439987182617
