n_obs: 10
data_loading: 0.053649187088012695
filling: 1.027883529663086
writing: 0.2280902862548828
