n_obs: 10
data_loading: 0.03137803077697754
filling: 0.7835745811462402
writing: 0.19429874420166016
