n_obs: 10
data_loading: 0.026889801025390625
filling: 0.5290038585662842
writing: 0.1667802333831787
