n_obs: 10
data_loading: 0.02368474006652832
filling: 0.4573681354522705
writing: 0.16559696197509766
