n_obs: 10
data_loading: 0.027847766876220703
filling: 0.5083436965942383
writing: 0.1553361415863037
