n_obs: 10
data_loading: 0.06774544715881348
filling: 0.874229907989502
writing: 0.20261192321777344
