n_obs: 10
data_loading: 0.02393627166748047
filling: 0.4701533317565918
writing: 0.1683025360107422
