n_obs: 10
data_loading: 0.03336071968078613
filling: 0.8886396884918213
writing: 0.20956063270568848
