n_obs: 10
data_loading: 0.025009632110595703
filling: 0.49260926246643066
writing: 0.17124533653259277
