n_obs: 10
data_loading: 0.08426213264465332
filling: 0.9200558662414551
writing: 0.23651123046875
