n_obs: 10
data_loading: 0.031841278076171875
filling: 0.8651926517486572
writing: 0.21008086204528809
