n_obs: 10
data_loading: 0.03171110153198242
filling: 0.8831527233123779
writing: 0.21302580833435059
