n_obs: 10
data_loading: 0.023934364318847656
filling: 0.49173974990844727
writing: 0.16634559631347656
