n_obs: 10
data_loading: 0.04288887977600098
filling: 1.0804431438446045
writing: 0.25366711616516113
