n_obs: 10
data_loading: 0.03504371643066406
filling: 0.9750444889068604
writing: 0.24529743194580078
