n_obs: 10
data_loading: 0.024785757064819336
filling: 0.470609188079834
writing: 0.16654491424560547
