n_obs: 10
data_loading: 0.02307868003845215
filling: 0.46848082542419434
writing: 0.16912102699279785
