n_obs: 10
data_loading: 0.038352251052856445
filling: 1.000337839126587
writing: 0.2300093173980713
