n_obs: 10
data_loading: 0.03303861618041992
filling: 0.8742711544036865
writing: 0.21012067794799805
