n_obs: 10
data_loading: 0.023875713348388672
filling: 0.48561668395996094
writing: 0.1659986972808838
