n_obs: 10
data_loading: 0.02765822410583496
filling: 0.5236990451812744
writing: 0.1663963794708252
