n_obs: 10
data_loading: 0.03174757957458496
filling: 1.118438959121704
writing: 0.21498465538024902
