n_obs: 10
data_loading: 0.04689145088195801
filling: 0.9161365032196045
writing: 0.1892383098602295
