n_obs: 10
data_loading: 0.03275895118713379
filling: 0.9033784866333008
writing: 0.21409916877746582
