n_obs: 10
data_loading: 0.02752828598022461
filling: 0.538233757019043
writing: 0.16733026504516602
