n_obs: 10
data_loading: 0.02764725685119629
filling: 0.5296304225921631
writing: 0.16589045524597168
