n_obs: 10
data_loading: 0.04214978218078613
filling: 0.9148106575012207
writing: 0.24229717254638672
