n_obs: 10
data_loading: 0.027559757232666016
filling: 0.5465517044067383
writing: 0.16643619537353516
