n_obs: 10
data_loading: 0.07266497611999512
filling: 0.48139309883117676
writing: 0.16588068008422852
