n_obs: 10
data_loading: 0.027734041213989258
filling: 0.5619759559631348
writing: 0.16603446006774902
