n_obs: 10
data_loading: 0.0693657398223877
filling: 1.0166101455688477
writing: 0.22934842109680176
