n_obs: 10
data_loading: 0.02742600440979004
filling: 0.5155363082885742
writing: 0.168471097946167
