n_obs: 10
data_loading: 0.045331478118896484
filling: 0.9825282096862793
writing: 0.2625710964202881
