n_obs: 10
data_loading: 0.027104616165161133
filling: 0.5604426860809326
writing: 0.1665515899658203
