n_obs: 10
data_loading: 0.04914379119873047
filling: 1.1800932884216309
writing: 0.2579941749572754
