n_obs: 10
data_loading: 0.05116772651672363
filling: 1.053879737854004
writing: 0.2171633243560791
