n_obs: 10
data_loading: 0.048897743225097656
filling: 0.9487619400024414
writing: 0.24022340774536133
