n_obs: 10
data_loading: 0.026571035385131836
filling: 0.4818120002746582
writing: 0.17231154441833496
