n_obs: 10
data_loading: 0.027439594268798828
filling: 0.5560622215270996
writing: 0.1668720245361328
