n_obs: 10
data_loading: 0.03145623207092285
filling: 0.7660481929779053
writing: 0.19670629501342773
