n_obs: 10
data_loading: 0.04162192344665527
filling: 0.9678785800933838
writing: 0.25919580459594727
