n_obs: 10
data_loading: 0.0256650447845459
filling: 0.4823000431060791
writing: 0.1661968231201172
