n_obs: 10
data_loading: 0.03887748718261719
filling: 0.992997407913208
writing: 0.2245025634765625
