n_obs: 10
data_loading: 0.024025678634643555
filling: 0.47031617164611816
writing: 0.13425970077514648
