n_obs: 10
data_loading: 0.02669811248779297
filling: 0.5442936420440674
writing: 0.16832542419433594
