n_obs: 10
data_loading: 0.04775118827819824
filling: 1.0130023956298828
writing: 0.23530268669128418
