n_obs: 10
data_loading: 0.03415107727050781
filling: 0.9221670627593994
writing: 0.21293878555297852
