n_obs: 10
data_loading: 0.02472519874572754
filling: 0.47666001319885254
writing: 0.13663244247436523
