n_obs: 10
data_loading: 0.034842491149902344
filling: 0.8443796634674072
writing: 0.22347235679626465
