n_obs: 10
data_loading: 0.02509784698486328
filling: 0.6930892467498779
writing: 0.13092255592346191
