n_obs: 10
data_loading: 0.05329132080078125
filling: 1.0184860229492188
writing: 0.25674867630004883
