n_obs: 10
data_loading: 0.04860687255859375
filling: 1.1432578563690186
writing: 0.24802684783935547
