n_obs: 10
data_loading: 0.027833223342895508
filling: 0.7041399478912354
writing: 0.16837549209594727
