n_obs: 10
data_loading: 0.044049739837646484
filling: 1.05615234375
writing: 0.36864495277404785
