n_obs: 10
data_loading: 0.035503387451171875
filling: 0.814476728439331
writing: 0.2224569320678711
