n_obs: 10
data_loading: 0.023950815200805664
filling: 0.4577491283416748
writing: 0.16583633422851562
