n_obs: 10
data_loading: 0.023814678192138672
filling: 0.4996340274810791
writing: 0.1367042064666748
