n_obs: 10
data_loading: 0.04016470909118652
filling: 1.5335876941680908
writing: 0.24035072326660156
