n_obs: 10
data_loading: 0.03173828125
filling: 0.8873460292816162
writing: 0.21260976791381836
