n_obs: 10
data_loading: 0.04998493194580078
filling: 1.0598828792572021
writing: 0.27054905891418457
