n_obs: 10
data_loading: 0.026362895965576172
filling: 0.4942498207092285
writing: 0.1558518409729004
