n_obs: 10
data_loading: 0.052950382232666016
filling: 1.0363636016845703
writing: 0.2249453067779541
