n_obs: 10
data_loading: 0.02682805061340332
filling: 0.5573732852935791
writing: 0.17057466506958008
