n_obs: 10
data_loading: 0.08962416648864746
filling: 0.4919254779815674
writing: 0.16680622100830078
