n_obs: 10
data_loading: 0.0274810791015625
filling: 0.5303452014923096
writing: 0.16675281524658203
