n_obs: 10
data_loading: 0.05105900764465332
filling: 1.1065845489501953
writing: 0.22391247749328613
