n_obs: 10
data_loading: 0.027395009994506836
filling: 0.49438929557800293
writing: 0.1569042205810547
