n_obs: 10
data_loading: 0.044396162033081055
filling: 1.000701904296875
writing: 0.26551365852355957
