n_obs: 10
data_loading: 0.028876543045043945
filling: 0.544682502746582
writing: 0.166534423828125
