n_obs: 10
data_loading: 0.02295398712158203
filling: 0.43274664878845215
writing: 0.16885995864868164
