n_obs: 10
data_loading: 0.0379946231842041
filling: 0.8425629138946533
writing: 0.20871996879577637
