n_obs: 10
data_loading: 0.023532629013061523
filling: 0.451540470123291
writing: 0.16632461547851562
