n_obs: 10
data_loading: 0.02372288703918457
filling: 0.4979746341705322
writing: 0.16920733451843262
