n_obs: 10
data_loading: 0.024149179458618164
filling: 0.48779964447021484
writing: 0.1653294563293457
