n_obs: 10
data_loading: 0.03261590003967285
filling: 0.8440563678741455
writing: 0.2098860740661621
