n_obs: 10
data_loading: 0.02625870704650879
filling: 0.5428359508514404
writing: 0.16574478149414062
