n_obs: 10
data_loading: 0.055248260498046875
filling: 1.1150262355804443
writing: 0.24248194694519043
