n_obs: 10
data_loading: 0.04775810241699219
filling: 1.0169963836669922
writing: 0.2064826488494873
