n_obs: 10
data_loading: 0.03771662712097168
filling: 0.8404750823974609
writing: 0.20732474327087402
