n_obs: 10
data_loading: 0.034009695053100586
filling: 0.8207697868347168
writing: 0.20376205444335938
