n_obs: 10
data_loading: 0.028498172760009766
filling: 0.5075116157531738
writing: 0.15915632247924805
