n_obs: 10
data_loading: 0.0721895694732666
filling: 0.4572017192840576
writing: 0.16574859619140625
