n_obs: 10
data_loading: 0.02713489532470703
filling: 0.549685001373291
writing: 0.1660289764404297
