n_obs: 10
data_loading: 0.031198740005493164
filling: 0.7603428363800049
writing: 0.19660186767578125
