n_obs: 10
data_loading: 0.023059606552124023
filling: 0.4526081085205078
writing: 0.16556692123413086
