n_obs: 10
data_loading: 0.04049253463745117
filling: 0.8764691352844238
writing: 0.2258741855621338
