n_obs: 10
data_loading: 0.023546457290649414
filling: 0.45644307136535645
writing: 0.16623950004577637
