n_obs: 10
data_loading: 0.08144378662109375
filling: 1.0393836498260498
writing: 0.21279406547546387
