n_obs: 10
data_loading: 0.03741288185119629
filling: 0.8245692253112793
writing: 0.2050166130065918
