n_obs: 10
data_loading: 0.023243427276611328
filling: 0.452542781829834
writing: 0.16508793830871582
