n_obs: 10
data_loading: 0.02755284309387207
filling: 0.5258564949035645
writing: 0.16637706756591797
