n_obs: 10
data_loading: 0.028578996658325195
filling: 0.5640852451324463
writing: 0.2579967975616455
