n_obs: 10
data_loading: 0.09257149696350098
filling: 0.9778957366943359
writing: 0.25228023529052734
