n_obs: 10
data_loading: 0.023324966430664062
filling: 0.48539233207702637
writing: 0.1658477783203125
