n_obs: 10
data_loading: 0.06493949890136719
filling: 0.9037306308746338
writing: 0.1936023235321045
