n_obs: 10
data_loading: 0.042008161544799805
filling: 0.9286220073699951
writing: 0.25934934616088867
