n_obs: 10
data_loading: 0.08586692810058594
filling: 0.9902231693267822
writing: 0.23713397979736328
