n_obs: 10
data_loading: 0.033191680908203125
filling: 0.9975118637084961
writing: 0.21143031120300293
