n_obs: 10
data_loading: 0.04500174522399902
filling: 0.9719333648681641
writing: 0.23444628715515137
