n_obs: 10
data_loading: 0.05345273017883301
filling: 1.0581510066986084
writing: 0.259474515914917
