n_obs: 10
data_loading: 0.023717403411865234
filling: 0.45753908157348633
writing: 0.16692304611206055
