n_obs: 10
data_loading: 0.026453495025634766
filling: 0.5629866123199463
writing: 0.1690528392791748
