n_obs: 10
data_loading: 0.02335381507873535
filling: 0.5222246646881104
writing: 0.16749882698059082
