n_obs: 10
data_loading: 0.028356075286865234
filling: 0.5135319232940674
writing: 0.16048431396484375
