n_obs: 10
data_loading: 0.0469515323638916
filling: 1.0068330764770508
writing: 0.23478484153747559
