n_obs: 10
data_loading: 0.028176546096801758
filling: 0.6470386981964111
writing: 0.16894078254699707
