n_obs: 10
data_loading: 0.03291034698486328
filling: 0.7786986827850342
writing: 0.19600915908813477
