n_obs: 10
data_loading: 0.031369686126708984
filling: 0.7560141086578369
writing: 0.19397616386413574
