n_obs: 10
data_loading: 0.028824806213378906
filling: 0.5351018905639648
writing: 0.16637825965881348
