n_obs: 10
data_loading: 0.02955174446105957
filling: 0.5882525444030762
writing: 0.1692657470703125
