n_obs: 10
data_loading: 0.02477884292602539
filling: 0.46059370040893555
writing: 0.16847515106201172
