n_obs: 10
data_loading: 0.04062533378601074
filling: 0.9031689167022705
writing: 0.22692561149597168
