n_obs: 10
data_loading: 0.03678131103515625
filling: 0.8595850467681885
writing: 0.2201676368713379
