n_obs: 10
data_loading: 0.028119564056396484
filling: 0.5703442096710205
writing: 0.16916370391845703
