n_obs: 10
data_loading: 0.033721208572387695
filling: 0.803685188293457
writing: 0.19715046882629395
