n_obs: 10
data_loading: 0.022983789443969727
filling: 0.46193552017211914
writing: 0.16622209548950195
