n_obs: 10
data_loading: 0.02819681167602539
filling: 0.5168917179107666
writing: 0.16846323013305664
