n_obs: 10
data_loading: 0.032582759857177734
filling: 0.7521142959594727
writing: 0.1852412223815918
