n_obs: 10
data_loading: 0.0229647159576416
filling: 0.4665639400482178
writing: 0.16805291175842285
