n_obs: 10
data_loading: 0.038686513900756836
filling: 1.0742154121398926
writing: 0.22562217712402344
