n_obs: 10
data_loading: 0.026911020278930664
filling: 0.5010969638824463
writing: 0.15916728973388672
