n_obs: 10
data_loading: 0.07486486434936523
filling: 0.47720813751220703
writing: 0.16735410690307617
