n_obs: 10
data_loading: 0.024645090103149414
filling: 0.48203444480895996
writing: 0.1700575351715088
