n_obs: 10
data_loading: 0.027819395065307617
filling: 0.5326051712036133
writing: 0.16662120819091797
