n_obs: 10
data_loading: 0.027251720428466797
filling: 0.5733411312103271
writing: 0.17186379432678223
