n_obs: 10
data_loading: 0.07303094863891602
filling: 0.47893333435058594
writing: 0.1653585433959961
