n_obs: 10
data_loading: 0.032607078552246094
filling: 0.8530354499816895
writing: 0.20918989181518555
