n_obs: 10
data_loading: 0.0344691276550293
filling: 1.1359584331512451
writing: 0.20315122604370117
