n_obs: 10
data_loading: 0.0278933048248291
filling: 0.5379130840301514
writing: 0.1731562614440918
