n_obs: 10
data_loading: 0.026904821395874023
filling: 0.5685534477233887
writing: 0.1681506633758545
