n_obs: 10
data_loading: 0.043073415756225586
filling: 0.9542725086212158
writing: 0.21957874298095703
