n_obs: 10
data_loading: 0.02855229377746582
filling: 0.5877261161804199
writing: 0.1670975685119629
