n_obs: 10
data_loading: 0.02634596824645996
filling: 0.5030255317687988
writing: 0.16747093200683594
