n_obs: 10
data_loading: 0.04303574562072754
filling: 0.8877527713775635
writing: 0.23459553718566895
