n_obs: 10
data_loading: 0.0716400146484375
filling: 0.8654887676239014
writing: 0.21674895286560059
