n_obs: 10
data_loading: 0.03093266487121582
filling: 0.8329105377197266
writing: 0.21091842651367188
