n_obs: 10
data_loading: 0.025259017944335938
filling: 0.45531582832336426
writing: 0.16526389122009277
