n_obs: 10
data_loading: 0.04290580749511719
filling: 1.0040032863616943
writing: 0.2506234645843506
