n_obs: 10
data_loading: 0.03748297691345215
filling: 0.8213920593261719
writing: 0.2082533836364746
