n_obs: 10
data_loading: 0.03178811073303223
filling: 0.8458297252655029
writing: 0.19700384140014648
