n_obs: 10
data_loading: 0.03349447250366211
filling: 0.7956287860870361
writing: 0.19679737091064453
