n_obs: 10
data_loading: 0.04374265670776367
filling: 0.9470260143280029
writing: 0.2567322254180908
