n_obs: 10
data_loading: 0.04683065414428711
filling: 0.976041316986084
writing: 0.20522761344909668
