n_obs: 10
data_loading: 0.024025440216064453
filling: 0.6832621097564697
writing: 0.13572287559509277
