n_obs: 10
data_loading: 0.037832021713256836
filling: 0.8385441303253174
writing: 0.20842695236206055
