n_obs: 10
data_loading: 0.04329085350036621
filling: 0.9259910583496094
writing: 0.21265172958374023
