n_obs: 10
data_loading: 0.02823019027709961
filling: 0.543663501739502
writing: 0.1681385040283203
