n_obs: 10
data_loading: 0.03410506248474121
filling: 0.794788122177124
writing: 0.1993262767791748
