n_obs: 10
data_loading: 0.02510666847229004
filling: 0.5010111331939697
writing: 0.1685924530029297
