n_obs: 10
data_loading: 0.02711772918701172
filling: 0.5574986934661865
writing: 0.16818714141845703
