n_obs: 10
data_loading: 0.04294323921203613
filling: 0.8201332092285156
writing: 0.19402503967285156
