n_obs: 10
data_loading: 0.03146243095397949
filling: 0.7855498790740967
writing: 0.1941516399383545
