n_obs: 10
data_loading: 0.026709318161010742
filling: 0.5380406379699707
writing: 0.16901230812072754
