n_obs: 10
data_loading: 0.02781510353088379
filling: 0.49437737464904785
writing: 0.1662914752960205
