n_obs: 10
data_loading: 0.02364516258239746
filling: 0.4872782230377197
writing: 0.16646242141723633
