n_obs: 10
data_loading: 0.06738781929016113
filling: 0.47629261016845703
writing: 0.1658797264099121
