n_obs: 10
data_loading: 0.03525662422180176
filling: 0.8395931720733643
writing: 0.20096659660339355
