n_obs: 10
data_loading: 0.051903724670410156
filling: 1.464259386062622
writing: 0.24936723709106445
