n_obs: 10
data_loading: 0.031122684478759766
filling: 0.9158754348754883
writing: 0.20955920219421387
