n_obs: 10
data_loading: 0.0281522274017334
filling: 0.5236656665802002
writing: 0.16580748558044434
