n_obs: 10
data_loading: 0.04307842254638672
filling: 0.9437124729156494
writing: 0.23261213302612305
