n_obs: 10
data_loading: 0.02931523323059082
filling: 1.0188379287719727
writing: 0.16954803466796875
