n_obs: 10
data_loading: 0.031516075134277344
filling: 0.8913938999176025
writing: 0.21192264556884766
