n_obs: 10
data_loading: 0.03842353820800781
filling: 0.8880486488342285
writing: 0.22312116622924805
