n_obs: 10
data_loading: 0.04408121109008789
filling: 0.9504380226135254
writing: 0.2572643756866455
