n_obs: 10
data_loading: 0.031397104263305664
filling: 0.7625508308410645
writing: 0.1935744285583496
