n_obs: 10
data_loading: 0.036742210388183594
filling: 1.437880039215088
writing: 0.24507403373718262
