n_obs: 10
data_loading: 0.043221473693847656
filling: 0.9389877319335938
writing: 0.24803948402404785
