n_obs: 10
data_loading: 0.05085921287536621
filling: 1.1608691215515137
writing: 0.2557363510131836
