n_obs: 10
data_loading: 0.03656005859375
filling: 0.9990968704223633
writing: 0.25201964378356934
