n_obs: 10
data_loading: 0.025294780731201172
filling: 0.48459935188293457
writing: 0.16632580757141113
