n_obs: 10
data_loading: 0.02753138542175293
filling: 0.5693912506103516
writing: 0.16665124893188477
