n_obs: 10
data_loading: 0.04645824432373047
filling: 0.9890172481536865
writing: 0.24059033393859863
