n_obs: 10
data_loading: 0.025194644927978516
filling: 0.4731428623199463
writing: 0.16593480110168457
