n_obs: 10
data_loading: 0.0442509651184082
filling: 0.9938230514526367
writing: 0.25272512435913086
