n_obs: 10
data_loading: 0.04859137535095215
filling: 1.0020570755004883
writing: 0.22673535346984863
