n_obs: 10
data_loading: 0.027114152908325195
filling: 0.5124044418334961
writing: 0.15538883209228516
