n_obs: 10
data_loading: 0.04260706901550293
filling: 0.879284143447876
writing: 0.1890270709991455
