n_obs: 10
data_loading: 0.023288488388061523
filling: 0.4608137607574463
writing: 0.1658332347869873
