n_obs: 10
data_loading: 0.04562115669250488
filling: 1.1280014514923096
writing: 0.2725498676300049
