n_obs: 10
data_loading: 0.03711700439453125
filling: 0.9924659729003906
writing: 0.2638380527496338
