n_obs: 10
data_loading: 0.03455924987792969
filling: 0.787301778793335
writing: 0.1995229721069336
