n_obs: 10
data_loading: 0.02744436264038086
filling: 0.5130212306976318
writing: 0.16828346252441406
