n_obs: 10
data_loading: 0.036829233169555664
filling: 0.9532105922698975
writing: 0.24562692642211914
