n_obs: 10
data_loading: 0.03217577934265137
filling: 0.8968958854675293
writing: 0.20308804512023926
