n_obs: 10
data_loading: 0.03644394874572754
filling: 0.8426480293273926
writing: 0.2198793888092041
