n_obs: 10
data_loading: 0.02525496482849121
filling: 0.46308064460754395
writing: 0.16548633575439453
