n_obs: 10
data_loading: 0.03804802894592285
filling: 0.889580488204956
writing: 0.23492836952209473
