n_obs: 10
data_loading: 0.03283572196960449
filling: 1.0793828964233398
writing: 0.20264434814453125
