n_obs: 10
data_loading: 0.036901235580444336
filling: 0.9007773399353027
writing: 0.22121667861938477
