n_obs: 10
data_loading: 0.05200791358947754
filling: 1.1226952075958252
writing: 0.23034191131591797
