n_obs: 10
data_loading: 0.028157472610473633
filling: 0.5169515609741211
writing: 0.16785812377929688
