n_obs: 10
data_loading: 0.023222923278808594
filling: 0.45169997215270996
writing: 0.16510868072509766
