n_obs: 10
data_loading: 0.026461362838745117
filling: 0.5603301525115967
writing: 0.1674787998199463
