n_obs: 10
data_loading: 0.05045318603515625
filling: 1.025672435760498
writing: 0.22535228729248047
