n_obs: 10
data_loading: 0.04013538360595703
filling: 0.8589038848876953
writing: 0.2234055995941162
