n_obs: 10
data_loading: 0.04093050956726074
filling: 0.9419610500335693
writing: 0.22997140884399414
