n_obs: 10
data_loading: 0.03183293342590332
filling: 0.8325772285461426
writing: 0.20981788635253906
