n_obs: 10
data_loading: 0.03179645538330078
filling: 0.852330207824707
writing: 0.21045255661010742
