n_obs: 10
data_loading: 0.039031982421875
filling: 0.9432463645935059
writing: 0.22544574737548828
