n_obs: 10
data_loading: 0.04245328903198242
filling: 0.9175751209259033
writing: 0.2469642162322998
