n_obs: 10
data_loading: 0.03745579719543457
filling: 1.0484671592712402
writing: 0.138016939163208
