n_obs: 10
data_loading: 0.02370476722717285
filling: 0.4549245834350586
writing: 0.16626620292663574
