n_obs: 10
data_loading: 0.030807971954345703
filling: 0.8336658477783203
writing: 0.21157407760620117
