n_obs: 10
data_loading: 0.03150439262390137
filling: 0.8349142074584961
writing: 0.20912384986877441
