n_obs: 10
data_loading: 0.024335145950317383
filling: 0.4835057258605957
writing: 0.16589975357055664
