n_obs: 10
data_loading: 0.048876047134399414
filling: 1.0008301734924316
writing: 0.2521357536315918
