n_obs: 10
data_loading: 0.027306079864501953
filling: 0.551156759262085
writing: 0.16884684562683105
