n_obs: 10
data_loading: 0.03850960731506348
filling: 0.8864433765411377
writing: 0.21898865699768066
