n_obs: 10
data_loading: 0.02808523178100586
filling: 0.5235905647277832
writing: 0.16582775115966797
