n_obs: 10
data_loading: 0.027304887771606445
filling: 0.5141711235046387
writing: 0.158355712890625
