n_obs: 10
data_loading: 0.027292728424072266
filling: 0.5498414039611816
writing: 0.1662461757659912
