n_obs: 10
data_loading: 0.05479097366333008
filling: 1.2687046527862549
writing: 0.26828908920288086
