n_obs: 10
data_loading: 0.02536487579345703
filling: 0.5178654193878174
writing: 0.13540196418762207
