n_obs: 10
data_loading: 0.02764415740966797
filling: 0.582054615020752
writing: 0.16659975051879883
