n_obs: 10
data_loading: 0.024387359619140625
filling: 0.4881784915924072
writing: 0.13710427284240723
