n_obs: 10
data_loading: 0.0248110294342041
filling: 0.47990989685058594
writing: 0.16628026962280273
