n_obs: 10
data_loading: 0.03700757026672363
filling: 0.8434059619903564
writing: 0.22030305862426758
