n_obs: 10
data_loading: 0.04124855995178223
filling: 1.03074312210083
writing: 0.21586298942565918
