n_obs: 10
data_loading: 0.027600526809692383
filling: 0.5281717777252197
writing: 0.15596532821655273
