n_obs: 10
data_loading: 0.04502081871032715
filling: 1.0381062030792236
writing: 0.26998424530029297
