n_obs: 10
data_loading: 0.030793428421020508
filling: 0.8765685558319092
writing: 0.2133774757385254
