n_obs: 10
data_loading: 0.02653980255126953
filling: 0.5567924976348877
writing: 0.1669609546661377
