n_obs: 10
data_loading: 0.04065704345703125
filling: 0.8796277046203613
writing: 0.22429203987121582
