n_obs: 10
data_loading: 0.0235137939453125
filling: 0.4419848918914795
writing: 0.16527438163757324
