n_obs: 10
data_loading: 0.02687549591064453
filling: 0.5585067272186279
writing: 0.16816306114196777
