n_obs: 10
data_loading: 0.0332636833190918
filling: 0.9575085639953613
writing: 0.21191978454589844
