n_obs: 10
data_loading: 0.04066109657287598
filling: 0.809241533279419
writing: 0.22487306594848633
