n_obs: 10
data_loading: 0.04697060585021973
filling: 1.153028964996338
writing: 0.24622654914855957
