n_obs: 10
data_loading: 0.0435175895690918
filling: 0.9789438247680664
writing: 0.2552759647369385
