n_obs: 10
data_loading: 0.023181438446044922
filling: 0.4559895992279053
writing: 0.16586756706237793
