n_obs: 10
data_loading: 0.027698278427124023
filling: 0.8002109527587891
writing: 0.18791794776916504
