n_obs: 10
data_loading: 0.04386615753173828
filling: 1.059788703918457
writing: 0.23032832145690918
