n_obs: 10
data_loading: 0.03949689865112305
filling: 0.893665075302124
writing: 0.2141706943511963
