n_obs: 10
data_loading: 0.02856922149658203
filling: 0.5102858543395996
writing: 0.16561627388000488
