n_obs: 10
data_loading: 0.034134864807128906
filling: 0.9472312927246094
writing: 0.2470865249633789
