n_obs: 10
data_loading: 0.03361940383911133
filling: 0.9827828407287598
writing: 0.21333742141723633
