n_obs: 10
data_loading: 0.025255918502807617
filling: 0.5322751998901367
writing: 0.165236234664917
