n_obs: 10
data_loading: 0.026636838912963867
filling: 0.5529067516326904
writing: 0.16904950141906738
