n_obs: 10
data_loading: 0.02387094497680664
filling: 0.48494648933410645
writing: 0.1661074161529541
