n_obs: 10
data_loading: 0.04311680793762207
filling: 0.9219841957092285
writing: 0.24724888801574707
