n_obs: 10
data_loading: 0.046971797943115234
filling: 0.9917500019073486
writing: 0.2497844696044922
