n_obs: 10
data_loading: 0.027403593063354492
filling: 0.5807700157165527
writing: 0.16963481903076172
