n_obs: 10
data_loading: 0.05398702621459961
filling: 1.0651865005493164
writing: 0.22655820846557617
