n_obs: 10
data_loading: 0.033120155334472656
filling: 0.7817025184631348
writing: 0.1858534812927246
