n_obs: 10
data_loading: 0.031269073486328125
filling: 0.8902778625488281
writing: 0.20981144905090332
