n_obs: 10
data_loading: 0.04697465896606445
filling: 0.9964029788970947
writing: 0.24500417709350586
