n_obs: 10
data_loading: 0.027476787567138672
filling: 0.5794563293457031
writing: 0.1663064956665039
