n_obs: 10
data_loading: 0.0420985221862793
filling: 0.9209470748901367
writing: 0.23521208763122559
