n_obs: 10
data_loading: 0.027491092681884766
filling: 0.4724845886230469
writing: 0.16959428787231445
