n_obs: 10
data_loading: 0.058484554290771484
filling: 1.1681983470916748
writing: 0.2590923309326172
