n_obs: 10
data_loading: 0.026242971420288086
filling: 0.5183277130126953
writing: 0.1696922779083252
