n_obs: 10
data_loading: 0.029777050018310547
filling: 0.5810637474060059
writing: 0.16963481903076172
