n_obs: 10
data_loading: 0.02763986587524414
filling: 0.5152068138122559
writing: 0.16593289375305176
