n_obs: 10
data_loading: 0.03388261795043945
filling: 0.79744553565979
writing: 0.1955854892730713
