n_obs: 10
data_loading: 0.027309179306030273
filling: 0.5681858062744141
writing: 0.17650055885314941
