n_obs: 10
data_loading: 0.03723645210266113
filling: 0.934084415435791
writing: 0.22353625297546387
