n_obs: 10
data_loading: 0.04461336135864258
filling: 1.6821856498718262
writing: 0.21877145767211914
