n_obs: 10
data_loading: 0.03395247459411621
filling: 1.19846510887146
writing: 0.21312570571899414
