n_obs: 10
data_loading: 0.05111551284790039
filling: 1.6934356689453125
writing: 0.220628023147583
