n_obs: 10
data_loading: 0.04739832878112793
filling: 0.9672043323516846
writing: 0.2365727424621582
