n_obs: 10
data_loading: 0.04567384719848633
filling: 1.0094869136810303
writing: 0.2646617889404297
