n_obs: 10
data_loading: 0.06956171989440918
filling: 0.9639668464660645
writing: 0.19347214698791504
