n_obs: 10
data_loading: 0.04197430610656738
filling: 0.9503092765808105
writing: 0.22757792472839355
