n_obs: 10
data_loading: 0.09697747230529785
filling: 0.5224087238311768
writing: 0.16847681999206543
