n_obs: 10
data_loading: 0.03325319290161133
filling: 0.9047946929931641
writing: 0.21215152740478516
