n_obs: 10
data_loading: 0.04177069664001465
filling: 0.9378278255462646
writing: 0.2592887878417969
