n_obs: 10
data_loading: 0.03674483299255371
filling: 0.9844627380371094
writing: 0.2531249523162842
