n_obs: 10
data_loading: 0.026521921157836914
filling: 0.5365042686462402
writing: 0.16168498992919922
