n_obs: 10
data_loading: 0.03314805030822754
filling: 1.0317058563232422
writing: 0.17015504837036133
