n_obs: 10
data_loading: 0.03910470008850098
filling: 1.1743814945220947
writing: 0.22639226913452148
