n_obs: 10
data_loading: 0.023014068603515625
filling: 0.45653557777404785
writing: 0.16852664947509766
