n_obs: 10
data_loading: 0.02655315399169922
filling: 0.5410113334655762
writing: 0.16832995414733887
