n_obs: 10
data_loading: 0.04272627830505371
filling: 0.9341261386871338
writing: 0.2618443965911865
