n_obs: 10
data_loading: 0.02415180206298828
filling: 0.46640968322753906
writing: 0.16557717323303223
