n_obs: 10
data_loading: 0.07963156700134277
filling: 0.5233228206634521
writing: 0.16751885414123535
