n_obs: 10
data_loading: 0.0331120491027832
filling: 0.7831714153289795
writing: 0.19244885444641113
