n_obs: 10
data_loading: 0.0295102596282959
filling: 0.5525329113006592
writing: 0.17121267318725586
