n_obs: 10
data_loading: 0.041298627853393555
filling: 0.8959774971008301
writing: 0.22307562828063965
