n_obs: 10
data_loading: 0.03840494155883789
filling: 0.9167726039886475
writing: 0.22689080238342285
