n_obs: 10
data_loading: 0.023684978485107422
filling: 0.4794192314147949
writing: 0.16602802276611328
