n_obs: 10
data_loading: 0.02496051788330078
filling: 0.4559206962585449
writing: 0.16811585426330566
