n_obs: 10
data_loading: 0.02313232421875
filling: 0.4651038646697998
writing: 0.16572856903076172
