n_obs: 10
data_loading: 0.03094029426574707
filling: 0.8846309185028076
writing: 0.2138068675994873
