n_obs: 10
data_loading: 0.05224156379699707
filling: 0.8999462127685547
writing: 0.19473791122436523
