n_obs: 10
data_loading: 0.029265642166137695
filling: 0.5606718063354492
writing: 0.1684856414794922
