n_obs: 10
data_loading: 0.08755183219909668
filling: 0.9745597839355469
writing: 0.2473132610321045
