n_obs: 10
data_loading: 0.039081573486328125
filling: 0.898874044418335
writing: 0.22397637367248535
