n_obs: 10
data_loading: 0.028239965438842773
filling: 0.5466461181640625
writing: 0.16599369049072266
