n_obs: 10
data_loading: 0.02378559112548828
filling: 0.4556083679199219
writing: 0.16650962829589844
