n_obs: 10
data_loading: 0.04935622215270996
filling: 1.0643854141235352
writing: 0.24727249145507812
