n_obs: 10
data_loading: 0.03711557388305664
filling: 1.033008337020874
writing: 0.27245068550109863
