n_obs: 10
data_loading: 0.02387213706970215
filling: 0.4558138847351074
writing: 0.16814017295837402
