n_obs: 10
data_loading: 0.02629995346069336
filling: 0.50459885597229
writing: 0.17836737632751465
