n_obs: 10
data_loading: 0.027859210968017578
filling: 0.5233542919158936
writing: 0.16698193550109863
