n_obs: 10
data_loading: 0.02364373207092285
filling: 0.44766879081726074
writing: 0.1659235954284668
