n_obs: 10
data_loading: 0.02400660514831543
filling: 0.4537341594696045
writing: 0.16834187507629395
