n_obs: 10
data_loading: 0.03109264373779297
filling: 0.8790709972381592
writing: 0.21349263191223145
