n_obs: 10
data_loading: 0.02862071990966797
filling: 0.5698580741882324
writing: 0.16680359840393066
