n_obs: 10
data_loading: 0.023415327072143555
filling: 0.4439220428466797
writing: 0.16800379753112793
