n_obs: 10
data_loading: 0.07093262672424316
filling: 0.4563167095184326
writing: 0.16778826713562012
