n_obs: 10
data_loading: 0.028174638748168945
filling: 0.49451398849487305
writing: 0.16657757759094238
