n_obs: 10
data_loading: 0.05756950378417969
filling: 1.1755940914154053
writing: 0.2511141300201416
