n_obs: 10
data_loading: 0.027359962463378906
filling: 0.5153160095214844
writing: 0.16627788543701172
