n_obs: 10
data_loading: 0.037662506103515625
filling: 0.9927623271942139
writing: 0.2499370574951172
