n_obs: 10
data_loading: 0.023575544357299805
filling: 0.62815260887146
writing: 0.1349654197692871
