n_obs: 10
data_loading: 0.038062095642089844
filling: 0.8976113796234131
writing: 0.2254016399383545
