n_obs: 10
data_loading: 0.036926984786987305
filling: 0.8728382587432861
writing: 0.2082386016845703
