n_obs: 10
data_loading: 0.07497525215148926
filling: 0.48633623123168945
writing: 0.16671490669250488
