n_obs: 10
data_loading: 0.027451753616333008
filling: 0.5193963050842285
writing: 0.16632819175720215
