n_obs: 10
data_loading: 0.07980608940124512
filling: 0.47358036041259766
writing: 0.1651287078857422
