n_obs: 10
data_loading: 0.0429232120513916
filling: 0.9382176399230957
writing: 0.2597658634185791
