n_obs: 10
data_loading: 0.059797048568725586
filling: 1.0721726417541504
writing: 0.22648406028747559
