n_obs: 10
data_loading: 0.0239412784576416
filling: 0.4508628845214844
writing: 0.17380356788635254
