n_obs: 10
data_loading: 0.03669452667236328
filling: 0.8850851058959961
writing: 0.2216053009033203
