n_obs: 10
data_loading: 0.04455733299255371
filling: 1.0104241371154785
writing: 0.27256083488464355
