n_obs: 10
data_loading: 0.024092435836791992
filling: 0.46130847930908203
writing: 0.16514348983764648
