n_obs: 10
data_loading: 0.02555227279663086
filling: 0.49831485748291016
writing: 0.16716694831848145
