n_obs: 10
data_loading: 0.040792226791381836
filling: 0.913477897644043
writing: 0.22936511039733887
