n_obs: 10
data_loading: 0.02391505241394043
filling: 0.46320605278015137
writing: 0.16534733772277832
