n_obs: 10
data_loading: 0.022945165634155273
filling: 0.420318603515625
writing: 0.1643526554107666
