n_obs: 10
data_loading: 0.046123504638671875
filling: 0.9967367649078369
writing: 0.22005271911621094
