n_obs: 10
data_loading: 0.08693122863769531
filling: 0.49146246910095215
writing: 0.16746926307678223
