n_obs: 10
data_loading: 0.039905548095703125
filling: 1.0681328773498535
writing: 0.21115779876708984
