n_obs: 10
data_loading: 0.04593086242675781
filling: 0.9408998489379883
writing: 0.2726731300354004
