n_obs: 10
data_loading: 0.05153656005859375
filling: 1.085381031036377
writing: 0.25071024894714355
