n_obs: 10
data_loading: 0.022716999053955078
filling: 0.4288046360015869
writing: 0.1849682331085205
