n_obs: 10
data_loading: 0.02540135383605957
filling: 0.7004716396331787
writing: 0.15084147453308105
