n_obs: 10
data_loading: 0.027507305145263672
filling: 0.5544230937957764
writing: 0.16704392433166504
