n_obs: 10
data_loading: 0.03226113319396973
filling: 0.7679502964019775
writing: 0.19624876976013184
