n_obs: 10
data_loading: 0.023350000381469727
filling: 0.44265031814575195
writing: 0.16492962837219238
