n_obs: 10
data_loading: 0.026871681213378906
filling: 0.5102086067199707
writing: 0.1574547290802002
