n_obs: 10
data_loading: 0.047814130783081055
filling: 1.0458648204803467
writing: 0.24697160720825195
