n_obs: 10
data_loading: 0.04330778121948242
filling: 0.9251687526702881
writing: 0.2468245029449463
