n_obs: 10
data_loading: 0.038384199142456055
filling: 0.9883086681365967
writing: 0.2512073516845703
