n_obs: 10
data_loading: 0.023514270782470703
filling: 0.4753389358520508
writing: 0.1663355827331543
