n_obs: 10
data_loading: 0.028101682662963867
filling: 0.48311281204223633
writing: 0.16658973693847656
