n_obs: 10
data_loading: 0.045011281967163086
filling: 1.0821483135223389
writing: 0.23704195022583008
