n_obs: 10
data_loading: 0.04625129699707031
filling: 0.9864137172698975
writing: 0.20256400108337402
