n_obs: 10
data_loading: 0.030146360397338867
filling: 1.3106920719146729
writing: 0.19391465187072754
