n_obs: 10
data_loading: 0.052071332931518555
filling: 1.0228855609893799
writing: 0.25963568687438965
