n_obs: 10
data_loading: 0.042459964752197266
filling: 0.9712121486663818
writing: 0.24951720237731934
