n_obs: 10
data_loading: 0.027980804443359375
filling: 0.5686495304107666
writing: 0.16955089569091797
