n_obs: 10
data_loading: 0.046552419662475586
filling: 0.9285809993743896
writing: 0.24202227592468262
