n_obs: 10
data_loading: 0.026892900466918945
filling: 0.5709254741668701
writing: 0.16999340057373047
