n_obs: 10
data_loading: 0.033769845962524414
filling: 1.1660346984863281
writing: 0.2018120288848877
