n_obs: 10
data_loading: 0.025402307510375977
filling: 0.4872448444366455
writing: 0.17271780967712402
