n_obs: 10
data_loading: 0.0442807674407959
filling: 1.26466703414917
writing: 0.2542150020599365
