n_obs: 10
data_loading: 0.027535438537597656
filling: 0.5468001365661621
writing: 0.1666276454925537
