n_obs: 10
data_loading: 0.038660287857055664
filling: 0.8929786682128906
writing: 0.21102476119995117
