n_obs: 10
data_loading: 0.04194140434265137
filling: 0.9288558959960938
writing: 0.23631596565246582
