n_obs: 10
data_loading: 0.024316787719726562
filling: 0.45299291610717773
writing: 0.16505002975463867
