n_obs: 10
data_loading: 0.02767205238342285
filling: 0.5779228210449219
writing: 0.15773868560791016
