n_obs: 10
data_loading: 0.026278018951416016
filling: 0.553734540939331
writing: 0.1682910919189453
