n_obs: 10
data_loading: 0.04848790168762207
filling: 1.1947426795959473
writing: 0.24282217025756836
