n_obs: 10
data_loading: 0.02325296401977539
filling: 0.4942154884338379
writing: 0.16661763191223145
