n_obs: 10
data_loading: 0.024828195571899414
filling: 0.5379290580749512
writing: 0.1667168140411377
