n_obs: 10
data_loading: 0.04788804054260254
filling: 0.8879342079162598
writing: 0.23229146003723145
