n_obs: 10
data_loading: 0.08640933036804199
filling: 1.070716381072998
writing: 0.23087143898010254
