n_obs: 10
data_loading: 0.043905019760131836
filling: 0.9562807083129883
writing: 0.22846746444702148
