n_obs: 10
data_loading: 0.050202131271362305
filling: 1.0577080249786377
writing: 0.26767492294311523
