n_obs: 10
data_loading: 0.07247614860534668
filling: 0.4669675827026367
writing: 0.16528105735778809
