n_obs: 10
data_loading: 0.03137040138244629
filling: 0.7856769561767578
writing: 0.19769668579101562
