n_obs: 10
data_loading: 0.02693939208984375
filling: 0.5534522533416748
writing: 0.16627931594848633
