n_obs: 10
data_loading: 0.027738571166992188
filling: 0.527824878692627
writing: 0.17867708206176758
