n_obs: 10
data_loading: 0.02907872200012207
filling: 0.5665431022644043
writing: 0.16669154167175293
