n_obs: 10
data_loading: 0.0336911678314209
filling: 0.8004634380340576
writing: 0.19954228401184082
