n_obs: 10
data_loading: 0.0316166877746582
filling: 0.7658448219299316
writing: 0.19326496124267578
