n_obs: 10
data_loading: 0.025936603546142578
filling: 0.7502715587615967
writing: 0.15338635444641113
