n_obs: 10
data_loading: 0.027557373046875
filling: 0.586479902267456
writing: 0.16924071311950684
