n_obs: 10
data_loading: 0.0473332405090332
filling: 1.0765187740325928
writing: 0.23086285591125488
