n_obs: 10
data_loading: 0.02334904670715332
filling: 0.4768509864807129
writing: 0.1646862030029297
