n_obs: 10
data_loading: 0.028087377548217773
filling: 0.5254449844360352
writing: 0.16624069213867188
