n_obs: 10
data_loading: 0.02338576316833496
filling: 0.4585568904876709
writing: 0.16782426834106445
