n_obs: 10
data_loading: 0.025551795959472656
filling: 0.511831521987915
writing: 0.1661999225616455
