n_obs: 10
data_loading: 0.08066058158874512
filling: 0.8664608001708984
writing: 0.2032313346862793
