n_obs: 10
data_loading: 0.02539372444152832
filling: 0.6925721168518066
writing: 0.14064431190490723
