n_obs: 10
data_loading: 0.0312962532043457
filling: 0.7835359573364258
writing: 0.19664335250854492
