n_obs: 10
data_loading: 0.04449820518493652
filling: 0.9495546817779541
writing: 0.2587733268737793
