n_obs: 10
data_loading: 0.04215574264526367
filling: 0.9238543510437012
writing: 0.23717522621154785
