n_obs: 10
data_loading: 0.026937484741210938
filling: 0.5154471397399902
writing: 0.16588044166564941
