n_obs: 10
data_loading: 0.042841196060180664
filling: 0.9654965400695801
writing: 0.2530496120452881
