n_obs: 10
data_loading: 0.03241086006164551
filling: 0.9057521820068359
writing: 0.2127366065979004
