n_obs: 10
data_loading: 0.03260374069213867
filling: 0.8484170436859131
writing: 0.2236030101776123
