n_obs: 10
data_loading: 0.03469085693359375
filling: 1.0881359577178955
writing: 0.20296883583068848
