n_obs: 10
data_loading: 0.02650165557861328
filling: 0.5454182624816895
writing: 0.16866254806518555
