n_obs: 10
data_loading: 0.04381084442138672
filling: 0.928185224533081
writing: 0.24570441246032715
