n_obs: 10
data_loading: 0.024634361267089844
filling: 0.4822871685028076
writing: 0.17536592483520508
