n_obs: 10
data_loading: 0.025379657745361328
filling: 0.7880752086639404
writing: 0.15222430229187012
