n_obs: 10
data_loading: 0.050312042236328125
filling: 1.0867831707000732
writing: 0.23411846160888672
