n_obs: 10
data_loading: 0.02758646011352539
filling: 0.5507853031158447
writing: 0.16652822494506836
