n_obs: 10
data_loading: 0.023649215698242188
filling: 0.4676802158355713
writing: 0.1657264232635498
