n_obs: 10
data_loading: 0.04464983940124512
filling: 1.0808632373809814
writing: 0.2340848445892334
