n_obs: 10
data_loading: 0.032332658767700195
filling: 0.9947476387023926
writing: 0.205458402633667
