n_obs: 10
data_loading: 0.02776050567626953
filling: 0.701054573059082
writing: 0.17045354843139648
