n_obs: 10
data_loading: 0.03123927116394043
filling: 0.6906111240386963
writing: 0.1465129852294922
