n_obs: 10
data_loading: 0.03884577751159668
filling: 0.8607339859008789
writing: 0.1675403118133545
