n_obs: 10
data_loading: 0.04253697395324707
filling: 0.9292933940887451
writing: 0.24690723419189453
