n_obs: 10
data_loading: 0.023385047912597656
filling: 0.4634110927581787
writing: 0.1656022071838379
