n_obs: 10
data_loading: 0.02590155601501465
filling: 0.7587368488311768
writing: 0.15083098411560059
