n_obs: 10
data_loading: 0.048090219497680664
filling: 1.125
writing: 0.25991106033325195
