n_obs: 10
data_loading: 0.048508644104003906
filling: 0.9958899021148682
writing: 0.2520108222961426
