n_obs: 10
data_loading: 0.027940988540649414
filling: 0.5400331020355225
writing: 0.17185521125793457
