n_obs: 10
data_loading: 0.03261709213256836
filling: 0.806856632232666
writing: 0.1986386775970459
