n_obs: 10
data_loading: 0.03143048286437988
filling: 0.9670388698577881
writing: 0.21370983123779297
