n_obs: 10
data_loading: 0.05705881118774414
filling: 1.020972728729248
writing: 0.21445107460021973
