n_obs: 10
data_loading: 0.04675555229187012
filling: 0.925661563873291
writing: 0.23706364631652832
