n_obs: 10
data_loading: 0.02803945541381836
filling: 0.5337638854980469
writing: 0.1656479835510254
