n_obs: 10
data_loading: 0.043889522552490234
filling: 1.0015320777893066
writing: 0.2471451759338379
