n_obs: 10
data_loading: 0.036412715911865234
filling: 0.8891615867614746
writing: 0.22112345695495605
