n_obs: 10
data_loading: 0.032584428787231445
filling: 0.9089937210083008
writing: 0.21407675743103027
