n_obs: 10
data_loading: 0.03258109092712402
filling: 0.9100546836853027
writing: 0.2148268222808838
