n_obs: 10
data_loading: 0.0776216983795166
filling: 0.481414794921875
writing: 0.16700959205627441
