n_obs: 10
data_loading: 0.05112719535827637
filling: 1.1634602546691895
writing: 0.24682927131652832
