n_obs: 10
data_loading: 0.028069257736206055
filling: 0.5420088768005371
writing: 0.16587448120117188
