n_obs: 10
data_loading: 0.0368649959564209
filling: 0.8923509120941162
writing: 0.22058892250061035
