n_obs: 10
data_loading: 0.023435354232788086
filling: 0.4481534957885742
writing: 0.16657090187072754
