n_obs: 10
data_loading: 0.042943477630615234
filling: 0.9303138256072998
writing: 0.24218511581420898
