n_obs: 10
data_loading: 0.044028520584106445
filling: 1.1116118431091309
writing: 0.2436075210571289
