n_obs: 10
data_loading: 0.07334399223327637
filling: 0.45987963676452637
writing: 0.16778135299682617
