n_obs: 10
data_loading: 0.02332592010498047
filling: 0.45533323287963867
writing: 0.165297269821167
