n_obs: 10
data_loading: 0.025609731674194336
filling: 0.5132567882537842
writing: 0.15594100952148438
