n_obs: 10
data_loading: 0.027575969696044922
filling: 0.5569899082183838
writing: 0.16623950004577637
