n_obs: 10
data_loading: 0.0273745059967041
filling: 0.5637145042419434
writing: 0.1661689281463623
