n_obs: 10
data_loading: 0.029512643814086914
filling: 0.5834262371063232
writing: 0.16779160499572754
