n_obs: 10
data_loading: 0.02336716651916504
filling: 0.4846615791320801
writing: 0.16846990585327148
