n_obs: 10
data_loading: 0.033167123794555664
filling: 0.7831845283508301
writing: 0.19449424743652344
