n_obs: 10
data_loading: 0.02718377113342285
filling: 0.550006628036499
writing: 0.16850805282592773
