n_obs: 10
data_loading: 0.043390750885009766
filling: 0.9852273464202881
writing: 0.2626838684082031
