n_obs: 10
data_loading: 0.02718067169189453
filling: 0.5735042095184326
writing: 0.16675734519958496
