n_obs: 10
data_loading: 0.025211811065673828
filling: 0.5064208507537842
writing: 0.16643595695495605
