n_obs: 10
data_loading: 0.04958677291870117
filling: 1.5441040992736816
writing: 0.2456071376800537
