n_obs: 10
data_loading: 0.04718756675720215
filling: 0.9102234840393066
writing: 0.27117085456848145
