n_obs: 10
data_loading: 0.032514333724975586
filling: 0.9248406887054443
writing: 0.21467113494873047
