n_obs: 10
data_loading: 0.023347139358520508
filling: 0.4664583206176758
writing: 0.1676955223083496
