n_obs: 10
data_loading: 0.08018183708190918
filling: 0.9600889682769775
writing: 0.24856019020080566
