n_obs: 10
data_loading: 0.02551412582397461
filling: 0.5107772350311279
writing: 0.17865967750549316
