n_obs: 10
data_loading: 0.033830881118774414
filling: 1.119358777999878
writing: 0.20275020599365234
