n_obs: 10
data_loading: 0.027096271514892578
filling: 0.5591573715209961
writing: 0.1686570644378662
