n_obs: 10
data_loading: 0.033383846282958984
filling: 0.7717061042785645
writing: 0.1981956958770752
