n_obs: 10
data_loading: 0.031099557876586914
filling: 0.9420220851898193
writing: 0.21007871627807617
