n_obs: 10
data_loading: 0.0277559757232666
filling: 0.5121142864227295
writing: 0.1661818027496338
