n_obs: 10
data_loading: 0.024279356002807617
filling: 0.49622344970703125
writing: 0.1703507900238037
