n_obs: 10
data_loading: 0.03805994987487793
filling: 0.9804234504699707
writing: 0.2514176368713379
