n_obs: 10
data_loading: 0.02670884132385254
filling: 0.5491015911102295
writing: 0.1662616729736328
