n_obs: 10
data_loading: 0.048113107681274414
filling: 1.0166568756103516
writing: 0.2743954658508301
