n_obs: 10
data_loading: 0.023918628692626953
filling: 0.45426416397094727
writing: 0.16485977172851562
