n_obs: 10
data_loading: 0.04609394073486328
filling: 1.0437555313110352
writing: 0.2232799530029297
