n_obs: 10
data_loading: 0.03318953514099121
filling: 0.786083459854126
writing: 0.19833922386169434
