n_obs: 10
data_loading: 0.044046878814697266
filling: 0.9958305358886719
writing: 0.2583448886871338
