n_obs: 10
data_loading: 0.07054376602172852
filling: 0.4787883758544922
writing: 0.16713881492614746
