n_obs: 10
data_loading: 0.0418400764465332
filling: 0.8803694248199463
writing: 0.17788147926330566
