n_obs: 10
data_loading: 0.04892373085021973
filling: 1.0326471328735352
writing: 0.23229646682739258
