n_obs: 10
data_loading: 0.04152822494506836
filling: 0.9161033630371094
writing: 0.2563915252685547
