n_obs: 10
data_loading: 0.04395270347595215
filling: 0.9450397491455078
writing: 0.24071335792541504
