n_obs: 10
data_loading: 0.06735420227050781
filling: 0.47429704666137695
writing: 0.16665029525756836
