n_obs: 10
data_loading: 0.03087639808654785
filling: 0.8970084190368652
writing: 0.2090914249420166
