n_obs: 10
data_loading: 0.04070568084716797
filling: 0.8406150341033936
writing: 0.20601654052734375
