n_obs: 10
data_loading: 0.034087181091308594
filling: 0.9311540126800537
writing: 0.2425227165222168
