n_obs: 10
data_loading: 0.04140210151672363
filling: 1.01487398147583
writing: 0.20217275619506836
