n_obs: 10
data_loading: 0.027829408645629883
filling: 0.5268416404724121
writing: 0.16565489768981934
