n_obs: 10
data_loading: 0.05574846267700195
filling: 1.0798490047454834
writing: 0.24436020851135254
