n_obs: 10
data_loading: 0.02511429786682129
filling: 0.5043573379516602
writing: 0.16587495803833008
