n_obs: 10
data_loading: 0.05648016929626465
filling: 1.1231462955474854
writing: 0.20482325553894043
