n_obs: 10
data_loading: 0.04734039306640625
filling: 0.9401350021362305
writing: 0.23916125297546387
