n_obs: 10
data_loading: 0.035897254943847656
filling: 0.9564752578735352
writing: 0.23331379890441895
