n_obs: 10
data_loading: 0.03059244155883789
filling: 0.8810617923736572
writing: 0.203810453414917
