n_obs: 10
data_loading: 0.037186384201049805
filling: 0.8467929363250732
writing: 0.20982956886291504
