n_obs: 10
data_loading: 0.040452003479003906
filling: 1.0437166690826416
writing: 0.2168581485748291
