n_obs: 10
data_loading: 0.03799724578857422
filling: 0.8682281970977783
writing: 0.22412109375
