n_obs: 10
data_loading: 0.041608572006225586
filling: 0.9305050373077393
writing: 0.24041008949279785
