n_obs: 10
data_loading: 0.028319120407104492
filling: 0.5260579586029053
writing: 0.16713953018188477
