n_obs: 10
data_loading: 0.03265261650085449
filling: 1.1447062492370605
writing: 0.21095681190490723
