n_obs: 10
data_loading: 0.03406047821044922
filling: 0.9300920963287354
writing: 0.20694851875305176
