n_obs: 10
data_loading: 0.026816844940185547
filling: 0.5610158443450928
writing: 0.16635870933532715
