n_obs: 10
data_loading: 0.0318293571472168
filling: 0.8497874736785889
writing: 0.2244267463684082
