n_obs: 10
data_loading: 0.023497819900512695
filling: 0.48999500274658203
writing: 0.165940523147583
