n_obs: 10
data_loading: 0.041568756103515625
filling: 0.8841731548309326
writing: 0.24098992347717285
