n_obs: 10
data_loading: 0.023133516311645508
filling: 0.44929933547973633
writing: 0.16791439056396484
