n_obs: 10
data_loading: 0.026724815368652344
filling: 0.5544393062591553
writing: 0.18936657905578613
