n_obs: 10
data_loading: 0.06858277320861816
filling: 0.4552171230316162
writing: 0.16746044158935547
