n_obs: 10
data_loading: 0.04826951026916504
filling: 0.9862022399902344
writing: 0.24956607818603516
