n_obs: 10
data_loading: 0.03807473182678223
filling: 1.1499624252319336
writing: 0.20610427856445312
