n_obs: 10
data_loading: 0.027466535568237305
filling: 0.5027997493743896
writing: 0.15805959701538086
