n_obs: 10
data_loading: 0.03637504577636719
filling: 0.9817452430725098
writing: 0.25313830375671387
