n_obs: 10
data_loading: 0.03531908988952637
filling: 0.8428130149841309
writing: 0.20012831687927246
