n_obs: 10
data_loading: 0.03182721138000488
filling: 0.8500144481658936
writing: 0.21176362037658691
