n_obs: 10
data_loading: 0.03542757034301758
filling: 0.800325870513916
writing: 0.20730113983154297
