n_obs: 10
data_loading: 0.03288555145263672
filling: 0.8732960224151611
writing: 0.1978917121887207
