n_obs: 10
data_loading: 0.03810262680053711
filling: 0.8473384380340576
writing: 0.21156716346740723
