n_obs: 10
data_loading: 0.023790836334228516
filling: 0.44583559036254883
writing: 0.16547346115112305
