n_obs: 10
data_loading: 0.026749610900878906
filling: 0.5181350708007812
writing: 0.1661701202392578
