n_obs: 10
data_loading: 0.03786492347717285
filling: 1.0536019802093506
writing: 0.20578694343566895
