n_obs: 10
data_loading: 0.02800774574279785
filling: 0.5291504859924316
writing: 0.19448041915893555
