n_obs: 10
data_loading: 0.034488677978515625
filling: 1.2892231941223145
writing: 0.19993805885314941
