n_obs: 10
data_loading: 0.026444435119628906
filling: 0.49778175354003906
writing: 0.1554582118988037
