n_obs: 10
data_loading: 0.031006574630737305
filling: 0.6214497089385986
writing: 0.1692802906036377
