n_obs: 10
data_loading: 0.04833865165710449
filling: 1.0141527652740479
writing: 0.2636070251464844
