n_obs: 10
data_loading: 0.02736496925354004
filling: 0.49879956245422363
writing: 0.15728306770324707
