n_obs: 10
data_loading: 0.030726194381713867
filling: 0.9756476879119873
writing: 0.20309972763061523
