n_obs: 10
data_loading: 0.02818894386291504
filling: 0.528888463973999
writing: 0.16971611976623535
