n_obs: 10
data_loading: 0.023381471633911133
filling: 0.4421720504760742
writing: 0.1664721965789795
