n_obs: 10
data_loading: 0.025028467178344727
filling: 0.4788079261779785
writing: 0.16687488555908203
