n_obs: 10
data_loading: 0.032071590423583984
filling: 0.7815427780151367
writing: 0.1927781105041504
