n_obs: 10
data_loading: 0.03103041648864746
filling: 0.836310863494873
writing: 0.2082831859588623
