n_obs: 10
data_loading: 0.03565192222595215
filling: 0.9857308864593506
writing: 0.23968768119812012
