n_obs: 10
data_loading: 0.027045011520385742
filling: 0.559518575668335
writing: 0.1658167839050293
