n_obs: 10
data_loading: 0.04662060737609863
filling: 1.079557180404663
writing: 0.22916460037231445
