n_obs: 10
data_loading: 0.039945363998413086
filling: 0.8795430660247803
writing: 0.2352275848388672
