n_obs: 10
data_loading: 0.02743816375732422
filling: 0.5567305088043213
writing: 0.1664881706237793
