n_obs: 10
data_loading: 0.05458712577819824
filling: 1.098679780960083
writing: 0.2273564338684082
