n_obs: 10
data_loading: 0.03418469429016113
filling: 0.9822685718536377
writing: 0.21222805976867676
