n_obs: 10
data_loading: 0.037917137145996094
filling: 0.9617276191711426
writing: 0.2259976863861084
