n_obs: 10
data_loading: 0.03285551071166992
filling: 0.7712044715881348
writing: 0.19808578491210938
