n_obs: 10
data_loading: 0.05452704429626465
filling: 1.0572454929351807
writing: 0.24281978607177734
