n_obs: 10
data_loading: 0.0397953987121582
filling: 0.9861338138580322
writing: 0.21561813354492188
