n_obs: 10
data_loading: 0.026428699493408203
filling: 0.4930136203765869
writing: 0.15899872779846191
