n_obs: 10
data_loading: 0.028035879135131836
filling: 0.5730013847351074
writing: 0.16971659660339355
