n_obs: 10
data_loading: 0.05989861488342285
filling: 1.0463883876800537
writing: 0.2533392906188965
