n_obs: 10
data_loading: 0.028171300888061523
filling: 0.5393836498260498
writing: 0.16606998443603516
