n_obs: 10
data_loading: 0.045319557189941406
filling: 0.9886853694915771
writing: 0.20021772384643555
