n_obs: 10
data_loading: 0.04540205001831055
filling: 1.0341246128082275
writing: 0.26703763008117676
