n_obs: 10
data_loading: 0.04104161262512207
filling: 0.8775300979614258
writing: 0.22961997985839844
