n_obs: 10
data_loading: 0.036466121673583984
filling: 1.3143491744995117
writing: 0.24312233924865723
