n_obs: 10
data_loading: 0.0706474781036377
filling: 0.4770495891571045
writing: 0.1650862693786621
