n_obs: 10
data_loading: 0.034416913986206055
filling: 1.052579641342163
writing: 0.20233702659606934
