n_obs: 10
data_loading: 0.03353166580200195
filling: 1.1685075759887695
writing: 0.20441484451293945
