n_obs: 10
data_loading: 0.04644441604614258
filling: 0.9537804126739502
writing: 0.21274256706237793
