n_obs: 10
data_loading: 0.02433323860168457
filling: 0.4642806053161621
writing: 0.16858839988708496
