n_obs: 10
data_loading: 0.02521538734436035
filling: 0.4471700191497803
writing: 0.16511321067810059
