n_obs: 10
data_loading: 0.02382373809814453
filling: 0.48540568351745605
writing: 0.16831755638122559
