n_obs: 10
data_loading: 0.02773594856262207
filling: 0.574120044708252
writing: 0.16667842864990234
