n_obs: 10
data_loading: 0.03543257713317871
filling: 1.0295288562774658
writing: 0.25060558319091797
