n_obs: 10
data_loading: 0.06791877746582031
filling: 0.4757964611053467
writing: 0.16514086723327637
