n_obs: 10
data_loading: 0.025679588317871094
filling: 0.503049373626709
writing: 0.16574835777282715
