n_obs: 10
data_loading: 0.048059940338134766
filling: 0.9491622447967529
writing: 0.25162720680236816
