n_obs: 10
data_loading: 0.04177117347717285
filling: 0.8883786201477051
writing: 0.23423337936401367
