n_obs: 10
data_loading: 0.028638362884521484
filling: 0.527634859085083
writing: 0.16724228858947754
