n_obs: 10
data_loading: 0.031249284744262695
filling: 1.0654280185699463
writing: 0.20551753044128418
