n_obs: 10
data_loading: 0.027447223663330078
filling: 0.4905695915222168
writing: 0.16685819625854492
