n_obs: 10
data_loading: 0.0452122688293457
filling: 0.8989226818084717
writing: 0.2275247573852539
