n_obs: 10
data_loading: 0.02791595458984375
filling: 0.5313189029693604
writing: 0.16626644134521484
