n_obs: 10
data_loading: 0.03490591049194336
filling: 1.32698655128479
writing: 0.20172500610351562
