n_obs: 10
data_loading: 0.03163552284240723
filling: 0.9474563598632812
writing: 0.21354293823242188
