n_obs: 10
data_loading: 0.03145909309387207
filling: 0.868769645690918
writing: 0.21376633644104004
