n_obs: 10
data_loading: 0.024346351623535156
filling: 0.4970438480377197
writing: 0.16625666618347168
