n_obs: 10
data_loading: 0.04504895210266113
filling: 0.9564690589904785
writing: 0.25780367851257324
