n_obs: 10
data_loading: 0.03257036209106445
filling: 0.792647123336792
writing: 0.2087695598602295
