n_obs: 10
data_loading: 0.04459834098815918
filling: 1.0133638381958008
writing: 0.26586413383483887
