n_obs: 10
data_loading: 0.04275202751159668
filling: 0.9513256549835205
writing: 0.26183485984802246
