n_obs: 10
data_loading: 0.03476977348327637
filling: 1.149268388748169
writing: 0.2049858570098877
