n_obs: 10
data_loading: 0.02557659149169922
filling: 0.5172364711761475
writing: 0.1674032211303711
