n_obs: 10
data_loading: 0.023808002471923828
filling: 0.4945530891418457
writing: 0.17176604270935059
