n_obs: 10
data_loading: 0.046506404876708984
filling: 1.2748634815216064
writing: 0.2417755126953125
