n_obs: 10
data_loading: 0.04880881309509277
filling: 1.0407085418701172
writing: 0.22490596771240234
