n_obs: 10
data_loading: 0.023185014724731445
filling: 0.45821285247802734
writing: 0.16772913932800293
