n_obs: 10
data_loading: 0.023605823516845703
filling: 0.4854462146759033
writing: 0.16886138916015625
