n_obs: 10
data_loading: 0.032958984375
filling: 0.9719300270080566
writing: 0.21260833740234375
