n_obs: 10
data_loading: 0.024525880813598633
filling: 0.4783172607421875
writing: 0.1695268154144287
