n_obs: 10
data_loading: 0.02330327033996582
filling: 0.4638252258300781
writing: 0.16681790351867676
