n_obs: 10
data_loading: 0.05104398727416992
filling: 1.1297838687896729
writing: 0.25078916549682617
