n_obs: 10
data_loading: 0.07548403739929199
filling: 0.46306920051574707
writing: 0.16611576080322266
