n_obs: 10
data_loading: 0.027698278427124023
filling: 0.5291142463684082
writing: 0.16902589797973633
