n_obs: 10
data_loading: 0.03483843803405762
filling: 1.3147461414337158
writing: 0.2005157470703125
