n_obs: 10
data_loading: 0.026920318603515625
filling: 0.5119349956512451
writing: 0.16557931900024414
