n_obs: 10
data_loading: 0.03870534896850586
filling: 1.236332893371582
writing: 0.24035429954528809
