n_obs: 10
data_loading: 0.02812790870666504
filling: 0.5328409671783447
writing: 0.1662158966064453
