n_obs: 10
data_loading: 0.033683061599731445
filling: 0.8222057819366455
writing: 0.194472074508667
