n_obs: 10
data_loading: 0.04220438003540039
filling: 0.987511396408081
writing: 0.2578282356262207
