n_obs: 10
data_loading: 0.06827759742736816
filling: 0.47670531272888184
writing: 0.16625237464904785
