n_obs: 10
data_loading: 0.04382014274597168
filling: 0.9475457668304443
writing: 0.27100181579589844
