n_obs: 10
data_loading: 0.0423123836517334
filling: 0.8935832977294922
writing: 0.227339506149292
