n_obs: 10
data_loading: 0.053923845291137695
filling: 1.0078341960906982
writing: 0.20119023323059082
