n_obs: 10
data_loading: 0.03151082992553711
filling: 0.7698144912719727
writing: 0.19602298736572266
