n_obs: 10
data_loading: 0.024077415466308594
filling: 0.4646263122558594
writing: 0.16888213157653809
