n_obs: 10
data_loading: 0.024055957794189453
filling: 0.46955204010009766
writing: 0.16695404052734375
