n_obs: 10
data_loading: 0.07337808609008789
filling: 0.9213378429412842
writing: 0.23015189170837402
