n_obs: 10
data_loading: 0.04473471641540527
filling: 1.0384013652801514
writing: 0.2721593379974365
