n_obs: 10
data_loading: 0.02545642852783203
filling: 0.5006968975067139
writing: 0.16630816459655762
