n_obs: 10
data_loading: 0.02787041664123535
filling: 0.52059006690979
writing: 0.16702771186828613
