n_obs: 10
data_loading: 0.030112504959106445
filling: 0.5710303783416748
writing: 0.16724085807800293
