n_obs: 10
data_loading: 0.024312973022460938
filling: 0.4701540470123291
writing: 0.16585540771484375
