n_obs: 10
data_loading: 0.03621363639831543
filling: 0.8531115055084229
writing: 0.19946861267089844
