n_obs: 10
data_loading: 0.0269167423248291
filling: 0.48560166358947754
writing: 0.16614317893981934
