n_obs: 10
data_loading: 0.03925609588623047
filling: 0.901831865310669
writing: 0.22379469871520996
