n_obs: 10
data_loading: 0.027960777282714844
filling: 0.8336119651794434
writing: 0.1905674934387207
