n_obs: 10
data_loading: 0.023619890213012695
filling: 0.4916510581970215
writing: 0.13704419136047363
