n_obs: 10
data_loading: 0.024773359298706055
filling: 0.46674180030822754
writing: 0.16814112663269043
