n_obs: 10
data_loading: 0.027256011962890625
filling: 0.5595946311950684
writing: 0.16626834869384766
