n_obs: 10
data_loading: 0.03591156005859375
filling: 0.7901599407196045
writing: 0.19516229629516602
