n_obs: 10
data_loading: 0.03857088088989258
filling: 1.1274452209472656
writing: 0.20419907569885254
