n_obs: 10
data_loading: 0.027315139770507812
filling: 0.5493409633636475
writing: 0.16589570045471191
