n_obs: 10
data_loading: 0.03136706352233887
filling: 0.9236223697662354
writing: 0.21098804473876953
