n_obs: 10
data_loading: 0.0450892448425293
filling: 1.0053482055664062
writing: 0.2649993896484375
