n_obs: 10
data_loading: 0.03699660301208496
filling: 0.8452749252319336
writing: 0.20887446403503418
