n_obs: 10
data_loading: 0.024973392486572266
filling: 0.4628307819366455
writing: 0.1658337116241455
