n_obs: 10
data_loading: 0.023610830307006836
filling: 0.4572794437408447
writing: 0.1656649112701416
