n_obs: 10
data_loading: 0.04136323928833008
filling: 0.9183571338653564
writing: 0.2449016571044922
