n_obs: 10
data_loading: 0.027137279510498047
filling: 0.5893993377685547
writing: 0.16790103912353516
