n_obs: 10
data_loading: 0.029129743576049805
filling: 0.5435566902160645
writing: 0.1713097095489502
