n_obs: 10
data_loading: 0.02480292320251465
filling: 0.4998512268066406
writing: 0.16937923431396484
