n_obs: 10
data_loading: 0.036347150802612305
filling: 0.9584977626800537
writing: 0.24330663681030273
