n_obs: 10
data_loading: 0.02455759048461914
filling: 0.4994373321533203
writing: 0.1667327880859375
