n_obs: 10
data_loading: 0.023279190063476562
filling: 0.4668002128601074
writing: 0.16597199440002441
