n_obs: 10
data_loading: 0.05079317092895508
filling: 0.9371562004089355
writing: 0.24951410293579102
