n_obs: 10
data_loading: 0.07941436767578125
filling: 0.5012702941894531
writing: 0.1665356159210205
