n_obs: 10
data_loading: 0.023549795150756836
filling: 0.46240973472595215
writing: 0.16588735580444336
