n_obs: 10
data_loading: 0.026206493377685547
filling: 0.49245524406433105
writing: 0.1645057201385498
