n_obs: 10
data_loading: 0.03151226043701172
filling: 0.8666534423828125
writing: 0.21081900596618652
