n_obs: 10
data_loading: 0.02490401268005371
filling: 0.48840928077697754
writing: 0.16704010963439941
