n_obs: 10
data_loading: 0.03156161308288574
filling: 0.7849023342132568
writing: 0.19614148139953613
