n_obs: 10
data_loading: 0.038500308990478516
filling: 0.9175276756286621
writing: 0.23171687126159668
