n_obs: 10
data_loading: 0.04856252670288086
filling: 1.0145578384399414
writing: 0.2303783893585205
