n_obs: 10
data_loading: 0.02739262580871582
filling: 0.5079951286315918
writing: 0.1571662425994873
