n_obs: 10
data_loading: 0.032018423080444336
filling: 1.035191535949707
writing: 0.20183634757995605
