n_obs: 10
data_loading: 0.04928088188171387
filling: 1.1434462070465088
writing: 0.24599051475524902
