n_obs: 10
data_loading: 0.06840825080871582
filling: 0.4580683708190918
writing: 0.16565728187561035
