n_obs: 10
data_loading: 0.042432546615600586
filling: 0.8928580284118652
writing: 0.23075366020202637
