n_obs: 10
data_loading: 0.03855633735656738
filling: 0.8609428405761719
writing: 0.17880916595458984
