n_obs: 10
data_loading: 0.051727294921875
filling: 1.1021568775177002
writing: 0.23024392127990723
