n_obs: 10
data_loading: 0.02362823486328125
filling: 0.4532017707824707
writing: 0.16594886779785156
