n_obs: 10
data_loading: 0.03295636177062988
filling: 0.8888125419616699
writing: 0.21250677108764648
