n_obs: 10
data_loading: 0.025035619735717773
filling: 0.4706273078918457
writing: 0.16866827011108398
