n_obs: 10
data_loading: 0.026170969009399414
filling: 0.5329680442810059
writing: 0.1668860912322998
