n_obs: 10
data_loading: 0.036562442779541016
filling: 0.8186817169189453
writing: 0.2199392318725586
