n_obs: 10
data_loading: 0.07712650299072266
filling: 0.4652278423309326
writing: 0.16707587242126465
