n_obs: 10
data_loading: 0.028284311294555664
filling: 0.5403850078582764
writing: 0.16967129707336426
