n_obs: 10
data_loading: 0.049419403076171875
filling: 1.0106399059295654
writing: 0.22330284118652344
