n_obs: 10
data_loading: 0.07145428657531738
filling: 0.4763524532318115
writing: 0.16543841361999512
