n_obs: 10
data_loading: 0.03805398941040039
filling: 0.8860139846801758
writing: 0.22440528869628906
