n_obs: 10
data_loading: 0.033135175704956055
filling: 0.8473761081695557
writing: 0.21516203880310059
