n_obs: 10
data_loading: 0.029263019561767578
filling: 0.5193898677825928
writing: 0.1608119010925293
