n_obs: 10
data_loading: 0.03789162635803223
filling: 1.194580316543579
writing: 0.2348341941833496
