n_obs: 10
data_loading: 0.03158450126647949
filling: 0.8355154991149902
writing: 0.20833635330200195
