n_obs: 10
data_loading: 0.03641772270202637
filling: 0.8303029537200928
writing: 0.21916413307189941
