n_obs: 10
data_loading: 0.04012751579284668
filling: 0.8539059162139893
writing: 0.17343783378601074
