n_obs: 10
data_loading: 0.07961201667785645
filling: 1.0238962173461914
writing: 0.2240581512451172
