n_obs: 10
data_loading: 0.028188228607177734
filling: 0.5624372959136963
writing: 0.16887879371643066
