n_obs: 10
data_loading: 0.04328513145446777
filling: 0.9709722995758057
writing: 0.24945664405822754
