n_obs: 10
data_loading: 0.04698753356933594
filling: 1.1428601741790771
writing: 0.23674249649047852
