n_obs: 10
data_loading: 0.10018420219421387
filling: 1.053795576095581
writing: 0.2378556728363037
