n_obs: 10
data_loading: 0.05134701728820801
filling: 1.0237221717834473
writing: 0.22394943237304688
