n_obs: 10
data_loading: 0.02744746208190918
filling: 0.5680379867553711
writing: 0.16695594787597656
