n_obs: 10
data_loading: 0.03117513656616211
filling: 1.0680723190307617
writing: 0.20636653900146484
