n_obs: 10
data_loading: 0.0232546329498291
filling: 0.4464914798736572
writing: 0.16548991203308105
