n_obs: 10
data_loading: 0.041016578674316406
filling: 0.9122006893157959
writing: 0.23709464073181152
