n_obs: 10
data_loading: 0.03072834014892578
filling: 0.5345125198364258
writing: 0.16959404945373535
