n_obs: 10
data_loading: 0.03636002540588379
filling: 0.8621881008148193
writing: 0.21842193603515625
