n_obs: 10
data_loading: 0.044721364974975586
filling: 1.0687518119812012
writing: 0.22513079643249512
