n_obs: 10
data_loading: 0.023795604705810547
filling: 0.49422121047973633
writing: 0.1657726764678955
