n_obs: 10
data_loading: 0.030668258666992188
filling: 0.9267535209655762
writing: 0.21206331253051758
