n_obs: 10
data_loading: 0.026966571807861328
filling: 0.49939966201782227
writing: 0.15680670738220215
