n_obs: 10
data_loading: 0.023928403854370117
filling: 0.47641539573669434
writing: 0.16565608978271484
