n_obs: 10
data_loading: 0.028707265853881836
filling: 0.5329937934875488
writing: 0.15906834602355957
