n_obs: 10
data_loading: 0.024716615676879883
filling: 0.4690854549407959
writing: 0.16539502143859863
