n_obs: 10
data_loading: 0.03563117980957031
filling: 0.8779067993164062
writing: 0.1938793659210205
