n_obs: 10
data_loading: 0.028009653091430664
filling: 0.577470064163208
writing: 0.16979336738586426
