n_obs: 10
data_loading: 0.04689788818359375
filling: 1.0184462070465088
writing: 0.2631847858428955
