n_obs: 10
data_loading: 0.04131889343261719
filling: 0.900294303894043
writing: 0.23864388465881348
