n_obs: 10
data_loading: 0.024516582489013672
filling: 0.5281667709350586
writing: 0.16962146759033203
