n_obs: 10
data_loading: 0.02772688865661621
filling: 0.4918673038482666
writing: 0.16588926315307617
