n_obs: 10
data_loading: 0.023659944534301758
filling: 0.5294427871704102
writing: 0.16533827781677246
