n_obs: 10
data_loading: 0.03201103210449219
filling: 0.8617143630981445
writing: 0.21085643768310547
