n_obs: 10
data_loading: 0.026389360427856445
filling: 0.5442125797271729
writing: 0.1663360595703125
