n_obs: 10
data_loading: 0.051878929138183594
filling: 1.0240836143493652
writing: 0.2271418571472168
