n_obs: 10
data_loading: 0.08244919776916504
filling: 1.0150842666625977
writing: 0.20860528945922852
