n_obs: 10
data_loading: 0.0360875129699707
filling: 0.8088219165802002
writing: 0.19017696380615234
