n_obs: 10
data_loading: 0.033879995346069336
filling: 0.8016090393066406
writing: 0.19892215728759766
