n_obs: 10
data_loading: 0.07649731636047363
filling: 1.0190455913543701
writing: 0.23128628730773926
