n_obs: 10
data_loading: 0.028296709060668945
filling: 0.5153152942657471
writing: 0.16524696350097656
