n_obs: 10
data_loading: 0.02331686019897461
filling: 0.4264342784881592
writing: 0.16812396049499512
