n_obs: 10
data_loading: 0.03285050392150879
filling: 0.8054897785186768
writing: 0.2064976692199707
