n_obs: 10
data_loading: 0.03349566459655762
filling: 0.7833588123321533
writing: 0.19428682327270508
