n_obs: 10
data_loading: 0.035349130630493164
filling: 0.8431797027587891
writing: 0.20117592811584473
