n_obs: 10
data_loading: 0.024548768997192383
filling: 0.4582192897796631
writing: 0.16576766967773438
