n_obs: 10
data_loading: 0.0249786376953125
filling: 0.48117589950561523
writing: 0.16916918754577637
