n_obs: 10
data_loading: 0.052590131759643555
filling: 1.0370190143585205
writing: 0.2340226173400879
