n_obs: 10
data_loading: 0.032510995864868164
filling: 0.7934491634368896
writing: 0.19264554977416992
