n_obs: 10
data_loading: 0.029971837997436523
filling: 0.6960597038269043
writing: 0.16506314277648926
