n_obs: 10
data_loading: 0.04074239730834961
filling: 0.9716150760650635
writing: 0.2541029453277588
