n_obs: 10
data_loading: 0.026802539825439453
filling: 0.4894256591796875
writing: 0.1579432487487793
