n_obs: 10
data_loading: 0.027675867080688477
filling: 0.5369389057159424
writing: 0.16897201538085938
