n_obs: 10
data_loading: 0.03277945518493652
filling: 0.6496636867523193
writing: 0.19748783111572266
