n_obs: 10
data_loading: 0.024867534637451172
filling: 0.4826638698577881
writing: 0.16673994064331055
