n_obs: 10
data_loading: 0.03779339790344238
filling: 0.8635361194610596
writing: 0.22280406951904297
