n_obs: 10
data_loading: 0.04167580604553223
filling: 0.9413790702819824
writing: 0.25986742973327637
