n_obs: 10
data_loading: 0.038635969161987305
filling: 0.8327205181121826
writing: 0.22360706329345703
