n_obs: 10
data_loading: 0.02548813819885254
filling: 0.47058677673339844
writing: 0.16845202445983887
