n_obs: 10
data_loading: 0.031037330627441406
filling: 0.8994865417480469
writing: 0.2122788429260254
