n_obs: 10
data_loading: 0.043913841247558594
filling: 1.1344358921051025
writing: 0.2231616973876953
