n_obs: 10
data_loading: 0.0402677059173584
filling: 1.5227477550506592
writing: 0.23843073844909668
