n_obs: 10
data_loading: 0.027161359786987305
filling: 0.5150759220123291
writing: 0.16599082946777344
