n_obs: 10
data_loading: 0.0325160026550293
filling: 0.9103467464447021
writing: 0.21160173416137695
