n_obs: 10
data_loading: 0.04275321960449219
filling: 0.9157094955444336
writing: 0.20786619186401367
