n_obs: 10
data_loading: 0.02964162826538086
filling: 0.4899594783782959
writing: 0.16943812370300293
