n_obs: 10
data_loading: 0.027818679809570312
filling: 0.5275838375091553
writing: 0.16738605499267578
