n_obs: 10
data_loading: 0.024274110794067383
filling: 0.5050435066223145
writing: 0.16843366622924805
