n_obs: 10
data_loading: 0.02277517318725586
filling: 0.4264190196990967
writing: 0.16746950149536133
