n_obs: 10
data_loading: 0.03255200386047363
filling: 0.8839843273162842
writing: 0.22576522827148438
