n_obs: 10
data_loading: 0.026625394821166992
filling: 0.509573221206665
writing: 0.15885281562805176
