n_obs: 10
data_loading: 0.039426326751708984
filling: 0.995396614074707
writing: 0.24946951866149902
