n_obs: 10
data_loading: 0.025087833404541016
filling: 0.45836710929870605
writing: 0.16535329818725586
