n_obs: 10
data_loading: 0.028166532516479492
filling: 0.526555061340332
writing: 0.16720867156982422
