n_obs: 10
data_loading: 0.027367591857910156
filling: 0.5554311275482178
writing: 0.16634750366210938
