n_obs: 10
data_loading: 0.04449796676635742
filling: 0.9994642734527588
writing: 0.26111531257629395
