n_obs: 10
data_loading: 0.04201674461364746
filling: 1.1026766300201416
writing: 0.23314905166625977
