n_obs: 10
data_loading: 0.04521584510803223
filling: 1.0952682495117188
writing: 0.2278149127960205
