n_obs: 10
data_loading: 0.031350135803222656
filling: 0.821418046951294
writing: 0.19591188430786133
