n_obs: 10
data_loading: 0.042960405349731445
filling: 1.6648170948028564
writing: 0.2413184642791748
