n_obs: 10
data_loading: 0.04049253463745117
filling: 1.0117700099945068
writing: 0.258228063583374
