n_obs: 10
data_loading: 0.03765225410461426
filling: 1.2871756553649902
writing: 0.24956154823303223
