n_obs: 10
data_loading: 0.03133893013000488
filling: 1.1021192073822021
writing: 0.20544052124023438
