n_obs: 1
data_loading: 0.025222063064575195
filling: 0.5897438526153564
writing: 0.16210293769836426
