n_obs: 10
data_loading: 0.03716731071472168
filling: 0.8843555450439453
writing: 0.21178007125854492
