n_obs: 10
data_loading: 0.04158139228820801
filling: 0.8808588981628418
writing: 0.21677279472351074
