n_obs: 10
data_loading: 0.023602724075317383
filling: 0.48076295852661133
writing: 0.16844654083251953
