n_obs: 10
data_loading: 0.03667116165161133
filling: 0.9037837982177734
writing: 0.22154617309570312
