n_obs: 10
data_loading: 0.03986215591430664
filling: 0.8898782730102539
writing: 0.22957062721252441
