n_obs: 10
data_loading: 0.027358055114746094
filling: 0.5640904903411865
writing: 0.16695356369018555
