n_obs: 10
data_loading: 0.0445713996887207
filling: 1.1151659488677979
writing: 0.26096248626708984
