n_obs: 10
data_loading: 0.027560710906982422
filling: 0.5189998149871826
writing: 0.16589856147766113
