n_obs: 10
data_loading: 0.04263877868652344
filling: 1.0821595191955566
writing: 0.23508739471435547
