n_obs: 10
data_loading: 0.07889533042907715
filling: 0.9191248416900635
writing: 0.22235441207885742
