n_obs: 10
data_loading: 0.03176689147949219
filling: 0.7918846607208252
writing: 0.2026505470275879
