n_obs: 10
data_loading: 0.024021625518798828
filling: 0.5004622936248779
writing: 0.16575360298156738
