n_obs: 10
data_loading: 0.029712677001953125
filling: 0.8168659210205078
writing: 0.15392851829528809
