n_obs: 10
data_loading: 0.03799796104431152
filling: 0.9692234992980957
writing: 0.2443835735321045
