n_obs: 10
data_loading: 0.02542424201965332
filling: 0.534635066986084
writing: 0.16824674606323242
