n_obs: 10
data_loading: 0.027057409286499023
filling: 0.49667978286743164
writing: 0.16623544692993164
