n_obs: 10
data_loading: 0.023013830184936523
filling: 0.4429054260253906
writing: 0.16550064086914062
