n_obs: 10
data_loading: 0.0771331787109375
filling: 0.4623396396636963
writing: 0.1659843921661377
