n_obs: 10
data_loading: 0.024829387664794922
filling: 0.49032020568847656
writing: 0.16601324081420898
