n_obs: 10
data_loading: 0.0304563045501709
filling: 0.8242394924163818
writing: 0.21193552017211914
