n_obs: 10
data_loading: 0.08161735534667969
filling: 1.0684778690338135
writing: 0.23229527473449707
