n_obs: 10
data_loading: 0.03694605827331543
filling: 0.9305381774902344
writing: 0.22142481803894043
