n_obs: 10
data_loading: 0.0469822883605957
filling: 0.976456880569458
writing: 0.20085644721984863
