n_obs: 10
data_loading: 0.02796459197998047
filling: 0.5790436267852783
writing: 0.16659855842590332
