n_obs: 10
data_loading: 0.039235591888427734
filling: 0.823312520980835
writing: 0.2149059772491455
