n_obs: 10
data_loading: 0.027927875518798828
filling: 0.5877993106842041
writing: 0.17006731033325195
