n_obs: 10
data_loading: 0.04930520057678223
filling: 0.9956557750701904
writing: 0.22622132301330566
