n_obs: 10
data_loading: 0.06770086288452148
filling: 1.2190895080566406
writing: 0.2712702751159668
