n_obs: 10
data_loading: 0.04894256591796875
filling: 1.1113934516906738
writing: 0.22121524810791016
