n_obs: 10
data_loading: 0.03647255897521973
filling: 1.521895170211792
writing: 0.23697161674499512
