n_obs: 10
data_loading: 0.03956103324890137
filling: 0.8391373157501221
writing: 0.21070194244384766
