n_obs: 10
data_loading: 0.03315329551696777
filling: 1.110912561416626
writing: 0.20988035202026367
