n_obs: 10
data_loading: 0.02335047721862793
filling: 0.4655756950378418
writing: 0.16814875602722168
