n_obs: 10
data_loading: 0.032030344009399414
filling: 0.5979301929473877
writing: 0.19874978065490723
