n_obs: 10
data_loading: 0.038400888442993164
filling: 0.9685001373291016
writing: 0.2042531967163086
