n_obs: 10
data_loading: 0.03128790855407715
filling: 0.8493340015411377
writing: 0.2123870849609375
