n_obs: 10
data_loading: 0.0746908187866211
filling: 0.8708474636077881
writing: 0.2122650146484375
