n_obs: 10
data_loading: 0.04415392875671387
filling: 0.9968616962432861
writing: 0.26151275634765625
