n_obs: 10
data_loading: 0.05164742469787598
filling: 0.9898185729980469
writing: 0.2605860233306885
