n_obs: 10
data_loading: 0.0460817813873291
filling: 1.152515172958374
writing: 0.2950711250305176
