n_obs: 10
data_loading: 0.028966188430786133
filling: 0.5348749160766602
writing: 0.16593027114868164
