n_obs: 10
data_loading: 0.028350353240966797
filling: 0.579350471496582
writing: 0.16658401489257812
