n_obs: 10
data_loading: 0.028072595596313477
filling: 0.5210230350494385
writing: 0.16665887832641602
