n_obs: 10
data_loading: 0.039888858795166016
filling: 0.9262797832489014
writing: 0.22674918174743652
