n_obs: 10
data_loading: 0.05230236053466797
filling: 1.012453556060791
writing: 0.2197272777557373
