n_obs: 10
data_loading: 0.0425877571105957
filling: 0.945892333984375
writing: 0.19722533226013184
