n_obs: 10
data_loading: 0.024547815322875977
filling: 0.4556567668914795
writing: 0.16764497756958008
