n_obs: 10
data_loading: 0.03329968452453613
filling: 0.7952604293823242
writing: 0.19421958923339844
