n_obs: 10
data_loading: 0.04729890823364258
filling: 0.8830780982971191
writing: 0.25138282775878906
