n_obs: 10
data_loading: 0.026703596115112305
filling: 0.5163240432739258
writing: 0.166259765625
