n_obs: 10
data_loading: 0.035707712173461914
filling: 1.0502712726593018
writing: 0.25093841552734375
