n_obs: 10
data_loading: 0.033537864685058594
filling: 0.8750557899475098
writing: 0.21071839332580566
