n_obs: 10
data_loading: 0.024231672286987305
filling: 0.44353747367858887
writing: 0.16855669021606445
