n_obs: 10
data_loading: 0.050868988037109375
filling: 0.9793665409088135
writing: 0.2516367435455322
