n_obs: 10
data_loading: 0.027302026748657227
filling: 0.5088109970092773
writing: 0.15709590911865234
