n_obs: 10
data_loading: 0.024873733520507812
filling: 0.4645802974700928
writing: 0.16852021217346191
