n_obs: 10
data_loading: 0.04182004928588867
filling: 0.9290120601654053
writing: 0.25594377517700195
