n_obs: 10
data_loading: 0.08271121978759766
filling: 0.9419264793395996
writing: 0.2285144329071045
