n_obs: 10
data_loading: 0.03305673599243164
filling: 0.778317928314209
writing: 0.1960446834564209
