n_obs: 10
data_loading: 0.03682374954223633
filling: 0.8312075138092041
writing: 0.20793533325195312
