n_obs: 10
data_loading: 0.03571796417236328
filling: 0.9810717105865479
writing: 0.25223612785339355
