n_obs: 10
data_loading: 0.03199601173400879
filling: 0.8595421314239502
writing: 0.21169686317443848
