n_obs: 10
data_loading: 0.02401900291442871
filling: 0.4577760696411133
writing: 0.1667013168334961
