n_obs: 10
data_loading: 0.028860807418823242
filling: 0.5323965549468994
writing: 0.1670382022857666
