n_obs: 10
data_loading: 0.03130626678466797
filling: 0.868628740310669
writing: 0.21102523803710938
