n_obs: 10
data_loading: 0.039911746978759766
filling: 0.8780691623687744
writing: 0.2472536563873291
