n_obs: 10
data_loading: 0.0380246639251709
filling: 0.8571650981903076
writing: 0.2233881950378418
