n_obs: 10
data_loading: 0.027056455612182617
filling: 0.5231730937957764
writing: 0.15883994102478027
