n_obs: 10
data_loading: 0.024561405181884766
filling: 0.4706900119781494
writing: 0.16858577728271484
