n_obs: 10
data_loading: 0.02781510353088379
filling: 0.5111947059631348
writing: 0.16790509223937988
