n_obs: 10
data_loading: 0.02715158462524414
filling: 0.5462431907653809
writing: 0.16796565055847168
