n_obs: 10
data_loading: 0.041845083236694336
filling: 0.9737474918365479
writing: 0.2598230838775635
