n_obs: 10
data_loading: 0.02397608757019043
filling: 0.4932675361633301
writing: 0.1691453456878662
