n_obs: 10
data_loading: 0.03763294219970703
filling: 0.8531601428985596
writing: 0.22334885597229004
