n_obs: 10
data_loading: 0.023255586624145508
filling: 0.44709038734436035
writing: 0.1653430461883545
