n_obs: 10
data_loading: 0.027236461639404297
filling: 0.5710489749908447
writing: 0.16957402229309082
