n_obs: 10
data_loading: 0.03813505172729492
filling: 0.9169349670410156
writing: 0.22768425941467285
