n_obs: 10
data_loading: 0.028912782669067383
filling: 0.5302386283874512
writing: 0.16666150093078613
