n_obs: 10
data_loading: 0.05344891548156738
filling: 1.1397879123687744
writing: 0.22877883911132812
