n_obs: 10
data_loading: 0.03931093215942383
filling: 0.9289371967315674
writing: 0.2246384620666504
