n_obs: 10
data_loading: 0.08280587196350098
filling: 0.49217748641967773
writing: 0.16670799255371094
