n_obs: 10
data_loading: 0.07448530197143555
filling: 0.4803171157836914
writing: 0.16586589813232422
