n_obs: 10
data_loading: 0.07954835891723633
filling: 0.4985823631286621
writing: 0.16797280311584473
