n_obs: 10
data_loading: 0.04743599891662598
filling: 0.9613039493560791
writing: 0.236907958984375
