n_obs: 10
data_loading: 0.02873396873474121
filling: 0.587371826171875
writing: 0.16694188117980957
