n_obs: 10
data_loading: 0.025194644927978516
filling: 0.46042442321777344
writing: 0.18594956398010254
