n_obs: 10
data_loading: 0.03241276741027832
filling: 0.7956645488739014
writing: 0.19253134727478027
