n_obs: 10
data_loading: 0.04852032661437988
filling: 1.1464378833770752
writing: 0.25642871856689453
