n_obs: 10
data_loading: 0.027738332748413086
filling: 0.4930763244628906
writing: 0.16816210746765137
