n_obs: 10
data_loading: 0.05036044120788574
filling: 1.056983232498169
writing: 0.2357954978942871
