n_obs: 10
data_loading: 0.034561872482299805
filling: 1.296957015991211
writing: 0.20083403587341309
