n_obs: 10
data_loading: 0.047353506088256836
filling: 0.9568848609924316
writing: 0.20874309539794922
