n_obs: 10
data_loading: 0.03776359558105469
filling: 0.9171440601348877
writing: 0.2241382598876953
