n_obs: 10
data_loading: 0.02784562110900879
filling: 0.5299625396728516
writing: 0.16653060913085938
