n_obs: 10
data_loading: 0.025166034698486328
filling: 0.5069825649261475
writing: 0.1662750244140625
