n_obs: 10
data_loading: 0.03140974044799805
filling: 0.8976030349731445
writing: 0.2093338966369629
