n_obs: 10
data_loading: 0.031595706939697266
filling: 0.875866174697876
writing: 0.21360373497009277
