n_obs: 10
data_loading: 0.022873401641845703
filling: 0.4250974655151367
writing: 0.16512060165405273
