n_obs: 10
data_loading: 0.030671119689941406
filling: 0.4989309310913086
writing: 0.15731310844421387
