n_obs: 10
data_loading: 0.023590564727783203
filling: 0.46033143997192383
writing: 0.20416259765625
