n_obs: 10
data_loading: 0.031200647354125977
filling: 0.8501172065734863
writing: 0.21191120147705078
