n_obs: 10
data_loading: 0.03960919380187988
filling: 0.8991775512695312
writing: 0.2255721092224121
