n_obs: 10
data_loading: 0.08056044578552246
filling: 1.0171072483062744
writing: 0.22074651718139648
