n_obs: 10
data_loading: 0.07204723358154297
filling: 0.4798727035522461
writing: 0.16897273063659668
