n_obs: 10
data_loading: 0.028156042098999023
filling: 0.5594673156738281
writing: 0.16643929481506348
