n_obs: 10
data_loading: 0.031122922897338867
filling: 0.9402117729187012
writing: 0.21094393730163574
