n_obs: 10
data_loading: 0.027808427810668945
filling: 0.5294384956359863
writing: 0.1677570343017578
