n_obs: 10
data_loading: 0.0347287654876709
filling: 1.3408482074737549
writing: 0.20040488243103027
