n_obs: 10
data_loading: 0.045865774154663086
filling: 1.013639211654663
writing: 0.2481217384338379
