n_obs: 10
data_loading: 0.027998685836791992
filling: 0.5768768787384033
writing: 0.16733694076538086
