n_obs: 10
data_loading: 0.028067350387573242
filling: 0.5741908550262451
writing: 0.16681289672851562
