n_obs: 10
data_loading: 0.03468728065490723
filling: 1.3210437297821045
writing: 0.2016611099243164
