n_obs: 10
data_loading: 0.030832290649414062
filling: 0.8716154098510742
writing: 0.21341323852539062
