n_obs: 10
data_loading: 0.04349350929260254
filling: 1.0166661739349365
writing: 0.2674369812011719
