n_obs: 10
data_loading: 0.024222850799560547
filling: 0.5058920383453369
writing: 0.16879725456237793
