n_obs: 10
data_loading: 0.02716994285583496
filling: 0.532585859298706
writing: 0.16685104370117188
