n_obs: 10
data_loading: 0.05045771598815918
filling: 0.999927282333374
writing: 0.2469022274017334
