n_obs: 10
data_loading: 0.025377988815307617
filling: 0.46226954460144043
writing: 0.16522622108459473
