n_obs: 10
data_loading: 0.03132152557373047
filling: 0.7617621421813965
writing: 0.1930081844329834
