n_obs: 10
data_loading: 0.027811527252197266
filling: 0.5204918384552002
writing: 0.1655750274658203
