n_obs: 10
data_loading: 0.03394627571105957
filling: 1.1997640132904053
writing: 0.21249914169311523
