n_obs: 10
data_loading: 0.0380856990814209
filling: 0.958653450012207
writing: 0.23964905738830566
