n_obs: 10
data_loading: 0.04813027381896973
filling: 1.021880865097046
writing: 0.26541638374328613
