n_obs: 10
data_loading: 0.023688793182373047
filling: 0.47423458099365234
writing: 0.16532182693481445
