n_obs: 10
data_loading: 0.0315244197845459
filling: 0.8560678958892822
writing: 0.21209168434143066
