n_obs: 10
data_loading: 0.027237892150878906
filling: 0.5012574195861816
writing: 0.16689085960388184
