n_obs: 10
data_loading: 0.02828383445739746
filling: 0.5657072067260742
writing: 0.16678309440612793
