n_obs: 10
data_loading: 0.023866891860961914
filling: 0.4604525566101074
writing: 0.16557741165161133
