n_obs: 10
data_loading: 0.025617599487304688
filling: 0.47014546394348145
writing: 0.16910767555236816
