n_obs: 10
data_loading: 0.05010175704956055
filling: 1.1150379180908203
writing: 0.22835612297058105
