n_obs: 10
data_loading: 0.032772064208984375
filling: 1.0121667385101318
writing: 0.19514083862304688
