n_obs: 10
data_loading: 0.02381300926208496
filling: 0.48208069801330566
writing: 0.16830897331237793
