n_obs: 10
data_loading: 0.02375030517578125
filling: 0.47133421897888184
writing: 0.16796278953552246
