n_obs: 10
data_loading: 0.023242950439453125
filling: 0.4776768684387207
writing: 0.1342761516571045
