n_obs: 10
data_loading: 0.04605412483215332
filling: 1.1401469707489014
writing: 0.24619793891906738
