n_obs: 10
data_loading: 0.04700922966003418
filling: 1.0765435695648193
writing: 0.275970458984375
