n_obs: 10
data_loading: 0.024457693099975586
filling: 0.5404934883117676
writing: 0.16689538955688477
