n_obs: 10
data_loading: 0.029270648956298828
filling: 0.5491940975189209
writing: 0.17109012603759766
