n_obs: 10
data_loading: 0.05323219299316406
filling: 1.1162633895874023
writing: 0.24569392204284668
