n_obs: 10
data_loading: 0.04350423812866211
filling: 0.9258406162261963
writing: 0.1865999698638916
