n_obs: 10
data_loading: 0.02804398536682129
filling: 0.5147106647491455
writing: 0.16528892517089844
