n_obs: 10
data_loading: 0.03911948204040527
filling: 0.9038565158843994
writing: 0.22396349906921387
