n_obs: 10
data_loading: 0.028429746627807617
filling: 0.7058885097503662
writing: 0.16707849502563477
