n_obs: 10
data_loading: 0.027875185012817383
filling: 0.5671811103820801
writing: 0.16923832893371582
