n_obs: 10
data_loading: 0.03183484077453613
filling: 0.8537061214447021
writing: 0.2124345302581787
