n_obs: 10
data_loading: 0.02673792839050293
filling: 0.5355241298675537
writing: 0.16614747047424316
