n_obs: 10
data_loading: 0.07831382751464844
filling: 0.489180326461792
writing: 0.16726160049438477
