n_obs: 10
data_loading: 0.055248260498046875
filling: 1.108506202697754
writing: 0.25916123390197754
