n_obs: 10
data_loading: 0.03654336929321289
filling: 0.8345091342926025
writing: 0.21847820281982422
