n_obs: 10
data_loading: 0.04022979736328125
filling: 1.0463066101074219
writing: 0.2279036045074463
