n_obs: 10
data_loading: 0.02835988998413086
filling: 0.5235402584075928
writing: 0.1664135456085205
