n_obs: 10
data_loading: 0.0436403751373291
filling: 1.0082886219024658
writing: 0.26189374923706055
