n_obs: 10
data_loading: 0.02769947052001953
filling: 0.519639253616333
writing: 0.1668682098388672
