n_obs: 10
data_loading: 0.045790672302246094
filling: 0.9695003032684326
writing: 0.2316446304321289
