n_obs: 10
data_loading: 0.058278799057006836
filling: 1.3196206092834473
writing: 0.236769437789917
