n_obs: 10
data_loading: 0.02423882484436035
filling: 0.4729461669921875
writing: 0.13645696640014648
