n_obs: 10
data_loading: 0.07636737823486328
filling: 0.8734159469604492
writing: 0.23180842399597168
