n_obs: 10
data_loading: 0.04548835754394531
filling: 0.9560322761535645
writing: 0.22250103950500488
