n_obs: 10
data_loading: 0.04866361618041992
filling: 1.0020947456359863
writing: 0.25850486755371094
