n_obs: 10
data_loading: 0.028620481491088867
filling: 0.5273077487945557
writing: 0.16679859161376953
