n_obs: 10
data_loading: 0.026569843292236328
filling: 0.49640512466430664
writing: 0.1616511344909668
