n_obs: 10
data_loading: 0.051468610763549805
filling: 1.085118293762207
writing: 0.24486517906188965
