n_obs: 10
data_loading: 0.03872871398925781
filling: 0.8854515552520752
writing: 0.22130370140075684
