n_obs: 10
data_loading: 0.04676961898803711
filling: 0.924628496170044
writing: 0.24301362037658691
