n_obs: 10
data_loading: 0.05077004432678223
filling: 1.0143406391143799
writing: 0.21811389923095703
