n_obs: 10
data_loading: 0.03138566017150879
filling: 0.872812032699585
writing: 0.21170616149902344
