n_obs: 10
data_loading: 0.024704456329345703
filling: 0.4921543598175049
writing: 0.16737008094787598
