n_obs: 10
data_loading: 0.027626991271972656
filling: 0.5664236545562744
writing: 0.17009997367858887
