n_obs: 10
data_loading: 0.02522444725036621
filling: 0.47348594665527344
writing: 0.16590261459350586
