n_obs: 10
data_loading: 0.07591605186462402
filling: 0.4845309257507324
writing: 0.1661679744720459
