n_obs: 10
data_loading: 0.032782793045043945
filling: 0.8553898334503174
writing: 0.2093665599822998
