n_obs: 10
data_loading: 0.0281980037689209
filling: 0.544903039932251
writing: 0.16754436492919922
