n_obs: 10
data_loading: 0.026631832122802734
filling: 0.54073166847229
writing: 0.16680288314819336
