n_obs: 10
data_loading: 0.07522344589233398
filling: 0.9173524379730225
writing: 0.23460769653320312
