n_obs: 10
data_loading: 0.03468060493469238
filling: 1.209632396697998
writing: 0.21167683601379395
