n_obs: 10
data_loading: 0.027802467346191406
filling: 0.8951461315155029
writing: 0.15767621994018555
