n_obs: 10
data_loading: 0.02800297737121582
filling: 0.4917151927947998
writing: 0.16762256622314453
