n_obs: 10
data_loading: 0.023266315460205078
filling: 0.4900038242340088
writing: 0.16565370559692383
