n_obs: 10
data_loading: 0.03709554672241211
filling: 1.0003726482391357
writing: 0.2279059886932373
