n_obs: 10
data_loading: 0.03860664367675781
filling: 0.8775219917297363
writing: 0.22161436080932617
