n_obs: 10
data_loading: 0.08656597137451172
filling: 0.4900631904602051
writing: 0.1654527187347412
