n_obs: 10
data_loading: 0.043721914291381836
filling: 0.9213051795959473
writing: 0.24539899826049805
