n_obs: 10
data_loading: 0.03315854072570801
filling: 1.0370323657989502
writing: 0.2002277374267578
