n_obs: 10
data_loading: 0.027413606643676758
filling: 0.5456118583679199
writing: 0.16848516464233398
