n_obs: 10
data_loading: 0.039832115173339844
filling: 0.8691253662109375
writing: 0.23026013374328613
