n_obs: 10
data_loading: 0.0415034294128418
filling: 1.0105226039886475
writing: 0.25917506217956543
