n_obs: 10
data_loading: 0.0485384464263916
filling: 1.2578098773956299
writing: 0.26302361488342285
