n_obs: 10
data_loading: 0.040726661682128906
filling: 0.9892313480377197
writing: 0.25070786476135254
