n_obs: 10
data_loading: 0.04946255683898926
filling: 1.0092365741729736
writing: 0.20421433448791504
