n_obs: 10
data_loading: 0.040229082107543945
filling: 0.9124422073364258
writing: 0.2386031150817871
