n_obs: 10
data_loading: 0.043966054916381836
filling: 1.049694538116455
writing: 0.2409517765045166
