n_obs: 10
data_loading: 0.03192543983459473
filling: 0.8812119960784912
writing: 0.21190142631530762
