n_obs: 10
data_loading: 0.08732461929321289
filling: 0.9739289283752441
writing: 0.2530672550201416
