n_obs: 10
data_loading: 0.02709221839904785
filling: 0.5574321746826172
writing: 0.16880011558532715
