n_obs: 10
data_loading: 0.04190254211425781
filling: 0.9935686588287354
writing: 0.2613222599029541
