n_obs: 10
data_loading: 0.03997325897216797
filling: 0.9343092441558838
writing: 0.25167012214660645
