n_obs: 10
data_loading: 0.04630255699157715
filling: 0.9649324417114258
writing: 0.21130037307739258
