n_obs: 10
data_loading: 0.028631925582885742
filling: 0.5280904769897461
writing: 0.16604304313659668
