n_obs: 10
data_loading: 0.03752875328063965
filling: 0.9611649513244629
writing: 0.24326777458190918
