n_obs: 10
data_loading: 0.03546786308288574
filling: 1.2725610733032227
writing: 0.21172046661376953
