n_obs: 10
data_loading: 0.02342081069946289
filling: 0.5065131187438965
writing: 0.16449975967407227
