n_obs: 10
data_loading: 0.03603959083557129
filling: 0.8920767307281494
writing: 0.22593164443969727
