n_obs: 10
data_loading: 0.02295827865600586
filling: 0.439725399017334
writing: 0.16604065895080566
