n_obs: 10
data_loading: 0.024450302124023438
filling: 0.46906089782714844
writing: 0.1339280605316162
