n_obs: 10
data_loading: 0.06861615180969238
filling: 0.8755993843078613
writing: 0.22348546981811523
