n_obs: 10
data_loading: 0.026799917221069336
filling: 0.5736935138702393
writing: 0.1697521209716797
