n_obs: 10
data_loading: 0.04157304763793945
filling: 0.9048497676849365
writing: 0.2254502773284912
