n_obs: 10
data_loading: 0.07225465774536133
filling: 0.8781032562255859
writing: 0.21859455108642578
