n_obs: 10
data_loading: 0.044508934020996094
filling: 0.999333381652832
writing: 0.28800106048583984
