n_obs: 10
data_loading: 0.04376626014709473
filling: 0.9235630035400391
writing: 0.22137904167175293
