n_obs: 10
data_loading: 0.03159332275390625
filling: 0.838198184967041
writing: 0.22789311408996582
