n_obs: 10
data_loading: 0.02769923210144043
filling: 0.5685727596282959
writing: 0.16689705848693848
