n_obs: 10
data_loading: 0.033890724182128906
filling: 1.1917145252227783
writing: 0.21455860137939453
