n_obs: 10
data_loading: 0.02349233627319336
filling: 0.45169925689697266
writing: 0.16543841361999512
