n_obs: 10
data_loading: 0.0358123779296875
filling: 1.441838026046753
writing: 0.20296168327331543
