n_obs: 10
data_loading: 0.0232236385345459
filling: 0.4952113628387451
writing: 0.16519665718078613
