n_obs: 10
data_loading: 0.039685726165771484
filling: 0.8903520107269287
writing: 0.22498703002929688
