n_obs: 10
data_loading: 0.04063868522644043
filling: 0.8408076763153076
writing: 0.20971226692199707
