n_obs: 10
data_loading: 0.050368309020996094
filling: 1.0102300643920898
writing: 0.2561938762664795
