n_obs: 10
data_loading: 0.0410006046295166
filling: 0.9567885398864746
writing: 0.22705793380737305
