n_obs: 10
data_loading: 0.04376387596130371
filling: 0.9680848121643066
writing: 0.2525906562805176
