n_obs: 10
data_loading: 0.03333282470703125
filling: 0.9371559619903564
writing: 0.20686650276184082
