n_obs: 10
data_loading: 0.025267362594604492
filling: 0.4642167091369629
writing: 0.1677103042602539
