n_obs: 10
data_loading: 0.05493426322937012
filling: 1.1735405921936035
writing: 0.24733257293701172
