n_obs: 10
data_loading: 0.025808334350585938
filling: 0.756732702255249
writing: 0.13561558723449707
