n_obs: 10
data_loading: 0.027492046356201172
filling: 0.5658197402954102
writing: 0.25711941719055176
