n_obs: 10
data_loading: 0.03132772445678711
filling: 0.7829089164733887
writing: 0.19425368309020996
