n_obs: 10
data_loading: 0.023650169372558594
filling: 0.4677431583404541
writing: 0.16650700569152832
