n_obs: 10
data_loading: 0.056981801986694336
filling: 1.087026596069336
writing: 0.2332603931427002
