n_obs: 10
data_loading: 0.04222273826599121
filling: 0.9337053298950195
writing: 0.24279141426086426
