n_obs: 10
data_loading: 0.06876206398010254
filling: 0.4581429958343506
writing: 0.17839264869689941
