n_obs: 10
data_loading: 0.03318667411804199
filling: 0.8908324241638184
writing: 0.22887539863586426
