n_obs: 10
data_loading: 0.024046897888183594
filling: 0.46645522117614746
writing: 0.16595005989074707
