n_obs: 10
data_loading: 0.026634931564331055
filling: 0.5058448314666748
writing: 0.15575718879699707
