n_obs: 10
data_loading: 0.030792236328125
filling: 0.8353221416473389
writing: 0.2172260284423828
