n_obs: 10
data_loading: 0.02680373191833496
filling: 0.5416030883789062
writing: 0.16871213912963867
