n_obs: 10
data_loading: 0.04482603073120117
filling: 0.9929838180541992
writing: 0.198319673538208
