n_obs: 10
data_loading: 0.03731369972229004
filling: 1.0169382095336914
writing: 0.2426438331604004
