n_obs: 10
data_loading: 0.026947498321533203
filling: 0.5137925148010254
writing: 0.16608667373657227
