n_obs: 10
data_loading: 0.027920007705688477
filling: 0.504321813583374
writing: 0.15622758865356445
