n_obs: 10
data_loading: 0.04254007339477539
filling: 0.9316682815551758
writing: 0.2470085620880127
