n_obs: 10
data_loading: 0.029497385025024414
filling: 0.5187921524047852
writing: 0.15838122367858887
