n_obs: 10
data_loading: 0.028336763381958008
filling: 0.5329949855804443
writing: 0.16661953926086426
