n_obs: 10
data_loading: 0.027931928634643555
filling: 0.5148231983184814
writing: 0.159409761428833
