n_obs: 10
data_loading: 0.02366495132446289
filling: 0.4623568058013916
writing: 0.17437076568603516
