n_obs: 10
data_loading: 0.032376766204833984
filling: 0.7842254638671875
writing: 0.19440412521362305
