n_obs: 10
data_loading: 0.03386569023132324
filling: 1.1621928215026855
writing: 0.21117186546325684
