n_obs: 10
data_loading: 0.025112152099609375
filling: 0.4536745548248291
writing: 0.16829133033752441
