n_obs: 10
data_loading: 0.027982711791992188
filling: 0.5184993743896484
writing: 0.1685168743133545
