n_obs: 10
data_loading: 0.04013514518737793
filling: 0.9381880760192871
writing: 0.2243211269378662
