n_obs: 10
data_loading: 0.04604387283325195
filling: 1.0141444206237793
writing: 0.21726441383361816
