n_obs: 10
data_loading: 0.04841113090515137
filling: 0.9851107597351074
writing: 0.2707524299621582
