n_obs: 10
data_loading: 0.05589747428894043
filling: 1.7656981945037842
writing: 0.24867725372314453
