n_obs: 10
data_loading: 0.02462482452392578
filling: 0.48088932037353516
writing: 0.16692590713500977
