n_obs: 10
data_loading: 0.052922725677490234
filling: 1.0165379047393799
writing: 0.26611876487731934
