n_obs: 10
data_loading: 0.03549075126647949
filling: 1.0322747230529785
writing: 0.24771404266357422
