n_obs: 10
data_loading: 0.03847956657409668
filling: 0.8868310451507568
writing: 0.22415423393249512
