n_obs: 10
data_loading: 0.08731865882873535
filling: 0.5059952735900879
writing: 0.17044472694396973
