n_obs: 10
data_loading: 0.06998968124389648
filling: 1.0442030429840088
writing: 0.26155972480773926
