n_obs: 10
data_loading: 0.027881383895874023
filling: 0.5139374732971191
writing: 0.1677992343902588
