n_obs: 10
data_loading: 0.03647971153259277
filling: 0.8386437892913818
writing: 0.21034622192382812
