n_obs: 10
data_loading: 0.02647709846496582
filling: 0.5357818603515625
writing: 0.15889239311218262
