n_obs: 10
data_loading: 0.02514028549194336
filling: 0.6812078952789307
writing: 0.13869786262512207
