n_obs: 10
data_loading: 0.024632930755615234
filling: 0.48101162910461426
writing: 0.1687319278717041
