n_obs: 10
data_loading: 0.04155755043029785
filling: 0.9037637710571289
writing: 0.24477386474609375
