n_obs: 10
data_loading: 0.023767471313476562
filling: 0.46519947052001953
writing: 0.16509079933166504
