n_obs: 10
data_loading: 0.023898601531982422
filling: 0.45279836654663086
writing: 0.17355036735534668
