n_obs: 10
data_loading: 0.026890039443969727
filling: 0.5513074398040771
writing: 0.16907286643981934
