n_obs: 10
data_loading: 0.08762192726135254
filling: 1.06394362449646
writing: 0.2572195529937744
