n_obs: 10
data_loading: 0.03989362716674805
filling: 0.8741095066070557
writing: 0.23207759857177734
