n_obs: 10
data_loading: 0.023006439208984375
filling: 0.4298107624053955
writing: 0.16485190391540527
