n_obs: 10
data_loading: 0.026119470596313477
filling: 0.7258157730102539
writing: 0.15236830711364746
