n_obs: 10
data_loading: 0.04194784164428711
filling: 0.9358887672424316
writing: 0.22603106498718262
