n_obs: 10
data_loading: 0.03615379333496094
filling: 1.0430948734283447
writing: 0.24937033653259277
