n_obs: 10
data_loading: 0.03367877006530762
filling: 1.1823370456695557
writing: 0.21191620826721191
