n_obs: 10
data_loading: 0.03398013114929199
filling: 0.7978560924530029
writing: 0.18419528007507324
