n_obs: 10
data_loading: 0.03491497039794922
filling: 1.0369222164154053
writing: 0.21335983276367188
