n_obs: 10
data_loading: 0.03557729721069336
filling: 0.9828732013702393
writing: 0.24970698356628418
