n_obs: 10
data_loading: 0.03269386291503906
filling: 0.9178571701049805
writing: 0.21219801902770996
