n_obs: 10
data_loading: 0.04143261909484863
filling: 0.9667999744415283
writing: 0.18528199195861816
