n_obs: 10
data_loading: 0.04111766815185547
filling: 0.9291677474975586
writing: 0.2289447784423828
