n_obs: 10
data_loading: 0.023642539978027344
filling: 0.4424397945404053
writing: 0.1645967960357666
