n_obs: 10
data_loading: 0.025072813034057617
filling: 0.4688289165496826
writing: 0.1658039093017578
