n_obs: 10
data_loading: 0.04735875129699707
filling: 1.3604931831359863
writing: 0.2265007495880127
