n_obs: 10
data_loading: 0.04087018966674805
filling: 1.133230209350586
writing: 0.23058009147644043
