n_obs: 10
data_loading: 0.0290985107421875
filling: 0.534221887588501
writing: 0.16631364822387695
