n_obs: 10
data_loading: 0.03717207908630371
filling: 0.827080249786377
writing: 0.19462132453918457
