n_obs: 10
data_loading: 0.02399897575378418
filling: 0.5173594951629639
writing: 0.16516375541687012
