n_obs: 10
data_loading: 0.0245511531829834
filling: 0.4656715393066406
writing: 0.16531705856323242
