n_obs: 10
data_loading: 0.023720979690551758
filling: 0.5121700763702393
writing: 0.16530323028564453
