n_obs: 10
data_loading: 0.028370141983032227
filling: 0.5181920528411865
writing: 0.1658008098602295
