n_obs: 10
data_loading: 0.0484774112701416
filling: 0.9780960083007812
writing: 0.24119257926940918
