n_obs: 10
data_loading: 0.037853240966796875
filling: 0.878671407699585
writing: 0.21917986869812012
