n_obs: 10
data_loading: 0.06851482391357422
filling: 0.4808931350708008
writing: 0.16579437255859375
