n_obs: 10
data_loading: 0.030885696411132812
filling: 0.9086122512817383
writing: 0.21026945114135742
