n_obs: 10
data_loading: 0.023980379104614258
filling: 0.46309328079223633
writing: 0.16617274284362793
