n_obs: 10
data_loading: 0.023640155792236328
filling: 0.4498763084411621
writing: 0.16536235809326172
