n_obs: 10
data_loading: 0.035651206970214844
filling: 0.7939739227294922
writing: 0.2074718475341797
