n_obs: 10
data_loading: 0.041948795318603516
filling: 0.9935870170593262
writing: 0.2590184211730957
