n_obs: 10
data_loading: 0.037760019302368164
filling: 0.9711031913757324
writing: 0.24850964546203613
