n_obs: 10
data_loading: 0.03725314140319824
filling: 0.9992647171020508
writing: 0.2538144588470459
