n_obs: 10
data_loading: 0.030353069305419922
filling: 0.5549867153167725
writing: 0.16653203964233398
