n_obs: 10
data_loading: 0.024222612380981445
filling: 0.5000431537628174
writing: 0.16481947898864746
