n_obs: 10
data_loading: 0.058844804763793945
filling: 0.9792258739471436
writing: 0.25879836082458496
