n_obs: 10
data_loading: 0.03897833824157715
filling: 0.8701200485229492
writing: 0.22778868675231934
