n_obs: 10
data_loading: 0.024813413619995117
filling: 0.538649320602417
writing: 0.16648530960083008
