n_obs: 10
data_loading: 0.05487060546875
filling: 1.0354459285736084
writing: 0.22539234161376953
