n_obs: 10
data_loading: 0.028051137924194336
filling: 0.5259988307952881
writing: 0.15639948844909668
