n_obs: 10
data_loading: 0.0237271785736084
filling: 0.4700202941894531
writing: 0.16706156730651855
