n_obs: 10
data_loading: 0.03854489326477051
filling: 1.1349046230316162
writing: 0.20642352104187012
