n_obs: 10
data_loading: 0.028719186782836914
filling: 0.5219240188598633
writing: 0.17091870307922363
