n_obs: 10
data_loading: 0.045953989028930664
filling: 1.006885290145874
writing: 0.26575803756713867
