n_obs: 10
data_loading: 0.03217363357543945
filling: 0.749762773513794
writing: 0.19342756271362305
