n_obs: 10
data_loading: 0.05040717124938965
filling: 1.024573564529419
writing: 0.26056599617004395
