n_obs: 10
data_loading: 0.02515411376953125
filling: 0.4868333339691162
writing: 0.16798162460327148
