n_obs: 10
data_loading: 0.04230189323425293
filling: 0.8938164710998535
writing: 0.23689985275268555
