n_obs: 10
data_loading: 0.033236026763916016
filling: 0.7863683700561523
writing: 0.19260215759277344
