n_obs: 10
data_loading: 0.05395698547363281
filling: 1.2046360969543457
writing: 0.2519388198852539
