n_obs: 10
data_loading: 0.03989744186401367
filling: 1.1471619606018066
writing: 0.2698984146118164
