n_obs: 10
data_loading: 0.031343936920166016
filling: 0.89882493019104
writing: 0.21386051177978516
