n_obs: 10
data_loading: 0.0383148193359375
filling: 0.9272351264953613
writing: 0.22925138473510742
