n_obs: 10
data_loading: 0.024175405502319336
filling: 0.4678323268890381
writing: 0.16542959213256836
