n_obs: 10
data_loading: 0.04537057876586914
filling: 1.0517399311065674
writing: 0.28780484199523926
