n_obs: 10
data_loading: 0.03597569465637207
filling: 0.9689984321594238
writing: 0.2655949592590332
