n_obs: 10
data_loading: 0.024884462356567383
filling: 0.5198051929473877
writing: 0.1676628589630127
