n_obs: 10
data_loading: 0.06153702735900879
filling: 1.1967666149139404
writing: 0.2561764717102051
