n_obs: 10
data_loading: 0.031855106353759766
filling: 0.889176607131958
writing: 0.21216249465942383
