n_obs: 10
data_loading: 0.056546688079833984
filling: 1.125519037246704
writing: 0.24409174919128418
