n_obs: 10
data_loading: 0.07179832458496094
filling: 0.4737541675567627
writing: 0.16505098342895508
