n_obs: 10
data_loading: 0.054328203201293945
filling: 1.053807020187378
writing: 0.26184940338134766
