n_obs: 10
data_loading: 0.03861403465270996
filling: 0.8874022960662842
writing: 0.22281527519226074
