n_obs: 10
data_loading: 0.09562802314758301
filling: 0.500584602355957
writing: 0.16669964790344238
