n_obs: 10
data_loading: 0.02366042137145996
filling: 0.48568177223205566
writing: 0.16579270362854004
