n_obs: 10
data_loading: 0.08069872856140137
filling: 0.4994075298309326
writing: 0.16966819763183594
