n_obs: 10
data_loading: 0.023870468139648438
filling: 0.5066194534301758
writing: 0.16616225242614746
