n_obs: 10
data_loading: 0.02393317222595215
filling: 0.4662437438964844
writing: 0.16932892799377441
