n_obs: 10
data_loading: 0.026947498321533203
filling: 0.5451750755310059
writing: 0.1669783592224121
