n_obs: 10
data_loading: 0.03922080993652344
filling: 0.9073278903961182
writing: 0.17145776748657227
