n_obs: 10
data_loading: 0.028136491775512695
filling: 0.5166599750518799
writing: 0.16927409172058105
