n_obs: 10
data_loading: 0.02767205238342285
filling: 0.5460946559906006
writing: 0.1736762523651123
