n_obs: 10
data_loading: 0.03278827667236328
filling: 0.8707726001739502
writing: 0.21126389503479004
