n_obs: 10
data_loading: 0.04536080360412598
filling: 0.9000720977783203
writing: 0.21049189567565918
