n_obs: 10
data_loading: 0.04236602783203125
filling: 0.9378063678741455
writing: 0.24895858764648438
