n_obs: 10
data_loading: 0.02518296241760254
filling: 0.5179030895233154
writing: 0.16573715209960938
