n_obs: 10
data_loading: 0.0832674503326416
filling: 0.4594566822052002
writing: 0.16562151908874512
