n_obs: 10
data_loading: 0.03304719924926758
filling: 0.7738008499145508
writing: 0.19737982749938965
