n_obs: 10
data_loading: 0.03889608383178711
filling: 1.2721366882324219
writing: 0.23971939086914062
