n_obs: 10
data_loading: 0.027365684509277344
filling: 0.5685770511627197
writing: 0.16916608810424805
