n_obs: 10
data_loading: 0.02895045280456543
filling: 0.5410621166229248
writing: 0.16663718223571777
