n_obs: 10
data_loading: 0.023302555084228516
filling: 0.4557640552520752
writing: 0.1660752296447754
