n_obs: 10
data_loading: 0.03283071517944336
filling: 0.804203987121582
writing: 0.19823026657104492
