n_obs: 10
data_loading: 0.04347419738769531
filling: 0.9972038269042969
writing: 0.2636747360229492
