n_obs: 10
data_loading: 0.050644636154174805
filling: 1.0824527740478516
writing: 0.22658324241638184
