n_obs: 10
data_loading: 0.02420949935913086
filling: 0.49828171730041504
writing: 0.16629528999328613
