n_obs: 10
data_loading: 0.04291868209838867
filling: 1.2050421237945557
writing: 0.22735381126403809
