n_obs: 10
data_loading: 0.027230262756347656
filling: 0.5519461631774902
writing: 0.1665949821472168
