n_obs: 10
data_loading: 0.04540657997131348
filling: 0.8984851837158203
writing: 0.2483680248260498
