n_obs: 10
data_loading: 0.023694276809692383
filling: 0.4510617256164551
writing: 0.16535019874572754
