n_obs: 10
data_loading: 0.03263115882873535
filling: 0.9202115535736084
writing: 0.21286678314208984
