n_obs: 10
data_loading: 0.040894508361816406
filling: 0.950411319732666
writing: 0.24959564208984375
