n_obs: 10
data_loading: 0.02708268165588379
filling: 0.5310320854187012
writing: 0.1600358486175537
