n_obs: 10
data_loading: 0.0364229679107666
filling: 1.2305634021759033
writing: 0.27027320861816406
