n_obs: 10
data_loading: 0.03264641761779785
filling: 0.7871394157409668
writing: 0.19691109657287598
