n_obs: 10
data_loading: 0.05148720741271973
filling: 1.4897339344024658
writing: 0.2552073001861572
