n_obs: 10
data_loading: 0.0532686710357666
filling: 1.012279748916626
writing: 0.2483968734741211
