n_obs: 10
data_loading: 0.02369403839111328
filling: 0.46160125732421875
writing: 0.16580462455749512
