n_obs: 10
data_loading: 0.037131309509277344
filling: 1.2915863990783691
writing: 0.25150537490844727
