n_obs: 10
data_loading: 0.04113912582397461
filling: 0.8774559497833252
writing: 0.1892690658569336
