n_obs: 10
data_loading: 0.04478335380554199
filling: 0.9551737308502197
writing: 0.23662686347961426
