n_obs: 10
data_loading: 0.028556346893310547
filling: 0.5257177352905273
writing: 0.1681687831878662
