n_obs: 10
data_loading: 0.02337479591369629
filling: 0.48003482818603516
writing: 0.16892552375793457
