n_obs: 10
data_loading: 0.03924107551574707
filling: 0.9094483852386475
writing: 0.22360968589782715
