n_obs: 10
data_loading: 0.0247805118560791
filling: 0.49748921394348145
writing: 0.16759848594665527
