n_obs: 10
data_loading: 0.026805400848388672
filling: 0.5120987892150879
writing: 0.1583564281463623
