n_obs: 10
data_loading: 0.02572488784790039
filling: 0.4770059585571289
writing: 0.1685647964477539
