n_obs: 10
data_loading: 0.023504972457885742
filling: 0.45393848419189453
writing: 0.16505217552185059
