n_obs: 10
data_loading: 0.03155636787414551
filling: 0.786095142364502
writing: 0.1952190399169922
