n_obs: 10
data_loading: 0.0326385498046875
filling: 0.8692855834960938
writing: 0.2123706340789795
