n_obs: 10
data_loading: 0.028059720993041992
filling: 0.5118062496185303
writing: 0.16826081275939941
