n_obs: 10
data_loading: 0.041704416275024414
filling: 0.9208133220672607
writing: 0.2424788475036621
