n_obs: 10
data_loading: 0.03337597846984863
filling: 1.0765080451965332
writing: 0.21236109733581543
