n_obs: 10
data_loading: 0.035508155822753906
filling: 0.809159517288208
writing: 0.20540356636047363
