n_obs: 10
data_loading: 0.026909589767456055
filling: 0.4852414131164551
writing: 0.16109728813171387
