n_obs: 10
data_loading: 0.05173945426940918
filling: 1.1744728088378906
writing: 0.26059675216674805
