n_obs: 10
data_loading: 0.023555278778076172
filling: 0.48827195167541504
writing: 0.1688995361328125
