n_obs: 10
data_loading: 0.07110929489135742
filling: 0.8757410049438477
writing: 0.21178817749023438
