n_obs: 10
data_loading: 0.04056286811828613
filling: 1.0493476390838623
writing: 0.2293717861175537
