n_obs: 10
data_loading: 0.0323028564453125
filling: 1.0764296054840088
writing: 0.20302557945251465
