n_obs: 10
data_loading: 0.03975057601928711
filling: 1.4031856060028076
writing: 0.21416759490966797
