n_obs: 10
data_loading: 0.0287168025970459
filling: 0.529592752456665
writing: 0.16650748252868652
