n_obs: 10
data_loading: 0.02417898178100586
filling: 0.46425914764404297
writing: 0.16612982749938965
