n_obs: 10
data_loading: 0.024953603744506836
filling: 0.45185065269470215
writing: 0.16539406776428223
