n_obs: 10
data_loading: 0.03220057487487793
filling: 0.9142494201660156
writing: 0.21518731117248535
