n_obs: 10
data_loading: 0.026541471481323242
filling: 0.5693216323852539
writing: 0.16649699211120605
