n_obs: 10
data_loading: 0.02731180191040039
filling: 0.48871278762817383
writing: 0.16054368019104004
