n_obs: 10
data_loading: 0.03291511535644531
filling: 0.8569066524505615
writing: 0.2113358974456787
