n_obs: 10
data_loading: 0.04860997200012207
filling: 1.0381362438201904
writing: 0.21121883392333984
