n_obs: 10
data_loading: 0.023576021194458008
filling: 0.4504423141479492
writing: 0.16790103912353516
