n_obs: 10
data_loading: 0.026282072067260742
filling: 0.5262582302093506
writing: 0.16902780532836914
