n_obs: 10
data_loading: 0.02363276481628418
filling: 0.45773792266845703
writing: 0.1647799015045166
