n_obs: 10
data_loading: 0.047744035720825195
filling: 0.9431204795837402
writing: 0.2410907745361328
