n_obs: 10
data_loading: 0.0330510139465332
filling: 0.7802796363830566
writing: 0.19561982154846191
