n_obs: 10
data_loading: 0.042238712310791016
filling: 0.9107599258422852
writing: 0.24713706970214844
