n_obs: 10
data_loading: 0.024210453033447266
filling: 0.46465253829956055
writing: 0.16890931129455566
