n_obs: 10
data_loading: 0.03130674362182617
filling: 0.7767643928527832
writing: 0.19372034072875977
