n_obs: 10
data_loading: 0.048093557357788086
filling: 0.9220364093780518
writing: 0.23548603057861328
