n_obs: 10
data_loading: 0.027585744857788086
filling: 0.5293819904327393
writing: 0.16578197479248047
