n_obs: 10
data_loading: 0.031556129455566406
filling: 0.9174652099609375
writing: 0.21417498588562012
