n_obs: 10
data_loading: 0.0327150821685791
filling: 0.8812086582183838
writing: 0.21178483963012695
