n_obs: 10
data_loading: 0.024124622344970703
filling: 0.46584248542785645
writing: 0.16561532020568848
