n_obs: 10
data_loading: 0.029123306274414062
filling: 0.5497546195983887
writing: 0.1672496795654297
