n_obs: 10
data_loading: 0.03459048271179199
filling: 0.9577226638793945
writing: 0.24553990364074707
