n_obs: 10
data_loading: 0.027070283889770508
filling: 0.5515055656433105
writing: 0.16922426223754883
