n_obs: 10
data_loading: 0.032277584075927734
filling: 0.8927872180938721
writing: 0.2003326416015625
