n_obs: 10
data_loading: 0.027851104736328125
filling: 0.5251448154449463
writing: 0.1682593822479248
