n_obs: 10
data_loading: 0.05200338363647461
filling: 1.0655407905578613
writing: 0.23349285125732422
