n_obs: 10
data_loading: 0.02563762664794922
filling: 0.6994974613189697
writing: 0.13881635665893555
