n_obs: 10
data_loading: 0.06313896179199219
filling: 1.1119427680969238
writing: 0.22939300537109375
