n_obs: 10
data_loading: 0.02493882179260254
filling: 0.48156213760375977
writing: 0.16604399681091309
