n_obs: 10
data_loading: 0.023845911026000977
filling: 0.45740532875061035
writing: 0.16581082344055176
