n_obs: 10
data_loading: 0.04191231727600098
filling: 0.9949154853820801
writing: 0.19880127906799316
