n_obs: 10
data_loading: 0.02800893783569336
filling: 0.507331132888794
writing: 0.16554522514343262
