n_obs: 10
data_loading: 0.05237531661987305
filling: 1.0910284519195557
writing: 0.23621678352355957
