n_obs: 10
data_loading: 0.026513099670410156
filling: 0.7753150463104248
writing: 0.1541452407836914
