n_obs: 10
data_loading: 0.05072212219238281
filling: 0.9925031661987305
writing: 0.2590293884277344
