n_obs: 10
data_loading: 0.02380228042602539
filling: 0.4626626968383789
writing: 0.16611909866333008
