n_obs: 10
data_loading: 0.028011560440063477
filling: 0.5723755359649658
writing: 0.1661396026611328
