n_obs: 10
data_loading: 0.05004715919494629
filling: 1.00095534324646
writing: 0.24636220932006836
