n_obs: 10
data_loading: 0.02403879165649414
filling: 0.4541962146759033
writing: 0.16573166847229004
