n_obs: 10
data_loading: 0.02451157569885254
filling: 0.4637594223022461
writing: 0.16518616676330566
