n_obs: 10
data_loading: 0.03250002861022949
filling: 0.8606114387512207
writing: 0.21024560928344727
