n_obs: 10
data_loading: 0.028257131576538086
filling: 0.528423547744751
writing: 0.16889452934265137
