n_obs: 10
data_loading: 0.05831575393676758
filling: 0.8551785945892334
writing: 0.16632962226867676
