n_obs: 10
data_loading: 0.04523015022277832
filling: 1.067270040512085
writing: 0.24184870719909668
