n_obs: 10
data_loading: 0.03744173049926758
filling: 0.9646296501159668
writing: 0.24967026710510254
