n_obs: 10
data_loading: 0.03187441825866699
filling: 0.8063836097717285
writing: 0.19551372528076172
