n_obs: 10
data_loading: 0.030931949615478516
filling: 0.8357622623443604
writing: 0.20791101455688477
