n_obs: 10
data_loading: 0.03138566017150879
filling: 0.814457893371582
writing: 0.1939852237701416
