n_obs: 10
data_loading: 0.029283761978149414
filling: 0.5062136650085449
writing: 0.16680288314819336
