n_obs: 10
data_loading: 0.04514312744140625
filling: 0.9898011684417725
writing: 0.36902880668640137
