n_obs: 10
data_loading: 0.02553701400756836
filling: 0.6796526908874512
writing: 0.13728570938110352
