n_obs: 10
data_loading: 0.049199819564819336
filling: 0.9729845523834229
writing: 0.20401239395141602
