n_obs: 10
data_loading: 0.02354121208190918
filling: 0.43458127975463867
writing: 0.16532444953918457
