n_obs: 10
data_loading: 0.043158769607543945
filling: 0.8865523338317871
writing: 0.23446297645568848
