n_obs: 10
data_loading: 0.038102149963378906
filling: 0.830265998840332
writing: 0.20737314224243164
