n_obs: 10
data_loading: 0.023518085479736328
filling: 0.45842528343200684
writing: 0.16812872886657715
