n_obs: 10
data_loading: 0.04894113540649414
filling: 1.160710334777832
writing: 0.25237035751342773
