n_obs: 10
data_loading: 0.028029680252075195
filling: 0.5471758842468262
writing: 0.16574811935424805
