n_obs: 10
data_loading: 0.0448915958404541
filling: 0.8739371299743652
writing: 0.1934974193572998
