n_obs: 10
data_loading: 0.04244279861450195
filling: 0.9431402683258057
writing: 0.22956013679504395
