n_obs: 10
data_loading: 0.0275270938873291
filling: 0.49752044677734375
writing: 0.16623210906982422
