n_obs: 10
data_loading: 0.04695892333984375
filling: 0.9894790649414062
writing: 0.19996380805969238
