n_obs: 10
data_loading: 0.025144338607788086
filling: 0.45612168312072754
writing: 0.1653735637664795
