n_obs: 10
data_loading: 0.04111599922180176
filling: 0.9123435020446777
writing: 0.22887730598449707
