n_obs: 10
data_loading: 0.0856478214263916
filling: 0.9609308242797852
writing: 0.23073959350585938
