n_obs: 10
data_loading: 0.0367891788482666
filling: 0.9827163219451904
writing: 0.2533454895019531
