n_obs: 10
data_loading: 0.02863597869873047
filling: 0.5361757278442383
writing: 0.1667919158935547
