n_obs: 10
data_loading: 0.050710201263427734
filling: 0.8967053890228271
writing: 0.22777533531188965
