n_obs: 10
data_loading: 0.027811288833618164
filling: 0.5363702774047852
writing: 0.16578459739685059
