n_obs: 10
data_loading: 0.03854060173034668
filling: 0.8726294040679932
writing: 0.22270774841308594
