n_obs: 10
data_loading: 0.0413815975189209
filling: 1.0703139305114746
writing: 0.22593212127685547
