n_obs: 10
data_loading: 0.027802705764770508
filling: 0.5784921646118164
writing: 0.16760802268981934
