n_obs: 10
data_loading: 0.027767658233642578
filling: 0.5747265815734863
writing: 0.1665782928466797
