n_obs: 10
data_loading: 0.026679277420043945
filling: 0.5367505550384521
writing: 0.15720343589782715
