n_obs: 10
data_loading: 0.028815269470214844
filling: 0.5471172332763672
writing: 0.16813039779663086
