n_obs: 10
data_loading: 0.02407050132751465
filling: 0.4667940139770508
writing: 0.16657447814941406
