n_obs: 10
data_loading: 0.028393983840942383
filling: 0.5304481983184814
writing: 0.1664142608642578
