n_obs: 10
data_loading: 0.024151325225830078
filling: 0.48264050483703613
writing: 0.16565752029418945
