n_obs: 10
data_loading: 0.02377796173095703
filling: 0.46509838104248047
writing: 0.1660001277923584
