n_obs: 10
data_loading: 0.02895498275756836
filling: 0.5498058795928955
writing: 0.16619062423706055
