n_obs: 10
data_loading: 0.029604434967041016
filling: 0.8051354885101318
writing: 0.21813416481018066
