n_obs: 10
data_loading: 0.026700258255004883
filling: 0.511254072189331
writing: 0.15748023986816406
