n_obs: 10
data_loading: 0.025873661041259766
filling: 0.5012767314910889
writing: 0.16915273666381836
