n_obs: 10
data_loading: 0.023558378219604492
filling: 0.446897029876709
writing: 0.16535043716430664
