n_obs: 10
data_loading: 0.051259517669677734
filling: 1.0895586013793945
writing: 0.24496889114379883
