n_obs: 10
data_loading: 0.03130364418029785
filling: 0.8043859004974365
writing: 0.19537663459777832
