n_obs: 10
data_loading: 0.06099653244018555
filling: 1.137519121170044
writing: 0.2600364685058594
