n_obs: 10
data_loading: 0.0332331657409668
filling: 0.7675998210906982
writing: 0.19548892974853516
