n_obs: 10
data_loading: 0.023752212524414062
filling: 0.45760035514831543
writing: 0.16562843322753906
