n_obs: 10
data_loading: 0.035273075103759766
filling: 0.9532380104064941
writing: 0.25115346908569336
