n_obs: 10
data_loading: 0.031894683837890625
filling: 0.8578474521636963
writing: 0.21024036407470703
