n_obs: 10
data_loading: 0.044667959213256836
filling: 0.963451623916626
writing: 0.2030940055847168
