n_obs: 10
data_loading: 0.018932580947875977
filling: 0.40978050231933594
writing: 0.10558676719665527
