n_obs: 10
data_loading: 0.026076793670654297
filling: 0.5243115425109863
writing: 0.16557025909423828
