n_obs: 10
data_loading: 0.024927139282226562
filling: 0.5061924457550049
writing: 0.16708660125732422
