n_obs: 10
data_loading: 0.027875661849975586
filling: 0.5323121547698975
writing: 0.20888066291809082
