n_obs: 10
data_loading: 0.03273463249206543
filling: 1.099104404449463
writing: 0.20156121253967285
