n_obs: 10
data_loading: 0.027779817581176758
filling: 0.5295836925506592
writing: 0.16033267974853516
