n_obs: 10
data_loading: 0.023361682891845703
filling: 0.4552435874938965
writing: 0.16553282737731934
