n_obs: 10
data_loading: 0.023627519607543945
filling: 0.477630615234375
writing: 0.16504549980163574
