n_obs: 10
data_loading: 0.048870086669921875
filling: 0.9843084812164307
writing: 0.26623058319091797
