n_obs: 10
data_loading: 0.05699753761291504
filling: 1.1783268451690674
writing: 0.23070335388183594
