n_obs: 10
data_loading: 0.038317203521728516
filling: 0.8946390151977539
writing: 0.22931766510009766
