n_obs: 10
data_loading: 0.058647871017456055
filling: 0.8064029216766357
writing: 0.16674494743347168
