n_obs: 10
data_loading: 0.027379274368286133
filling: 0.5168783664703369
writing: 0.1659390926361084
