n_obs: 10
data_loading: 0.04397463798522949
filling: 1.5584287643432617
writing: 0.2211918830871582
