n_obs: 10
data_loading: 0.03249502182006836
filling: 0.8168132305145264
writing: 0.19409918785095215
