n_obs: 10
data_loading: 0.02788376808166504
filling: 0.5524747371673584
writing: 0.16919803619384766
