n_obs: 10
data_loading: 0.039315223693847656
filling: 0.9437201023101807
writing: 0.22765207290649414
