n_obs: 10
data_loading: 0.03183412551879883
filling: 0.7740864753723145
writing: 0.19385027885437012
