n_obs: 10
data_loading: 0.04416489601135254
filling: 0.9506189823150635
writing: 0.2507283687591553
