n_obs: 10
data_loading: 0.027445316314697266
filling: 0.5290639400482178
writing: 0.16562557220458984
