n_obs: 10
data_loading: 0.032982587814331055
filling: 0.7687439918518066
writing: 0.19762730598449707
