n_obs: 10
data_loading: 0.052217960357666016
filling: 1.0714755058288574
writing: 0.23270082473754883
