n_obs: 10
data_loading: 0.028583765029907227
filling: 0.5390985012054443
writing: 0.16569852828979492
