n_obs: 10
data_loading: 0.024631023406982422
filling: 0.4782874584197998
writing: 0.1666860580444336
