n_obs: 10
data_loading: 0.0717628002166748
filling: 0.4836437702178955
writing: 0.1689445972442627
