n_obs: 10
data_loading: 0.024526596069335938
filling: 0.4644930362701416
writing: 0.16577458381652832
