n_obs: 10
data_loading: 0.07909226417541504
filling: 0.4950826168060303
writing: 0.16663575172424316
