n_obs: 10
data_loading: 0.026385068893432617
filling: 0.5529983043670654
writing: 0.18336701393127441
