n_obs: 10
data_loading: 0.03301572799682617
filling: 0.8341634273529053
writing: 0.1959078311920166
