n_obs: 10
data_loading: 0.046219587326049805
filling: 0.9975049495697021
writing: 0.24564909934997559
