n_obs: 10
data_loading: 0.023163557052612305
filling: 0.6726138591766357
writing: 0.14131927490234375
