n_obs: 10
data_loading: 0.03951883316040039
filling: 0.9143869876861572
writing: 0.22317194938659668
