n_obs: 10
data_loading: 0.03169608116149902
filling: 0.8473372459411621
writing: 0.21281647682189941
