n_obs: 10
data_loading: 0.04980731010437012
filling: 1.049124002456665
writing: 0.27306056022644043
