n_obs: 10
data_loading: 0.02791309356689453
filling: 0.5709536075592041
writing: 0.16721343994140625
