n_obs: 10
data_loading: 0.026857852935791016
filling: 0.5233216285705566
writing: 0.16629791259765625
