n_obs: 10
data_loading: 0.023619890213012695
filling: 0.5086803436279297
writing: 0.16871905326843262
