n_obs: 10
data_loading: 0.04201865196228027
filling: 0.9428298473358154
writing: 0.23872041702270508
