n_obs: 10
data_loading: 0.024802207946777344
filling: 0.49820899963378906
writing: 0.16822409629821777
