n_obs: 10
data_loading: 0.0498809814453125
filling: 1.060464859008789
writing: 0.25652098655700684
