n_obs: 10
data_loading: 0.027074813842773438
filling: 1.0379807949066162
writing: 0.16937541961669922
