n_obs: 10
data_loading: 0.031815290451049805
filling: 0.8578104972839355
writing: 0.22539997100830078
