n_obs: 10
data_loading: 0.024338722229003906
filling: 0.6806449890136719
writing: 0.15163111686706543
