n_obs: 10
data_loading: 0.04817461967468262
filling: 0.8387796878814697
writing: 0.21033096313476562
