n_obs: 10
data_loading: 0.04562783241271973
filling: 0.9162309169769287
writing: 0.22105693817138672
