n_obs: 10
data_loading: 0.04238700866699219
filling: 0.9341998100280762
writing: 0.24570012092590332
