n_obs: 10
data_loading: 0.024157285690307617
filling: 0.46983790397644043
writing: 0.16614794731140137
