n_obs: 10
data_loading: 0.08206725120544434
filling: 0.9970145225524902
writing: 0.23554491996765137
