n_obs: 10
data_loading: 0.03105759620666504
filling: 0.8711652755737305
writing: 0.2139604091644287
