n_obs: 10
data_loading: 0.02402353286743164
filling: 0.4922356605529785
writing: 0.16699981689453125
