n_obs: 10
data_loading: 0.0368502140045166
filling: 0.8310246467590332
writing: 0.20589327812194824
