n_obs: 10
data_loading: 0.026666641235351562
filling: 0.550208330154419
writing: 0.1659097671508789
