n_obs: 10
data_loading: 0.08783602714538574
filling: 1.0414435863494873
writing: 0.22227859497070312
