n_obs: 10
data_loading: 0.057714223861694336
filling: 1.1132540702819824
writing: 0.2498612403869629
