n_obs: 10
data_loading: 0.027257919311523438
filling: 0.5661795139312744
writing: 0.16690754890441895
