n_obs: 10
data_loading: 0.03697991371154785
filling: 1.081721305847168
writing: 0.25226473808288574
