n_obs: 10
data_loading: 0.08741879463195801
filling: 0.49798011779785156
writing: 0.17036223411560059
