n_obs: 10
data_loading: 0.03613758087158203
filling: 0.797508716583252
writing: 0.2058417797088623
