n_obs: 10
data_loading: 0.05091738700866699
filling: 1.0820684432983398
writing: 0.23795175552368164
