n_obs: 10
data_loading: 0.03882575035095215
filling: 0.8960673809051514
writing: 0.22174906730651855
