n_obs: 10
data_loading: 0.027541160583496094
filling: 0.49458765983581543
writing: 0.1660935878753662
