n_obs: 10
data_loading: 0.025203227996826172
filling: 0.5106499195098877
writing: 0.16674184799194336
