n_obs: 10
data_loading: 0.07619237899780273
filling: 0.9424476623535156
writing: 0.2485790252685547
