n_obs: 10
data_loading: 0.06933045387268066
filling: 0.45771050453186035
writing: 0.16607308387756348
