n_obs: 10
data_loading: 0.02738356590270996
filling: 0.519540548324585
writing: 0.16924571990966797
