n_obs: 10
data_loading: 0.027729511260986328
filling: 0.5153603553771973
writing: 0.16594696044921875
