n_obs: 10
data_loading: 0.040358543395996094
filling: 0.8884627819061279
writing: 0.22239255905151367
