n_obs: 10
data_loading: 0.039980173110961914
filling: 0.9120752811431885
writing: 0.2241814136505127
