n_obs: 10
data_loading: 0.058431386947631836
filling: 1.0777606964111328
writing: 0.23253369331359863
