n_obs: 10
data_loading: 0.02650618553161621
filling: 0.4951786994934082
writing: 0.1623988151550293
