n_obs: 10
data_loading: 0.02737116813659668
filling: 0.501720666885376
writing: 0.1592423915863037
