n_obs: 10
data_loading: 0.1114954948425293
filling: 1.5721497535705566
writing: 0.39313554763793945
