n_obs: 10
data_loading: 0.040842294692993164
filling: 0.9145164489746094
writing: 0.22472023963928223
