n_obs: 10
data_loading: 0.07292056083679199
filling: 0.48105692863464355
writing: 0.16985774040222168
