n_obs: 10
data_loading: 0.032738447189331055
filling: 0.9078390598297119
writing: 0.21282148361206055
