n_obs: 10
data_loading: 0.03363776206970215
filling: 0.7880196571350098
writing: 0.1869359016418457
