n_obs: 10
data_loading: 0.037036895751953125
filling: 0.9832475185394287
writing: 0.25322651863098145
