n_obs: 10
data_loading: 0.02434229850769043
filling: 0.45781779289245605
writing: 0.16533803939819336
