n_obs: 10
data_loading: 0.02338409423828125
filling: 0.4536707401275635
writing: 0.16773152351379395
