n_obs: 10
data_loading: 0.026920080184936523
filling: 0.639326810836792
writing: 0.16844582557678223
