n_obs: 10
data_loading: 0.03647208213806152
filling: 0.8070211410522461
writing: 0.2062549591064453
