n_obs: 10
data_loading: 0.05535244941711426
filling: 0.995171308517456
writing: 0.24130773544311523
