n_obs: 10
data_loading: 0.0231325626373291
filling: 0.4527781009674072
writing: 0.16865134239196777
