n_obs: 10
data_loading: 0.028060436248779297
filling: 0.5069708824157715
writing: 0.15665936470031738
