n_obs: 10
data_loading: 0.025046825408935547
filling: 0.5073854923248291
writing: 0.1661360263824463
