n_obs: 10
data_loading: 0.05372881889343262
filling: 1.0244088172912598
writing: 0.22229743003845215
