n_obs: 10
data_loading: 0.03347444534301758
filling: 0.8142235279083252
writing: 0.19843053817749023
