n_obs: 10
data_loading: 0.028243303298950195
filling: 0.4774587154388428
writing: 0.16619491577148438
