n_obs: 10
data_loading: 0.030735254287719727
filling: 0.8589632511138916
writing: 0.21271872520446777
