n_obs: 10
data_loading: 0.045684814453125
filling: 1.1386950016021729
writing: 0.2385549545288086
