n_obs: 10
data_loading: 0.04982805252075195
filling: 0.9849200248718262
writing: 0.19727826118469238
