n_obs: 10
data_loading: 0.025778532028198242
filling: 0.5214157104492188
writing: 0.1664257049560547
