n_obs: 10
data_loading: 0.03284263610839844
filling: 1.1049401760101318
writing: 0.2131328582763672
