n_obs: 10
data_loading: 0.02345418930053711
filling: 0.4866340160369873
writing: 0.13456058502197266
