n_obs: 10
data_loading: 0.03259992599487305
filling: 0.8439486026763916
writing: 0.20943427085876465
