n_obs: 10
data_loading: 0.02758622169494629
filling: 0.5330233573913574
writing: 0.16593575477600098
