n_obs: 10
data_loading: 0.0362091064453125
filling: 0.8950212001800537
writing: 0.2107551097869873
