n_obs: 10
data_loading: 0.03270769119262695
filling: 1.0011510848999023
writing: 0.2113628387451172
