n_obs: 10
data_loading: 0.042887210845947266
filling: 0.943702220916748
writing: 0.23275518417358398
