n_obs: 10
data_loading: 0.08386564254760742
filling: 1.0166010856628418
writing: 0.20342421531677246
