n_obs: 10
data_loading: 0.04202890396118164
filling: 0.9362835884094238
writing: 0.23679661750793457
