n_obs: 10
data_loading: 0.023812294006347656
filling: 0.44853806495666504
writing: 0.1665959358215332
