n_obs: 10
data_loading: 0.030483245849609375
filling: 0.8710587024688721
writing: 0.2032639980316162
