n_obs: 10
data_loading: 0.03313732147216797
filling: 1.0476610660552979
writing: 0.20151305198669434
