n_obs: 10
data_loading: 0.04240727424621582
filling: 0.9289107322692871
writing: 0.2482156753540039
