n_obs: 10
data_loading: 0.04463386535644531
filling: 1.0365593433380127
writing: 0.27261805534362793
