n_obs: 10
data_loading: 0.033234357833862305
filling: 0.7725799083709717
writing: 0.19493985176086426
