n_obs: 10
data_loading: 0.031691551208496094
filling: 0.9025042057037354
writing: 0.21480035781860352
