n_obs: 10
data_loading: 0.025720834732055664
filling: 0.5108065605163574
writing: 0.165679931640625
