n_obs: 10
data_loading: 0.0379481315612793
filling: 0.9711337089538574
writing: 0.24975323677062988
