n_obs: 10
data_loading: 0.032964468002319336
filling: 0.8028562068939209
writing: 0.2244117259979248
