n_obs: 10
data_loading: 0.024229764938354492
filling: 0.5124638080596924
writing: 0.1655278205871582
