n_obs: 10
data_loading: 0.03495359420776367
filling: 0.91748046875
writing: 0.23630475997924805
