n_obs: 10
data_loading: 0.04826855659484863
filling: 1.0778791904449463
writing: 0.23108649253845215
