n_obs: 10
data_loading: 0.027317047119140625
filling: 0.5607194900512695
writing: 0.20454812049865723
