n_obs: 10
data_loading: 0.02490687370300293
filling: 0.48166942596435547
writing: 0.16867923736572266
