n_obs: 10
data_loading: 0.028145790100097656
filling: 0.5863475799560547
writing: 0.16939163208007812
