n_obs: 10
data_loading: 0.023326396942138672
filling: 0.4812464714050293
writing: 0.13472628593444824
