n_obs: 10
data_loading: 0.05214071273803711
filling: 0.9988582134246826
writing: 0.26845574378967285
