n_obs: 10
data_loading: 0.04164910316467285
filling: 0.9315307140350342
writing: 0.19914627075195312
