n_obs: 10
data_loading: 0.03376269340515137
filling: 1.1649527549743652
writing: 0.21073174476623535
