n_obs: 10
data_loading: 0.06925296783447266
filling: 0.45336437225341797
writing: 0.1652660369873047
