n_obs: 10
data_loading: 0.04365372657775879
filling: 0.9737608432769775
writing: 0.25318264961242676
