n_obs: 10
data_loading: 0.03662419319152832
filling: 0.8182780742645264
writing: 0.21882152557373047
