n_obs: 10
data_loading: 0.027766704559326172
filling: 0.518709659576416
writing: 0.1723804473876953
