n_obs: 10
data_loading: 0.027239561080932617
filling: 0.48976945877075195
writing: 0.16689682006835938
