n_obs: 10
data_loading: 0.025627851486206055
filling: 0.5038819313049316
writing: 0.16649889945983887
