n_obs: 10
data_loading: 0.03313779830932617
filling: 0.7711062431335449
writing: 0.19304251670837402
