n_obs: 10
data_loading: 0.030730009078979492
filling: 1.0562708377838135
writing: 0.20528936386108398
