n_obs: 10
data_loading: 0.04102492332458496
filling: 1.1056137084960938
writing: 0.21209335327148438
