n_obs: 10
data_loading: 0.03313851356506348
filling: 0.9115514755249023
writing: 0.21270227432250977
