n_obs: 10
data_loading: 0.0388951301574707
filling: 0.9261510372161865
writing: 0.22699308395385742
