n_obs: 10
data_loading: 0.024396419525146484
filling: 0.4928765296936035
writing: 0.16597461700439453
