n_obs: 10
data_loading: 0.023832082748413086
filling: 0.4324617385864258
writing: 0.16891694068908691
