n_obs: 10
data_loading: 0.06905293464660645
filling: 0.4692087173461914
writing: 0.1654210090637207
