n_obs: 10
data_loading: 0.024485349655151367
filling: 0.48047566413879395
writing: 0.16635489463806152
