n_obs: 10
data_loading: 0.036658525466918945
filling: 0.8477201461791992
writing: 0.22060918807983398
