n_obs: 10
data_loading: 0.07343912124633789
filling: 0.4801218509674072
writing: 0.166107177734375
