n_obs: 10
data_loading: 0.03286290168762207
filling: 0.7986676692962646
writing: 0.1971745491027832
