n_obs: 10
data_loading: 0.0230257511138916
filling: 0.4317970275878906
writing: 0.16528582572937012
