n_obs: 10
data_loading: 0.03481912612915039
filling: 1.4149866104125977
writing: 0.20423173904418945
