n_obs: 10
data_loading: 0.023081302642822266
filling: 0.4359323978424072
writing: 0.16796135902404785
