n_obs: 10
data_loading: 0.042896270751953125
filling: 1.1921272277832031
writing: 0.2535581588745117
