n_obs: 10
data_loading: 0.04113006591796875
filling: 0.9499187469482422
writing: 0.24397039413452148
