n_obs: 10
data_loading: 0.04660296440124512
filling: 1.0591239929199219
writing: 0.25801992416381836
