n_obs: 10
data_loading: 0.03185725212097168
filling: 0.8737187385559082
writing: 0.21390485763549805
