n_obs: 10
data_loading: 0.02375006675720215
filling: 0.4853024482727051
writing: 0.1447000503540039
