n_obs: 10
data_loading: 0.027248144149780273
filling: 0.49238038063049316
writing: 0.1572408676147461
