n_obs: 10
data_loading: 0.024836063385009766
filling: 0.45079731941223145
writing: 0.16782212257385254
