n_obs: 10
data_loading: 0.02852940559387207
filling: 0.5258662700653076
writing: 0.16689157485961914
