n_obs: 10
data_loading: 0.09488058090209961
filling: 0.9212090969085693
writing: 0.22284364700317383
