n_obs: 10
data_loading: 0.05298924446105957
filling: 1.1470866203308105
writing: 0.2592170238494873
