n_obs: 10
data_loading: 0.04895949363708496
filling: 1.0254526138305664
writing: 0.210723876953125
