n_obs: 10
data_loading: 0.05956864356994629
filling: 1.151132583618164
writing: 0.23420071601867676
