n_obs: 10
data_loading: 0.05231928825378418
filling: 1.085688829421997
writing: 0.23301959037780762
