n_obs: 10
data_loading: 0.023693323135375977
filling: 0.45426130294799805
writing: 0.16510891914367676
