n_obs: 10
data_loading: 0.10292291641235352
filling: 0.5208621025085449
writing: 0.17189502716064453
