n_obs: 10
data_loading: 0.03679776191711426
filling: 0.8445212841033936
writing: 0.20905089378356934
