n_obs: 10
data_loading: 0.05007743835449219
filling: 1.0940964221954346
writing: 0.22906184196472168
