n_obs: 10
data_loading: 0.024071455001831055
filling: 0.46062707901000977
writing: 0.16570353507995605
