n_obs: 10
data_loading: 0.04742860794067383
filling: 1.342862606048584
writing: 0.25948071479797363
