n_obs: 10
data_loading: 0.0279996395111084
filling: 0.5349640846252441
writing: 0.1667952537536621
