n_obs: 10
data_loading: 0.04095339775085449
filling: 1.4948697090148926
writing: 0.18896865844726562
