n_obs: 10
data_loading: 0.04268479347229004
filling: 0.9221887588500977
writing: 0.24446415901184082
