n_obs: 10
data_loading: 0.02349376678466797
filling: 0.45455336570739746
writing: 0.16507649421691895
