n_obs: 10
data_loading: 0.02774786949157715
filling: 0.5065498352050781
writing: 0.16816282272338867
