n_obs: 10
data_loading: 0.0403599739074707
filling: 0.8786795139312744
writing: 0.23724937438964844
