n_obs: 10
data_loading: 0.025276899337768555
filling: 0.463517427444458
writing: 0.17573308944702148
