n_obs: 10
data_loading: 0.03402590751647949
filling: 0.8010351657867432
writing: 0.19807004928588867
