n_obs: 10
data_loading: 0.026424646377563477
filling: 0.49158143997192383
writing: 0.15606951713562012
