n_obs: 10
data_loading: 0.02675604820251465
filling: 0.5072016716003418
writing: 0.1553943157196045
