n_obs: 10
data_loading: 0.024159908294677734
filling: 0.469454288482666
writing: 0.16855430603027344
