n_obs: 10
data_loading: 0.026882410049438477
filling: 0.5200927257537842
writing: 0.1608104705810547
