n_obs: 10
data_loading: 0.04774284362792969
filling: 1.0565259456634521
writing: 0.28026771545410156
