n_obs: 10
data_loading: 0.05001378059387207
filling: 0.9654326438903809
writing: 0.23364710807800293
