n_obs: 10
data_loading: 0.024312734603881836
filling: 0.5108451843261719
writing: 0.16765260696411133
