n_obs: 10
data_loading: 0.050951480865478516
filling: 0.98486328125
writing: 0.24593806266784668
