n_obs: 10
data_loading: 0.024382829666137695
filling: 0.44576334953308105
writing: 0.1650409698486328
