n_obs: 10
data_loading: 0.037070512771606445
filling: 1.0200083255767822
writing: 0.2482309341430664
