n_obs: 10
data_loading: 0.03717660903930664
filling: 0.8414337635040283
writing: 0.20749235153198242
