n_obs: 10
data_loading: 0.04489564895629883
filling: 0.9184727668762207
writing: 0.2284412384033203
