n_obs: 10
data_loading: 0.02343297004699707
filling: 0.48370862007141113
writing: 0.1671133041381836
