n_obs: 10
data_loading: 0.024738550186157227
filling: 0.5297555923461914
writing: 0.168809175491333
