n_obs: 10
data_loading: 0.07943916320800781
filling: 0.48579978942871094
writing: 0.16890788078308105
