n_obs: 10
data_loading: 0.03654050827026367
filling: 0.796057939529419
writing: 0.21899819374084473
