n_obs: 10
data_loading: 0.02475118637084961
filling: 0.46218013763427734
writing: 0.1699354648590088
