n_obs: 10
data_loading: 0.028173446655273438
filling: 0.5188302993774414
writing: 0.15580511093139648
