n_obs: 10
data_loading: 0.02719879150390625
filling: 0.5120158195495605
writing: 0.16800165176391602
