n_obs: 10
data_loading: 0.023207664489746094
filling: 0.45273637771606445
writing: 0.1665482521057129
