n_obs: 10
data_loading: 0.046210289001464844
filling: 1.0270931720733643
writing: 0.26022839546203613
