n_obs: 10
data_loading: 0.041745901107788086
filling: 0.917011022567749
writing: 0.2463836669921875
