n_obs: 10
data_loading: 0.043900251388549805
filling: 0.9971613883972168
writing: 0.26081371307373047
