n_obs: 10
data_loading: 0.07961797714233398
filling: 0.4872121810913086
writing: 0.1682720184326172
