n_obs: 10
data_loading: 0.03299999237060547
filling: 0.9768862724304199
writing: 0.21204066276550293
