n_obs: 10
data_loading: 0.024005413055419922
filling: 0.5186536312103271
writing: 0.16843795776367188
