n_obs: 10
data_loading: 0.03229355812072754
filling: 0.8231351375579834
writing: 0.20618414878845215
