n_obs: 10
data_loading: 0.05196714401245117
filling: 1.036954402923584
writing: 0.2210836410522461
