n_obs: 10
data_loading: 0.03336596488952637
filling: 0.8055689334869385
writing: 0.195725679397583
