n_obs: 10
data_loading: 0.02684783935546875
filling: 0.5631990432739258
writing: 0.1672983169555664
