n_obs: 10
data_loading: 0.02741241455078125
filling: 0.5676670074462891
writing: 0.166029691696167
