n_obs: 10
data_loading: 0.04892325401306152
filling: 1.0322926044464111
writing: 0.22110199928283691
