n_obs: 10
data_loading: 0.03366994857788086
filling: 0.9465746879577637
writing: 0.2285149097442627
