n_obs: 10
data_loading: 0.03213977813720703
filling: 0.8322906494140625
writing: 0.20945024490356445
