n_obs: 10
data_loading: 0.024663686752319336
filling: 0.48403191566467285
writing: 0.1666867733001709
