n_obs: 10
data_loading: 0.04335975646972656
filling: 0.9712541103363037
writing: 0.18726778030395508
