n_obs: 10
data_loading: 0.027953147888183594
filling: 0.5570147037506104
writing: 0.16656708717346191
