n_obs: 10
data_loading: 0.02294445037841797
filling: 0.43366193771362305
writing: 0.1658155918121338
