n_obs: 10
data_loading: 0.07983589172363281
filling: 0.47582554817199707
writing: 0.16727042198181152
