n_obs: 10
data_loading: 0.03727293014526367
filling: 1.0082275867462158
writing: 0.2636899948120117
