n_obs: 10
data_loading: 0.026926755905151367
filling: 0.5098583698272705
writing: 0.15721583366394043
