n_obs: 10
data_loading: 0.0462794303894043
filling: 0.9019448757171631
writing: 0.2242131233215332
