n_obs: 10
data_loading: 0.0432896614074707
filling: 0.9399244785308838
writing: 0.24442577362060547
