n_obs: 10
data_loading: 0.04959583282470703
filling: 0.9675726890563965
writing: 0.24789023399353027
