n_obs: 10
data_loading: 0.028573036193847656
filling: 0.5211315155029297
writing: 0.16703391075134277
