n_obs: 10
data_loading: 0.028218507766723633
filling: 0.5372564792633057
writing: 0.16683077812194824
