n_obs: 10
data_loading: 0.024550676345825195
filling: 0.45368027687072754
writing: 0.1659703254699707
