n_obs: 10
data_loading: 0.06247878074645996
filling: 1.014497995376587
writing: 0.25205016136169434
