n_obs: 10
data_loading: 0.0950629711151123
filling: 0.5146472454071045
writing: 0.16622185707092285
