n_obs: 10
data_loading: 0.02328348159790039
filling: 0.45442914962768555
writing: 0.16535425186157227
