n_obs: 10
data_loading: 0.038855552673339844
filling: 0.9993846416473389
writing: 0.25347232818603516
