n_obs: 10
data_loading: 0.09174752235412598
filling: 0.5016438961029053
writing: 0.2572619915008545
