n_obs: 10
data_loading: 0.031060457229614258
filling: 0.9767518043518066
writing: 0.21261000633239746
