n_obs: 10
data_loading: 0.023637056350708008
filling: 0.45832157135009766
writing: 0.16901826858520508
