n_obs: 10
data_loading: 0.024003982543945312
filling: 0.4665956497192383
writing: 0.16870808601379395
