n_obs: 10
data_loading: 0.026710033416748047
filling: 0.5621862411499023
writing: 0.16711664199829102
