n_obs: 10
data_loading: 0.033982038497924805
filling: 0.8798339366912842
writing: 0.21081805229187012
