n_obs: 10
data_loading: 0.0274045467376709
filling: 0.5186104774475098
writing: 0.16590189933776855
