n_obs: 10
data_loading: 0.05049872398376465
filling: 1.0357763767242432
writing: 0.2279834747314453
