n_obs: 10
data_loading: 0.025278091430664062
filling: 0.461991548538208
writing: 0.16791653633117676
