n_obs: 10
data_loading: 0.08957695960998535
filling: 0.5076823234558105
writing: 0.1806938648223877
