n_obs: 10
data_loading: 0.0425114631652832
filling: 0.9217014312744141
writing: 0.24590134620666504
