n_obs: 10
data_loading: 0.06658124923706055
filling: 0.47681689262390137
writing: 0.1671288013458252
