n_obs: 10
data_loading: 0.024277925491333008
filling: 0.5206365585327148
writing: 0.16562843322753906
