n_obs: 10
data_loading: 0.03407883644104004
filling: 0.9216089248657227
writing: 0.2367403507232666
