n_obs: 10
data_loading: 0.04328274726867676
filling: 1.0239667892456055
writing: 0.2578256130218506
