n_obs: 10
data_loading: 0.02716207504272461
filling: 0.5030345916748047
writing: 0.15585851669311523
