n_obs: 10
data_loading: 0.02453446388244629
filling: 0.4848449230194092
writing: 0.1670525074005127
