n_obs: 10
data_loading: 0.024183988571166992
filling: 0.46039724349975586
writing: 0.16515731811523438
