n_obs: 10
data_loading: 0.027581453323364258
filling: 0.51365065574646
writing: 0.1664564609527588
