n_obs: 10
data_loading: 0.02715587615966797
filling: 0.554678201675415
writing: 0.1602485179901123
