n_obs: 10
data_loading: 0.0314486026763916
filling: 0.8400454521179199
writing: 0.2121291160583496
