n_obs: 10
data_loading: 0.025731563568115234
filling: 0.4653339385986328
writing: 0.16565465927124023
