n_obs: 10
data_loading: 0.028201580047607422
filling: 0.5770928859710693
writing: 0.16631388664245605
