n_obs: 10
data_loading: 0.03757047653198242
filling: 1.2944872379302979
writing: 0.2490084171295166
