n_obs: 10
data_loading: 0.05524277687072754
filling: 1.0664794445037842
writing: 0.23123788833618164
