n_obs: 10
data_loading: 0.030503511428833008
filling: 0.5378766059875488
writing: 0.15852117538452148
