n_obs: 10
data_loading: 0.039114952087402344
filling: 0.9518284797668457
writing: 0.2514159679412842
