n_obs: 10
data_loading: 0.02738666534423828
filling: 0.5452418327331543
writing: 0.16581153869628906
