n_obs: 10
data_loading: 0.03718066215515137
filling: 0.8297505378723145
writing: 0.20734572410583496
