n_obs: 10
data_loading: 0.04044508934020996
filling: 1.007986307144165
writing: 0.24652552604675293
