n_obs: 10
data_loading: 0.023638486862182617
filling: 0.6514110565185547
writing: 0.13470768928527832
