n_obs: 10
data_loading: 0.027762651443481445
filling: 0.5159304141998291
writing: 0.16526031494140625
