n_obs: 10
data_loading: 0.05519676208496094
filling: 1.883862018585205
writing: 0.255918025970459
