n_obs: 10
data_loading: 0.02427983283996582
filling: 0.4937560558319092
writing: 0.1659238338470459
