n_obs: 10
data_loading: 0.02338719367980957
filling: 0.4437596797943115
writing: 0.16555309295654297
