n_obs: 10
data_loading: 0.03891396522521973
filling: 1.2518060207366943
writing: 0.24012470245361328
