n_obs: 10
data_loading: 0.02854180335998535
filling: 0.5388283729553223
writing: 0.1691296100616455
