n_obs: 10
data_loading: 0.0252382755279541
filling: 0.4727818965911865
writing: 0.1674802303314209
