n_obs: 10
data_loading: 0.027652502059936523
filling: 0.5404019355773926
writing: 0.16706204414367676
