n_obs: 10
data_loading: 0.03827166557312012
filling: 0.9062731266021729
writing: 0.20701885223388672
