n_obs: 10
data_loading: 0.044881582260131836
filling: 1.3904385566711426
writing: 0.25129079818725586
