n_obs: 10
data_loading: 0.023781776428222656
filling: 0.4469935894012451
writing: 0.16497421264648438
