n_obs: 10
data_loading: 0.02790355682373047
filling: 0.6478300094604492
writing: 0.15993475914001465
