n_obs: 10
data_loading: 0.0403592586517334
filling: 0.9261946678161621
writing: 0.24503612518310547
