n_obs: 10
data_loading: 0.03636050224304199
filling: 0.8646411895751953
writing: 0.2197275161743164
