n_obs: 10
data_loading: 0.031446218490600586
filling: 0.7773168087005615
writing: 0.1924440860748291
