n_obs: 10
data_loading: 0.02713608741760254
filling: 0.5371718406677246
writing: 0.16734528541564941
