n_obs: 10
data_loading: 0.0393681526184082
filling: 0.9003584384918213
writing: 0.22310090065002441
