n_obs: 10
data_loading: 0.027327537536621094
filling: 0.5253307819366455
writing: 0.15927863121032715
