n_obs: 10
data_loading: 0.02743697166442871
filling: 0.6512355804443359
writing: 0.15982627868652344
