n_obs: 10
data_loading: 0.0306856632232666
filling: 0.8694851398468018
writing: 0.2140498161315918
