n_obs: 10
data_loading: 0.04005861282348633
filling: 0.9686651229858398
writing: 0.20324230194091797
