n_obs: 10
data_loading: 0.023671865463256836
filling: 0.4480478763580322
writing: 0.16767621040344238
