n_obs: 10
data_loading: 0.027571439743041992
filling: 0.5358195304870605
writing: 0.1696927547454834
