n_obs: 10
data_loading: 0.024268150329589844
filling: 0.48235344886779785
writing: 0.13681769371032715
