n_obs: 10
data_loading: 0.027516841888427734
filling: 0.555365800857544
writing: 0.16544246673583984
