n_obs: 10
data_loading: 0.03659200668334961
filling: 0.9540317058563232
writing: 0.2417140007019043
