n_obs: 10
data_loading: 0.08252882957458496
filling: 1.0428907871246338
writing: 0.2299480438232422
