n_obs: 10
data_loading: 0.030524253845214844
filling: 0.890418529510498
writing: 0.21384406089782715
