n_obs: 10
data_loading: 0.03841805458068848
filling: 0.9190282821655273
writing: 0.2311999797821045
