n_obs: 10
data_loading: 0.02820134162902832
filling: 0.5299439430236816
writing: 0.16557812690734863
