n_obs: 10
data_loading: 0.03285980224609375
filling: 0.8001108169555664
writing: 0.19571399688720703
