n_obs: 10
data_loading: 0.03181886672973633
filling: 0.915130615234375
writing: 0.22467613220214844
