n_obs: 10
data_loading: 0.024112939834594727
filling: 0.4581179618835449
writing: 0.16642308235168457
