n_obs: 10
data_loading: 0.02774977684020996
filling: 0.5233492851257324
writing: 0.15857386589050293
