n_obs: 10
data_loading: 0.028149127960205078
filling: 0.5174012184143066
writing: 0.1654338836669922
