n_obs: 10
data_loading: 0.02710103988647461
filling: 0.5844566822052002
writing: 0.16744065284729004
