n_obs: 10
data_loading: 0.05923199653625488
filling: 1.0470285415649414
writing: 0.22105789184570312
