n_obs: 10
data_loading: 0.03966355323791504
filling: 1.402012825012207
writing: 0.1852130889892578
