n_obs: 10
data_loading: 0.03856945037841797
filling: 0.9184982776641846
writing: 0.22757697105407715
