n_obs: 10
data_loading: 0.045040130615234375
filling: 1.0129175186157227
writing: 0.26636314392089844
