n_obs: 10
data_loading: 0.0347905158996582
filling: 0.9675352573394775
writing: 0.23969054222106934
