n_obs: 10
data_loading: 0.026975154876708984
filling: 0.5179431438446045
writing: 0.15992021560668945
