n_obs: 10
data_loading: 0.023653745651245117
filling: 0.46166467666625977
writing: 0.16880559921264648
