n_obs: 10
data_loading: 0.04347062110900879
filling: 0.9668476581573486
writing: 0.20493602752685547
