n_obs: 10
data_loading: 0.028142690658569336
filling: 0.536503791809082
writing: 0.3101956844329834
