n_obs: 10
data_loading: 0.05683541297912598
filling: 0.89705491065979
writing: 0.17914605140686035
