n_obs: 10
data_loading: 0.03773951530456543
filling: 0.8896377086639404
writing: 0.22469520568847656
