n_obs: 10
data_loading: 0.04293560981750488
filling: 0.9481019973754883
writing: 0.23506879806518555
