n_obs: 10
data_loading: 0.027909040451049805
filling: 0.5202906131744385
writing: 0.1570277214050293
