n_obs: 10
data_loading: 0.028879165649414062
filling: 0.5363354682922363
writing: 0.16653990745544434
