n_obs: 10
data_loading: 0.03342485427856445
filling: 0.9145169258117676
writing: 0.21438264846801758
