n_obs: 10
data_loading: 0.0336298942565918
filling: 0.8634774684906006
writing: 0.20045232772827148
