n_obs: 10
data_loading: 0.04600858688354492
filling: 0.9270858764648438
writing: 0.24594402313232422
