n_obs: 10
data_loading: 0.04523491859436035
filling: 0.9884235858917236
writing: 0.24128246307373047
