n_obs: 10
data_loading: 0.03130507469177246
filling: 0.5501885414123535
writing: 0.16565752029418945
