n_obs: 10
data_loading: 0.026540756225585938
filling: 0.4796772003173828
writing: 0.15629100799560547
