n_obs: 10
data_loading: 0.06961941719055176
filling: 0.49073171615600586
writing: 0.1655261516571045
