n_obs: 10
data_loading: 0.04038882255554199
filling: 0.9352409839630127
writing: 0.2497413158416748
