n_obs: 10
data_loading: 0.028532981872558594
filling: 0.5378274917602539
writing: 0.1619417667388916
