n_obs: 10
data_loading: 0.041788578033447266
filling: 0.9322469234466553
writing: 0.24496936798095703
