n_obs: 10
data_loading: 0.034860849380493164
filling: 0.8236680030822754
writing: 0.19842863082885742
