n_obs: 10
data_loading: 0.028470993041992188
filling: 0.7974863052368164
writing: 0.1885981559753418
