n_obs: 10
data_loading: 0.026253223419189453
filling: 0.48778653144836426
writing: 0.15670371055603027
