n_obs: 10
data_loading: 0.02757120132446289
filling: 0.568110466003418
writing: 0.16675639152526855
