n_obs: 10
data_loading: 0.0392611026763916
filling: 1.2497801780700684
writing: 0.24251437187194824
