n_obs: 10
data_loading: 0.02414107322692871
filling: 0.4716639518737793
writing: 0.16620254516601562
