n_obs: 10
data_loading: 0.02803778648376465
filling: 0.5390222072601318
writing: 0.16690301895141602
