n_obs: 10
data_loading: 0.028994321823120117
filling: 0.5308413505554199
writing: 0.16744327545166016
