n_obs: 10
data_loading: 0.0415501594543457
filling: 0.9066734313964844
writing: 0.18757057189941406
