n_obs: 10
data_loading: 0.05107259750366211
filling: 1.0162699222564697
writing: 0.24731206893920898
