n_obs: 10
data_loading: 0.026729822158813477
filling: 0.5692501068115234
writing: 0.17081952095031738
