n_obs: 10
data_loading: 0.02321791648864746
filling: 0.44832348823547363
writing: 0.1653127670288086
