n_obs: 10
data_loading: 0.03359794616699219
filling: 0.9525344371795654
writing: 0.2128303050994873
