n_obs: 10
data_loading: 0.032447099685668945
filling: 0.7687172889709473
writing: 0.19453024864196777
