n_obs: 10
data_loading: 0.024175167083740234
filling: 0.4558982849121094
writing: 0.16627097129821777
