n_obs: 10
data_loading: 0.03401613235473633
filling: 0.7964732646942139
writing: 0.19363832473754883
