n_obs: 10
data_loading: 0.02373981475830078
filling: 0.502312183380127
writing: 0.13491320610046387
