n_obs: 10
data_loading: 0.03697347640991211
filling: 0.8467495441436768
writing: 0.21282672882080078
