n_obs: 10
data_loading: 0.045055389404296875
filling: 1.0095984935760498
writing: 0.2512955665588379
