n_obs: 10
data_loading: 0.0418543815612793
filling: 1.0097312927246094
writing: 0.26065754890441895
