n_obs: 10
data_loading: 0.05196976661682129
filling: 0.9871971607208252
writing: 0.2632412910461426
