n_obs: 10
data_loading: 0.023263216018676758
filling: 0.4635176658630371
writing: 0.20174145698547363
