n_obs: 10
data_loading: 0.027718067169189453
filling: 0.5766699314117432
writing: 0.16663360595703125
