n_obs: 10
data_loading: 0.03217911720275879
filling: 0.8736257553100586
writing: 0.21016812324523926
