n_obs: 10
data_loading: 0.02747368812561035
filling: 0.5470056533813477
writing: 0.16228747367858887
