n_obs: 10
data_loading: 0.044898271560668945
filling: 0.9603803157806396
writing: 0.2522733211517334
