n_obs: 10
data_loading: 0.027243375778198242
filling: 0.5598337650299072
writing: 0.16885852813720703
