n_obs: 10
data_loading: 0.03064894676208496
filling: 0.8347396850585938
writing: 0.2114260196685791
