n_obs: 10
data_loading: 0.041155338287353516
filling: 0.9142506122589111
writing: 0.24438691139221191
