n_obs: 10
data_loading: 0.023538589477539062
filling: 0.46098756790161133
writing: 0.1654820442199707
