n_obs: 10
data_loading: 0.026395797729492188
filling: 0.5107390880584717
writing: 0.16030311584472656
