n_obs: 10
data_loading: 0.07495689392089844
filling: 0.4944937229156494
writing: 0.16732263565063477
