n_obs: 10
data_loading: 0.031114816665649414
filling: 0.8845531940460205
writing: 0.21398520469665527
