n_obs: 10
data_loading: 0.06438136100769043
filling: 0.7887191772460938
writing: 0.16772127151489258
