n_obs: 10
data_loading: 0.023530960083007812
filling: 0.47955751419067383
writing: 0.16579318046569824
