n_obs: 10
data_loading: 0.023144960403442383
filling: 0.4513671398162842
writing: 0.16951775550842285
