n_obs: 10
data_loading: 0.03240084648132324
filling: 0.852616548538208
writing: 0.20990729331970215
