n_obs: 10
data_loading: 0.03638124465942383
filling: 0.9724414348602295
writing: 0.2510409355163574
