n_obs: 10
data_loading: 0.043267011642456055
filling: 0.9615986347198486
writing: 0.26760172843933105
