n_obs: 10
data_loading: 0.039525747299194336
filling: 0.8713397979736328
writing: 0.22294378280639648
