n_obs: 10
data_loading: 0.04486727714538574
filling: 0.9897351264953613
writing: 0.26475095748901367
