n_obs: 10
data_loading: 0.040984153747558594
filling: 0.9282135963439941
writing: 0.22474169731140137
