n_obs: 10
data_loading: 0.028035640716552734
filling: 0.5341200828552246
writing: 0.16767334938049316
