n_obs: 10
data_loading: 0.03896927833557129
filling: 0.8943943977355957
writing: 0.22344136238098145
