n_obs: 10
data_loading: 0.041211605072021484
filling: 0.973944902420044
writing: 0.25337672233581543
