n_obs: 10
data_loading: 0.02740931510925293
filling: 0.5575275421142578
writing: 0.1692039966583252
