n_obs: 10
data_loading: 0.0577545166015625
filling: 1.1236841678619385
writing: 0.23723316192626953
