n_obs: 10
data_loading: 0.027409076690673828
filling: 0.5622899532318115
writing: 0.16633009910583496
