n_obs: 10
data_loading: 0.03704357147216797
filling: 0.9974150657653809
writing: 0.25353026390075684
