n_obs: 10
data_loading: 0.05438113212585449
filling: 0.963402271270752
writing: 0.2527189254760742
