n_obs: 10
data_loading: 0.028023481369018555
filling: 0.5146312713623047
writing: 0.16579580307006836
