n_obs: 10
data_loading: 0.04792165756225586
filling: 1.0069191455841064
writing: 0.20280790328979492
