n_obs: 10
data_loading: 0.025139570236206055
filling: 0.6590309143066406
writing: 0.13376307487487793
