n_obs: 10
data_loading: 0.03304004669189453
filling: 0.7367358207702637
writing: 0.18540358543395996
