n_obs: 10
data_loading: 0.031058549880981445
filling: 0.8843846321105957
writing: 0.21401309967041016
