n_obs: 10
data_loading: 0.04867100715637207
filling: 1.073904037475586
writing: 0.21607208251953125
