n_obs: 10
data_loading: 0.027794837951660156
filling: 0.5359129905700684
writing: 0.16204833984375
