n_obs: 10
data_loading: 0.027722835540771484
filling: 0.5592477321624756
writing: 0.1666278839111328
