n_obs: 10
data_loading: 0.023410558700561523
filling: 0.4829075336456299
writing: 0.13788795471191406
