n_obs: 10
data_loading: 0.04257655143737793
filling: 0.9552819728851318
writing: 0.2463057041168213
