n_obs: 10
data_loading: 0.039212703704833984
filling: 0.9194760322570801
writing: 0.226637601852417
