n_obs: 10
data_loading: 0.027079343795776367
filling: 0.7946972846984863
writing: 0.17773056030273438
