n_obs: 10
data_loading: 0.05233263969421387
filling: 0.9392051696777344
writing: 0.23649907112121582
