n_obs: 10
data_loading: 0.04405379295349121
filling: 0.8979587554931641
writing: 0.1856226921081543
