n_obs: 10
data_loading: 0.04233717918395996
filling: 0.9999210834503174
writing: 0.24150657653808594
