n_obs: 10
data_loading: 0.028299808502197266
filling: 0.5246715545654297
writing: 0.16880440711975098
