n_obs: 10
data_loading: 0.05482935905456543
filling: 1.5970196723937988
writing: 0.25522518157958984
