n_obs: 10
data_loading: 0.02434706687927246
filling: 0.4723496437072754
writing: 0.1662440299987793
