n_obs: 10
data_loading: 0.04162931442260742
filling: 1.5618643760681152
writing: 0.23857593536376953
