n_obs: 10
data_loading: 0.03972291946411133
filling: 0.9424169063568115
writing: 0.23915719985961914
