n_obs: 10
data_loading: 0.02408313751220703
filling: 0.4870460033416748
writing: 0.16844487190246582
