n_obs: 10
data_loading: 0.02372121810913086
filling: 0.4818732738494873
writing: 0.16539597511291504
