n_obs: 10
data_loading: 0.04839301109313965
filling: 0.9402289390563965
writing: 0.22512149810791016
