n_obs: 10
data_loading: 0.028116703033447266
filling: 0.5201826095581055
writing: 0.16649127006530762
