n_obs: 10
data_loading: 0.08650517463684082
filling: 1.0080084800720215
writing: 0.23876595497131348
