n_obs: 10
data_loading: 0.033411264419555664
filling: 0.858435869216919
writing: 0.21087360382080078
