n_obs: 10
data_loading: 0.03279614448547363
filling: 1.0622477531433105
writing: 0.19692182540893555
