n_obs: 10
data_loading: 0.04604482650756836
filling: 0.9966695308685303
writing: 0.24153780937194824
