n_obs: 10
data_loading: 0.04034543037414551
filling: 0.9518289566040039
writing: 0.22467947006225586
