n_obs: 10
data_loading: 0.03299212455749512
filling: 0.9167792797088623
writing: 0.21280622482299805
