n_obs: 10
data_loading: 0.02833867073059082
filling: 0.580491304397583
writing: 0.16707777976989746
