n_obs: 10
data_loading: 0.03116154670715332
filling: 0.8463778495788574
writing: 0.20923185348510742
