n_obs: 10
data_loading: 0.07313084602355957
filling: 0.493976354598999
writing: 0.16641902923583984
