n_obs: 10
data_loading: 0.041986703872680664
filling: 0.933943510055542
writing: 0.25739121437072754
