n_obs: 10
data_loading: 0.040982961654663086
filling: 0.9039275646209717
writing: 0.22270417213439941
