n_obs: 10
data_loading: 0.03101348876953125
filling: 0.8383958339691162
writing: 0.21181225776672363
