n_obs: 10
data_loading: 0.031586408615112305
filling: 0.7995023727416992
writing: 0.19459104537963867
