n_obs: 10
data_loading: 0.03917288780212402
filling: 0.8833684921264648
writing: 0.2231919765472412
