n_obs: 10
data_loading: 0.032277584075927734
filling: 0.8620984554290771
writing: 0.2119903564453125
