n_obs: 10
data_loading: 0.027872800827026367
filling: 0.5629394054412842
writing: 0.16704916954040527
