n_obs: 10
data_loading: 0.04233884811401367
filling: 1.5689928531646729
writing: 0.21223664283752441
