n_obs: 10
data_loading: 0.02540302276611328
filling: 0.4982445240020752
writing: 0.1671297550201416
