n_obs: 10
data_loading: 0.025432586669921875
filling: 0.45688438415527344
writing: 0.16597938537597656
