n_obs: 10
data_loading: 0.08274126052856445
filling: 1.063997507095337
writing: 0.22412943840026855
