n_obs: 10
data_loading: 0.03145027160644531
filling: 0.968369722366333
writing: 0.21324944496154785
