n_obs: 10
data_loading: 0.0316624641418457
filling: 0.9112935066223145
writing: 0.20938682556152344
