n_obs: 10
data_loading: 0.04557657241821289
filling: 1.029250144958496
writing: 0.2668490409851074
