n_obs: 10
data_loading: 0.027367830276489258
filling: 0.51035475730896
writing: 0.16077017784118652
