n_obs: 10
data_loading: 0.03319239616394043
filling: 0.943850040435791
writing: 0.2123730182647705
