n_obs: 10
data_loading: 0.031623125076293945
filling: 1.098956823348999
writing: 0.21000003814697266
