n_obs: 10
data_loading: 0.019824743270874023
filling: 0.43170619010925293
writing: 0.10534954071044922
