n_obs: 10
data_loading: 0.03974103927612305
filling: 0.8400886058807373
writing: 0.227921724319458
