n_obs: 10
data_loading: 0.04777264595031738
filling: 1.1479966640472412
writing: 0.22112607955932617
