n_obs: 10
data_loading: 0.08373117446899414
filling: 0.5185484886169434
writing: 0.17050743103027344
