n_obs: 10
data_loading: 0.024517059326171875
filling: 0.4672863483428955
writing: 0.1652684211730957
