n_obs: 10
data_loading: 0.03925657272338867
filling: 0.9124813079833984
writing: 0.22376680374145508
