n_obs: 10
data_loading: 0.03851032257080078
filling: 0.8921463489532471
writing: 0.22490620613098145
