n_obs: 10
data_loading: 0.02788519859313965
filling: 0.870570182800293
writing: 0.1831676959991455
