n_obs: 10
data_loading: 0.03138470649719238
filling: 0.7704806327819824
writing: 0.1946430206298828
