n_obs: 10
data_loading: 0.04626822471618652
filling: 1.0114498138427734
writing: 0.2736823558807373
