n_obs: 10
data_loading: 0.032144784927368164
filling: 0.97967529296875
writing: 0.21326398849487305
