n_obs: 10
data_loading: 0.02699112892150879
filling: 0.4803645610809326
writing: 0.1658494472503662
