n_obs: 10
data_loading: 0.031702518463134766
filling: 0.7902956008911133
writing: 0.19430232048034668
