n_obs: 10
data_loading: 0.0484471321105957
filling: 1.02187180519104
writing: 0.24730372428894043
