n_obs: 10
data_loading: 0.06927227973937988
filling: 0.4778001308441162
writing: 0.17031431198120117
