n_obs: 10
data_loading: 0.03267383575439453
filling: 0.8758244514465332
writing: 0.21048951148986816
