n_obs: 10
data_loading: 0.02504706382751465
filling: 0.48349857330322266
writing: 0.16670489311218262
