n_obs: 10
data_loading: 0.025614023208618164
filling: 0.4697995185852051
writing: 0.16591310501098633
