n_obs: 10
data_loading: 0.023139476776123047
filling: 0.4684786796569824
writing: 0.1687910556793213
