n_obs: 10
data_loading: 0.026672840118408203
filling: 0.5121519565582275
writing: 0.16571903228759766
