n_obs: 10
data_loading: 0.03770780563354492
filling: 1.026134967803955
writing: 0.2544574737548828
