n_obs: 10
data_loading: 0.042551279067993164
filling: 1.313852071762085
writing: 0.2547628879547119
