n_obs: 10
data_loading: 0.04392099380493164
filling: 0.9633896350860596
writing: 0.2398991584777832
