n_obs: 10
data_loading: 0.06967830657958984
filling: 0.479461669921875
writing: 0.16624784469604492
