n_obs: 10
data_loading: 0.02537059783935547
filling: 0.49300694465637207
writing: 0.1727890968322754
