n_obs: 10
data_loading: 0.024836301803588867
filling: 0.5048196315765381
writing: 0.13715624809265137
