n_obs: 10
data_loading: 0.02281928062438965
filling: 0.45081663131713867
writing: 0.16618704795837402
