n_obs: 10
data_loading: 0.024813175201416016
filling: 0.4798867702484131
writing: 0.1657545566558838
