n_obs: 10
data_loading: 0.03551030158996582
filling: 0.9615635871887207
writing: 0.24999427795410156
