n_obs: 10
data_loading: 0.023886919021606445
filling: 0.46109652519226074
writing: 0.16833853721618652
