n_obs: 10
data_loading: 0.0438847541809082
filling: 0.9609184265136719
writing: 0.2554013729095459
