n_obs: 10
data_loading: 0.032309770584106445
filling: 0.7346742153167725
writing: 0.18784093856811523
