n_obs: 10
data_loading: 0.038308143615722656
filling: 0.7966330051422119
writing: 0.22368240356445312
