n_obs: 10
data_loading: 0.04038190841674805
filling: 0.8236327171325684
writing: 0.17024970054626465
