n_obs: 10
data_loading: 0.023891687393188477
filling: 0.4337763786315918
writing: 0.16486525535583496
