n_obs: 10
data_loading: 0.04371953010559082
filling: 0.9397706985473633
writing: 0.24419498443603516
