n_obs: 10
data_loading: 0.038199424743652344
filling: 1.2363824844360352
writing: 0.2397630214691162
