n_obs: 10
data_loading: 0.05750322341918945
filling: 1.0531961917877197
writing: 0.259871244430542
