n_obs: 10
data_loading: 0.027822494506835938
filling: 0.5077905654907227
writing: 0.15909314155578613
