n_obs: 10
data_loading: 0.0408627986907959
filling: 0.9266602993011475
writing: 0.2250843048095703
