n_obs: 10
data_loading: 0.023496627807617188
filling: 0.48818135261535645
writing: 0.13684678077697754
