n_obs: 10
data_loading: 0.03791642189025879
filling: 1.0199546813964844
writing: 0.20374178886413574
