n_obs: 10
data_loading: 0.03649282455444336
filling: 0.8339402675628662
writing: 0.2069087028503418
