n_obs: 10
data_loading: 0.030866146087646484
filling: 0.8602783679962158
writing: 0.20946288108825684
