n_obs: 10
data_loading: 0.03758049011230469
filling: 0.9138345718383789
writing: 0.18388867378234863
