n_obs: 10
data_loading: 0.024413108825683594
filling: 0.5059916973114014
writing: 0.16932415962219238
