n_obs: 10
data_loading: 0.04011964797973633
filling: 0.9096214771270752
writing: 0.23305344581604004
