n_obs: 10
data_loading: 0.027156829833984375
filling: 0.5546507835388184
writing: 0.15755701065063477
