n_obs: 10
data_loading: 0.04395556449890137
filling: 0.9852700233459473
writing: 0.27288007736206055
