n_obs: 10
data_loading: 0.02427530288696289
filling: 0.44873762130737305
writing: 0.1650254726409912
