n_obs: 10
data_loading: 0.0236666202545166
filling: 0.45904088020324707
writing: 0.16550803184509277
