n_obs: 10
data_loading: 0.03937816619873047
filling: 1.0314452648162842
writing: 0.20504975318908691
