n_obs: 10
data_loading: 0.036795854568481445
filling: 0.9854276180267334
writing: 0.25336599349975586
