n_obs: 10
data_loading: 0.028642654418945312
filling: 0.5730037689208984
writing: 0.16606545448303223
