n_obs: 10
data_loading: 0.028687000274658203
filling: 0.5119733810424805
writing: 0.15558385848999023
