n_obs: 10
data_loading: 0.030766725540161133
filling: 0.5378155708312988
writing: 0.16872262954711914
