n_obs: 10
data_loading: 0.03450775146484375
filling: 1.2413678169250488
writing: 0.21291613578796387
