n_obs: 10
data_loading: 0.024079561233520508
filling: 0.48810434341430664
writing: 0.1350421905517578
