n_obs: 10
data_loading: 0.03325152397155762
filling: 0.7928590774536133
writing: 0.19426345825195312
