n_obs: 10
data_loading: 0.0511629581451416
filling: 1.0035293102264404
writing: 0.24149632453918457
