n_obs: 10
data_loading: 0.02423882484436035
filling: 0.5034971237182617
writing: 0.16571617126464844
