n_obs: 10
data_loading: 0.04187202453613281
filling: 0.8627862930297852
writing: 0.2248847484588623
