n_obs: 10
data_loading: 0.03317093849182129
filling: 0.7951586246490479
writing: 0.19691991806030273
