n_obs: 10
data_loading: 0.027482986450195312
filling: 0.5788533687591553
writing: 0.16921591758728027
