n_obs: 10
data_loading: 0.07262420654296875
filling: 0.4716835021972656
writing: 0.16502833366394043
