n_obs: 10
data_loading: 0.0439457893371582
filling: 0.9840860366821289
writing: 0.21027565002441406
