n_obs: 10
data_loading: 0.03072810173034668
filling: 0.8722093105316162
writing: 0.21408891677856445
