n_obs: 10
data_loading: 0.03629755973815918
filling: 0.927018404006958
writing: 0.2332448959350586
