n_obs: 10
data_loading: 0.03880047798156738
filling: 0.8989639282226562
writing: 0.22421908378601074
