n_obs: 10
data_loading: 0.023454666137695312
filling: 0.44836926460266113
writing: 0.16784048080444336
