n_obs: 10
data_loading: 0.027617692947387695
filling: 0.5557494163513184
writing: 0.16846990585327148
