n_obs: 10
data_loading: 0.045475006103515625
filling: 1.1155035495758057
writing: 0.3498361110687256
