n_obs: 10
data_loading: 0.027475357055664062
filling: 0.516430139541626
writing: 0.16556191444396973
