n_obs: 10
data_loading: 0.04833364486694336
filling: 1.0258281230926514
writing: 0.26613545417785645
