n_obs: 10
data_loading: 0.027073144912719727
filling: 0.5592484474182129
writing: 0.16858386993408203
