n_obs: 10
data_loading: 0.02895832061767578
filling: 0.5355668067932129
writing: 0.1682438850402832
