n_obs: 10
data_loading: 0.03247690200805664
filling: 0.9019873142242432
writing: 0.2120211124420166
