n_obs: 10
data_loading: 0.04138040542602539
filling: 0.9126663208007812
writing: 0.25149965286254883
