n_obs: 10
data_loading: 0.023108959197998047
filling: 0.4267439842224121
writing: 0.1652228832244873
