n_obs: 10
data_loading: 0.02377152442932129
filling: 0.43491458892822266
writing: 0.1662294864654541
