n_obs: 10
data_loading: 0.028668642044067383
filling: 0.5452282428741455
writing: 0.15703964233398438
