n_obs: 10
data_loading: 0.027524709701538086
filling: 0.5303339958190918
writing: 0.16704201698303223
