n_obs: 10
data_loading: 0.033628225326538086
filling: 0.7836575508117676
writing: 0.1980292797088623
