n_obs: 10
data_loading: 0.05337810516357422
filling: 0.9868643283843994
writing: 0.19456195831298828
