n_obs: 10
data_loading: 0.031078577041625977
filling: 0.7474100589752197
writing: 0.19636201858520508
