n_obs: 10
data_loading: 0.0775136947631836
filling: 0.9390692710876465
writing: 0.24797677993774414
