n_obs: 10
data_loading: 0.05388903617858887
filling: 1.151076078414917
writing: 0.24924659729003906
