n_obs: 10
data_loading: 0.04395437240600586
filling: 0.9010920524597168
writing: 0.23729467391967773
