n_obs: 10
data_loading: 0.03266286849975586
filling: 0.840522050857544
writing: 0.21047067642211914
