n_obs: 10
data_loading: 0.033380985260009766
filling: 0.8267974853515625
writing: 0.19307279586791992
