n_obs: 10
data_loading: 0.046085357666015625
filling: 0.8862731456756592
writing: 0.20369458198547363
