n_obs: 10
data_loading: 0.03280806541442871
filling: 0.8586385250091553
writing: 0.20967650413513184
