n_obs: 10
data_loading: 0.03678703308105469
filling: 0.8099727630615234
writing: 0.23005938529968262
