n_obs: 10
data_loading: 0.04105663299560547
filling: 0.9215989112854004
writing: 0.24624967575073242
