n_obs: 10
data_loading: 0.04287075996398926
filling: 0.9349005222320557
writing: 0.24578475952148438
