n_obs: 10
data_loading: 0.05274796485900879
filling: 1.0903029441833496
writing: 0.21068453788757324
