n_obs: 10
data_loading: 0.03265380859375
filling: 0.756493091583252
writing: 0.1840047836303711
