n_obs: 10
data_loading: 0.03160548210144043
filling: 0.778494119644165
writing: 0.18980979919433594
