n_obs: 10
data_loading: 0.034403324127197266
filling: 1.2599751949310303
writing: 0.21246910095214844
