n_obs: 10
data_loading: 0.034957170486450195
filling: 1.478128433227539
writing: 0.20302248001098633
