n_obs: 10
data_loading: 0.023398876190185547
filling: 0.4489433765411377
writing: 0.164902925491333
