n_obs: 10
data_loading: 0.02989816665649414
filling: 0.5331945419311523
writing: 0.15613102912902832
