n_obs: 10
data_loading: 0.025782346725463867
filling: 0.5379667282104492
writing: 0.16611719131469727
