n_obs: 10
data_loading: 0.03287482261657715
filling: 0.8494901657104492
writing: 0.22432208061218262
