n_obs: 10
data_loading: 0.03946566581726074
filling: 0.8945801258087158
writing: 0.2234022617340088
