n_obs: 10
data_loading: 0.04579806327819824
filling: 1.0246751308441162
writing: 0.2644226551055908
