n_obs: 10
data_loading: 0.040834903717041016
filling: 0.9685297012329102
writing: 0.22775936126708984
