n_obs: 10
data_loading: 0.03490090370178223
filling: 0.8365166187286377
writing: 0.21352243423461914
