n_obs: 10
data_loading: 0.023517131805419922
filling: 0.4462287425994873
writing: 0.16909170150756836
