n_obs: 10
data_loading: 0.03610968589782715
filling: 1.473325490951538
writing: 0.20386791229248047
