n_obs: 10
data_loading: 0.028201818466186523
filling: 0.560535192489624
writing: 0.16698145866394043
