n_obs: 10
data_loading: 0.029868602752685547
filling: 0.8378455638885498
writing: 0.200361967086792
