n_obs: 10
data_loading: 0.028314828872680664
filling: 0.5207004547119141
writing: 0.165679931640625
