n_obs: 10
data_loading: 0.0525054931640625
filling: 1.1384668350219727
writing: 0.2539072036743164
