n_obs: 10
data_loading: 0.02303314208984375
filling: 0.4814169406890869
writing: 0.16568779945373535
