n_obs: 10
data_loading: 0.031726837158203125
filling: 0.8613338470458984
writing: 0.20990824699401855
