n_obs: 10
data_loading: 0.031148433685302734
filling: 0.9110493659973145
writing: 0.21051764488220215
