n_obs: 10
data_loading: 0.0338287353515625
filling: 1.0281870365142822
writing: 0.20779109001159668
