n_obs: 10
data_loading: 0.023288249969482422
filling: 0.4860110282897949
writing: 0.16530203819274902
