n_obs: 10
data_loading: 0.0482330322265625
filling: 0.9842984676361084
writing: 0.2769889831542969
