n_obs: 10
data_loading: 0.037543535232543945
filling: 0.9809095859527588
writing: 0.2504127025604248
