n_obs: 10
data_loading: 0.028101205825805664
filling: 0.5725224018096924
writing: 0.17001771926879883
