n_obs: 10
data_loading: 0.02395939826965332
filling: 0.48951029777526855
writing: 0.16830801963806152
