n_obs: 10
data_loading: 0.0469205379486084
filling: 0.9823966026306152
writing: 0.256439208984375
