n_obs: 10
data_loading: 0.03637123107910156
filling: 0.8170034885406494
writing: 0.2069532871246338
