n_obs: 10
data_loading: 0.02710580825805664
filling: 0.514441967010498
writing: 0.15665221214294434
