n_obs: 10
data_loading: 0.045649051666259766
filling: 0.9986622333526611
writing: 0.2664642333984375
