n_obs: 10
data_loading: 0.03610682487487793
filling: 0.9846007823944092
writing: 0.25185275077819824
