n_obs: 10
data_loading: 0.08144474029541016
filling: 1.0524070262908936
writing: 0.23527789115905762
