n_obs: 10
data_loading: 0.031800031661987305
filling: 0.7921197414398193
writing: 0.19755935668945312
