n_obs: 10
data_loading: 0.032737016677856445
filling: 0.7969591617584229
writing: 0.1944723129272461
