n_obs: 10
data_loading: 0.028029203414916992
filling: 0.5183987617492676
writing: 0.16723394393920898
