n_obs: 10
data_loading: 0.0324094295501709
filling: 0.767479658126831
writing: 0.19331979751586914
