n_obs: 10
data_loading: 0.05841708183288574
filling: 0.8294947147369385
writing: 0.1695857048034668
