n_obs: 10
data_loading: 0.03686404228210449
filling: 0.9263148307800293
writing: 0.22017455101013184
