n_obs: 10
data_loading: 0.023864269256591797
filling: 0.45067906379699707
writing: 0.165940523147583
