n_obs: 10
data_loading: 0.03960251808166504
filling: 0.9067492485046387
writing: 0.24172377586364746
