n_obs: 10
data_loading: 0.023845911026000977
filling: 0.454179048538208
writing: 0.165726900100708
