n_obs: 10
data_loading: 0.05835366249084473
filling: 0.7388930320739746
writing: 0.17890620231628418
