n_obs: 10
data_loading: 0.04513192176818848
filling: 1.0753929615020752
writing: 0.17991876602172852
