n_obs: 10
data_loading: 0.026947736740112305
filling: 0.5438883304595947
writing: 0.16661810874938965
