n_obs: 10
data_loading: 0.04762434959411621
filling: 1.0217480659484863
writing: 0.21792006492614746
