n_obs: 10
data_loading: 0.02730107307434082
filling: 0.5265436172485352
writing: 0.1657123565673828
