n_obs: 10
data_loading: 0.03997802734375
filling: 1.522289752960205
writing: 0.2409679889678955
