n_obs: 10
data_loading: 0.048235177993774414
filling: 0.9887659549713135
writing: 0.2204899787902832
