n_obs: 10
data_loading: 0.02521491050720215
filling: 0.4498164653778076
writing: 0.1677837371826172
