n_obs: 10
data_loading: 0.05378890037536621
filling: 1.234440803527832
writing: 0.2645838260650635
