n_obs: 10
data_loading: 0.03805971145629883
filling: 0.9992275238037109
writing: 0.251492977142334
