n_obs: 10
data_loading: 0.031184673309326172
filling: 0.9051189422607422
writing: 0.21438860893249512
