n_obs: 10
data_loading: 0.02381134033203125
filling: 0.4888315200805664
writing: 0.16646194458007812
