n_obs: 10
data_loading: 0.02624201774597168
filling: 0.5061910152435303
writing: 0.16965484619140625
