n_obs: 10
data_loading: 0.02686166763305664
filling: 0.5439543724060059
writing: 0.16730046272277832
