n_obs: 10
data_loading: 0.02756786346435547
filling: 0.503216028213501
writing: 0.1605699062347412
