n_obs: 10
data_loading: 0.04460763931274414
filling: 1.0022492408752441
writing: 0.2551412582397461
