n_obs: 10
data_loading: 0.027020931243896484
filling: 0.5584714412689209
writing: 0.16624879837036133
