n_obs: 10
data_loading: 0.03966093063354492
filling: 0.8959553241729736
writing: 0.20553994178771973
