n_obs: 10
data_loading: 0.026181936264038086
filling: 0.4509897232055664
writing: 0.16513800621032715
