n_obs: 10
data_loading: 0.04348254203796387
filling: 1.2443335056304932
writing: 0.2179548740386963
