n_obs: 10
data_loading: 0.0269925594329834
filling: 0.5460057258605957
writing: 0.16907763481140137
