n_obs: 10
data_loading: 0.02356576919555664
filling: 0.479081392288208
writing: 0.14069890975952148
