n_obs: 10
data_loading: 0.08530712127685547
filling: 0.5319678783416748
writing: 0.17140960693359375
