n_obs: 10
data_loading: 0.027881860733032227
filling: 0.528350830078125
writing: 0.16704082489013672
