n_obs: 10
data_loading: 0.03170347213745117
filling: 0.8495681285858154
writing: 0.1963636875152588
