n_obs: 10
data_loading: 0.02347707748413086
filling: 0.45689988136291504
writing: 0.16595077514648438
