n_obs: 10
data_loading: 0.02755427360534668
filling: 0.5428154468536377
writing: 0.16897273063659668
