n_obs: 10
data_loading: 0.03374171257019043
filling: 0.9485924243927002
writing: 0.1801927089691162
