n_obs: 10
data_loading: 0.03751230239868164
filling: 0.8574841022491455
writing: 0.2201383113861084
