n_obs: 10
data_loading: 0.02578878402709961
filling: 0.45082521438598633
writing: 0.1653127670288086
