n_obs: 10
data_loading: 0.04751849174499512
filling: 0.9621939659118652
writing: 0.25846290588378906
