n_obs: 10
data_loading: 0.04147934913635254
filling: 1.2386550903320312
writing: 0.2151808738708496
