n_obs: 10
data_loading: 0.043411970138549805
filling: 0.948922872543335
writing: 0.2583017349243164
