n_obs: 10
data_loading: 0.02507495880126953
filling: 0.48298215866088867
writing: 0.16602730751037598
