n_obs: 10
data_loading: 0.026919841766357422
filling: 0.5083153247833252
writing: 0.1557168960571289
