n_obs: 10
data_loading: 0.06778621673583984
filling: 0.892880916595459
writing: 0.23855948448181152
