n_obs: 10
data_loading: 0.027464866638183594
filling: 0.5329747200012207
writing: 0.1704998016357422
