n_obs: 10
data_loading: 0.04336690902709961
filling: 1.0627765655517578
writing: 0.2243516445159912
