n_obs: 10
data_loading: 0.03393101692199707
filling: 0.9743540287017822
writing: 0.21243834495544434
