n_obs: 10
data_loading: 0.022885799407958984
filling: 0.4529385566711426
writing: 0.16781854629516602
