n_obs: 10
data_loading: 0.027167320251464844
filling: 0.5589444637298584
writing: 0.16685962677001953
