n_obs: 10
data_loading: 0.04219484329223633
filling: 0.9230360984802246
writing: 0.2457726001739502
