n_obs: 10
data_loading: 0.03865408897399902
filling: 1.5163745880126953
writing: 0.20473337173461914
