n_obs: 10
data_loading: 0.03270411491394043
filling: 0.7869007587432861
writing: 0.18633675575256348
