n_obs: 10
data_loading: 0.025682687759399414
filling: 0.4646918773651123
writing: 0.16505813598632812
