n_obs: 10
data_loading: 0.0499577522277832
filling: 1.270007848739624
writing: 0.2548956871032715
