n_obs: 10
data_loading: 0.09306669235229492
filling: 1.0320093631744385
writing: 0.24656033515930176
