n_obs: 10
data_loading: 0.027593612670898438
filling: 0.5321750640869141
writing: 0.1563258171081543
