n_obs: 10
data_loading: 0.024823904037475586
filling: 0.46349644660949707
writing: 0.16828632354736328
