n_obs: 10
data_loading: 0.023406267166137695
filling: 0.4849565029144287
writing: 0.16611862182617188
