n_obs: 10
data_loading: 0.027799367904663086
filling: 0.4749765396118164
writing: 0.1660785675048828
