n_obs: 10
data_loading: 0.07400703430175781
filling: 0.4570963382720947
writing: 0.1806480884552002
