n_obs: 10
data_loading: 0.03303885459899902
filling: 0.9994246959686279
writing: 0.2112877368927002
