n_obs: 10
data_loading: 0.036826133728027344
filling: 0.9503867626190186
writing: 0.2462465763092041
