n_obs: 10
data_loading: 0.027308940887451172
filling: 0.5486760139465332
writing: 0.16639232635498047
