n_obs: 10
data_loading: 0.023541927337646484
filling: 0.45558834075927734
writing: 0.1683034896850586
