n_obs: 10
data_loading: 0.026579618453979492
filling: 0.5020849704742432
writing: 0.15656375885009766
