n_obs: 10
data_loading: 0.03902745246887207
filling: 1.2564353942871094
writing: 0.2391185760498047
