n_obs: 10
data_loading: 0.027959346771240234
filling: 0.5801053047180176
writing: 0.1666092872619629
