n_obs: 10
data_loading: 0.03289961814880371
filling: 0.8414306640625
writing: 0.21027779579162598
