n_obs: 10
data_loading: 0.03128695487976074
filling: 0.49880027770996094
writing: 0.15781474113464355
