n_obs: 10
data_loading: 0.04963040351867676
filling: 1.0710687637329102
writing: 0.2418348789215088
