n_obs: 10
data_loading: 0.03144478797912598
filling: 0.7861337661743164
writing: 0.19750714302062988
