n_obs: 10
data_loading: 0.02848196029663086
filling: 1.0494534969329834
writing: 0.1833641529083252
