n_obs: 10
data_loading: 0.04135918617248535
filling: 0.9130699634552002
writing: 0.23218894004821777
