n_obs: 10
data_loading: 0.04171156883239746
filling: 0.9056901931762695
writing: 0.22981858253479004
