n_obs: 10
data_loading: 0.07178020477294922
filling: 0.473766565322876
writing: 0.16527080535888672
