n_obs: 10
data_loading: 0.02786421775817871
filling: 0.5133278369903564
writing: 0.16614103317260742
