n_obs: 10
data_loading: 0.04094672203063965
filling: 0.9439594745635986
writing: 0.23117852210998535
