n_obs: 10
data_loading: 0.07564210891723633
filling: 0.48288846015930176
writing: 0.1677863597869873
