n_obs: 10
data_loading: 0.033594369888305664
filling: 0.9006047248840332
writing: 0.21324443817138672
