n_obs: 10
data_loading: 0.031629085540771484
filling: 0.7654552459716797
writing: 0.19601893424987793
