n_obs: 10
data_loading: 0.07368326187133789
filling: 0.8104360103607178
writing: 0.1997542381286621
