n_obs: 10
data_loading: 0.024953603744506836
filling: 0.484234094619751
writing: 0.14559578895568848
