n_obs: 10
data_loading: 0.046416521072387695
filling: 1.0629174709320068
writing: 0.27250242233276367
