n_obs: 10
data_loading: 0.03252863883972168
filling: 0.7235949039459229
writing: 0.20466279983520508
