n_obs: 10
data_loading: 0.0490262508392334
filling: 1.0609078407287598
writing: 0.22889471054077148
