n_obs: 10
data_loading: 0.028421401977539062
filling: 0.4929523468017578
writing: 0.166778564453125
