n_obs: 10
data_loading: 0.027139663696289062
filling: 0.5662250518798828
writing: 0.16623759269714355
