n_obs: 10
data_loading: 0.02840280532836914
filling: 0.5385370254516602
writing: 0.16740846633911133
