n_obs: 10
data_loading: 0.023187875747680664
filling: 0.42441773414611816
writing: 0.16568875312805176
