n_obs: 10
data_loading: 0.023720502853393555
filling: 0.4899759292602539
writing: 0.16913294792175293
