data_loading: 0.04293680191040039
filling: 5.26732325553894
writing: 0.1581251621246338
