data_loading: 0.03631114959716797
filling: 6.345157861709595
writing: 0.18199610710144043
