n_obs: 8
data_preparation: 13.677872896194458
writing: 2.7830851078033447
reading: 2.2089040279388428
data_fitting: 2.8133935928344727
flux_point: 9.293691158294678
