data_preparation: 0.2739121913909912
run_asmooth: 1.3855278491973877
TSmap_estimator: 28.248473644256592
