data_preparation: 0.22410202026367188
run_asmooth: 1.1481740474700928
TSmap_estimator: 24.0639066696167
