data_preparation: 0.24401569366455078
run_asmooth: 1.199894905090332
TSmap_estimator: 23.028074741363525
