data_preparation: 0.27976274490356445
run_asmooth: 1.7087852954864502
TSmap_estimator: 55.28978705406189
