data_preparation: 0.23642373085021973
run_asmooth: 1.1954879760742188
TSmap_estimator: 37.57210111618042
