data_preparation: 0.17948460578918457
run_asmooth: 0.7250690460205078
TSmap_estimator: 21.925304174423218
