data_preparation: 0.17222309112548828
run_asmooth: 0.6851763725280762
TSmap_estimator: 28.13273525238037
