data_preparation: 0.229905366897583
run_asmooth: 1.160203218460083
TSmap_estimator: 23.486363887786865
