data_preparation: 0.19437623023986816
run_asmooth: 1.1204099655151367
TSmap_estimator: 22.98576068878174
