data_preparation: 0.20655608177185059
run_asmooth: 1.1090941429138184
TSmap_estimator: 24.022091150283813
