data_preparation: 0.166395902633667
run_asmooth: 0.7136156558990479
TSmap_estimator: 29.620433807373047
