data_preparation: 0.15913653373718262
run_asmooth: 0.713134765625
TSmap_estimator: 26.36758065223694
