data_preparation: 0.24274778366088867
run_asmooth: 1.387542963027954
TSmap_estimator: 34.57115197181702
