data_preparation: 0.1566181182861328
run_asmooth: 0.7215332984924316
TSmap_estimator: 20.91351842880249
