data_preparation: 0.2104330062866211
run_asmooth: 1.188117265701294
TSmap_estimator: 23.762548685073853
