data_preparation: 0.21471834182739258
run_asmooth: 1.1397044658660889
TSmap_estimator: 26.91008710861206
