data_preparation: 0.2590954303741455
run_asmooth: 1.489877462387085
TSmap_estimator: 37.190781354904175
