data_preparation: 0.17151761054992676
run_asmooth: 0.749631404876709
TSmap_estimator: 22.373145818710327
