data_preparation: 0.1651597023010254
run_asmooth: 0.6791059970855713
TSmap_estimator: 30.97196340560913
