data_preparation: 0.16032862663269043
run_asmooth: 0.8121531009674072
TSmap_estimator: 26.859283685684204
