data_preparation: 0.1567385196685791
run_asmooth: 0.7198660373687744
TSmap_estimator: 26.60953688621521
