data_preparation: 0.16463756561279297
run_asmooth: 0.7007207870483398
TSmap_estimator: 25.706382274627686
