data_preparation: 0.21803522109985352
run_asmooth: 1.0439434051513672
TSmap_estimator: 23.627836227416992
