data_preparation: 0.16973543167114258
run_asmooth: 0.705486536026001
TSmap_estimator: 31.84544539451599
