data_preparation: 0.25851893424987793
run_asmooth: 1.297701358795166
TSmap_estimator: 28.957987308502197
