data_preparation: 0.26207780838012695
run_asmooth: 1.316371202468872
TSmap_estimator: 22.64677596092224
