data_preparation: 0.17105436325073242
run_asmooth: 0.70912766456604
TSmap_estimator: 31.485603094100952
