data_preparation: 0.3524150848388672
run_asmooth: 1.3825922012329102
TSmap_estimator: 32.10354709625244
