data_preparation: 0.2678985595703125
run_asmooth: 1.3506207466125488
TSmap_estimator: 33.5699999332428
