data_preparation: 0.21648001670837402
run_asmooth: 1.0495314598083496
TSmap_estimator: 23.68199372291565
