data_preparation: 0.3211848735809326
run_asmooth: 1.3098571300506592
TSmap_estimator: 27.41075611114502
