data_preparation: 0.16073131561279297
run_asmooth: 0.6890785694122314
TSmap_estimator: 21.99359631538391
