data_preparation: 0.21577095985412598
run_asmooth: 1.0021638870239258
TSmap_estimator: 26.0916588306427
