data_preparation: 0.2193148136138916
run_asmooth: 1.0420863628387451
TSmap_estimator: 23.950547695159912
