data_preparation: 0.1682605743408203
run_asmooth: 0.6908833980560303
TSmap_estimator: 31.311801433563232
