data_preparation: 0.16621136665344238
run_asmooth: 0.7291865348815918
TSmap_estimator: 29.616899967193604
