data_preparation: 0.16484951972961426
run_asmooth: 0.6787104606628418
TSmap_estimator: 31.21378993988037
