data_preparation: 0.25868701934814453
run_asmooth: 1.4851760864257812
TSmap_estimator: 29.69028329849243
