data_preparation: 0.1545577049255371
run_asmooth: 0.6900122165679932
TSmap_estimator: 20.90219736099243
