data_preparation: 0.268970251083374
run_asmooth: 1.3323643207550049
TSmap_estimator: 24.443737745285034
