data_preparation: 0.21359515190124512
run_asmooth: 0.9871361255645752
TSmap_estimator: 22.796910047531128
