data_preparation: 0.16944193840026855
run_asmooth: 0.6832046508789062
TSmap_estimator: 29.85097575187683
