data_preparation: 0.16655826568603516
run_asmooth: 0.7013065814971924
TSmap_estimator: 26.14512038230896
