data_preparation: 0.25894641876220703
run_asmooth: 1.2681972980499268
TSmap_estimator: 29.47243642807007
