data_preparation: 0.16639041900634766
run_asmooth: 0.6926310062408447
TSmap_estimator: 26.630785703659058
