data_preparation: 0.22520852088928223
run_asmooth: 1.220156192779541
TSmap_estimator: 24.82240343093872
