data_preparation: 0.16707849502563477
run_asmooth: 0.7153708934783936
TSmap_estimator: 25.927481412887573
