data_preparation: 0.23324227333068848
run_asmooth: 1.2802441120147705
TSmap_estimator: 27.05371379852295
