data_preparation: 0.16055846214294434
run_asmooth: 0.6816563606262207
TSmap_estimator: 22.265071630477905
