data_preparation: 0.1573474407196045
run_asmooth: 0.7065122127532959
TSmap_estimator: 20.5834698677063
