data_preparation: 0.2908320426940918
run_asmooth: 1.5959603786468506
TSmap_estimator: 66.89735627174377
