data_preparation: 0.16085529327392578
run_asmooth: 0.6751420497894287
TSmap_estimator: 22.218022108078003
