data_preparation: 0.17139673233032227
run_asmooth: 0.6851811408996582
TSmap_estimator: 28.116313934326172
