data_preparation: 0.16768884658813477
run_asmooth: 0.684901237487793
TSmap_estimator: 30.71683669090271
