data_preparation: 0.28911709785461426
run_asmooth: 1.5726382732391357
TSmap_estimator: 37.05026149749756
