data_preparation: 0.2702057361602783
run_asmooth: 1.3429572582244873
TSmap_estimator: 26.077839612960815
