data_preparation: 0.16786456108093262
run_asmooth: 0.7117226123809814
TSmap_estimator: 25.750380039215088
