data_preparation: 0.15431928634643555
run_asmooth: 0.6674611568450928
TSmap_estimator: 19.700823068618774
