data_preparation: 0.2275707721710205
run_asmooth: 1.227902889251709
TSmap_estimator: 23.308008670806885
