data_preparation: 0.1577310562133789
run_asmooth: 0.6840553283691406
TSmap_estimator: 20.79804039001465
