data_preparation: 0.22742104530334473
run_asmooth: 1.1400067806243896
TSmap_estimator: 24.912744760513306
