data_preparation: 0.21981430053710938
run_asmooth: 1.1062374114990234
TSmap_estimator: 23.797855615615845
