data_preparation: 0.3017539978027344
run_asmooth: 1.452240228652954
TSmap_estimator: 41.0309112071991
