data_preparation: 0.2915346622467041
run_asmooth: 1.5704340934753418
TSmap_estimator: 40.16711711883545
