data_preparation: 0.22119498252868652
run_asmooth: 1.3674461841583252
TSmap_estimator: 65.17456459999084
