data_preparation: 0.21429753303527832
run_asmooth: 1.0268542766571045
TSmap_estimator: 23.900156259536743
