data_preparation: 0.2919483184814453
run_asmooth: 1.594513177871704
TSmap_estimator: 36.67448830604553
