data_preparation: 0.24139189720153809
run_asmooth: 1.2891173362731934
TSmap_estimator: 28.69602608680725
