data_preparation: 0.16493725776672363
run_asmooth: 0.7935359477996826
TSmap_estimator: 24.48967146873474
