data_preparation: 0.16910266876220703
run_asmooth: 0.727123498916626
TSmap_estimator: 29.539626598358154
