data_preparation: 0.1887352466583252
run_asmooth: 1.0715022087097168
TSmap_estimator: 21.644606113433838
