data_preparation: 0.17017126083374023
run_asmooth: 0.7305214405059814
TSmap_estimator: 29.97321653366089
