data_preparation: 0.26467370986938477
run_asmooth: 1.4333207607269287
TSmap_estimator: 35.550188302993774
