data_preparation: 0.15448474884033203
run_asmooth: 0.7173216342926025
TSmap_estimator: 19.259332180023193
