data_preparation: 0.16717910766601562
run_asmooth: 0.7032670974731445
TSmap_estimator: 25.912285089492798
