data_preparation: 0.2259986400604248
run_asmooth: 1.1944191455841064
TSmap_estimator: 23.22305727005005
