data_preparation: 0.26297497749328613
run_asmooth: 1.298469066619873
TSmap_estimator: 27.471335887908936
