data_preparation: 0.16410088539123535
run_asmooth: 0.7038149833679199
TSmap_estimator: 22.242340326309204
