data_preparation: 0.16590476036071777
run_asmooth: 0.6734826564788818
TSmap_estimator: 28.61543583869934
