data_preparation: 0.282900333404541
run_asmooth: 1.4021499156951904
TSmap_estimator: 34.166424036026
