data_preparation: 0.1667182445526123
run_asmooth: 0.6895523071289062
TSmap_estimator: 31.21031951904297
