data_preparation: 0.21990275382995605
run_asmooth: 1.0936782360076904
TSmap_estimator: 17.745099782943726
