data_preparation: 0.21557402610778809
run_asmooth: 1.0334374904632568
TSmap_estimator: 24.665216207504272
