data_preparation: 0.2787361145019531
run_asmooth: 1.3170039653778076
TSmap_estimator: 23.087970733642578
