data_preparation: 0.2314741611480713
run_asmooth: 1.2551751136779785
TSmap_estimator: 23.73751473426819
