data_preparation: 0.15675044059753418
run_asmooth: 0.7286486625671387
TSmap_estimator: 26.258540153503418
