data_preparation: 0.17513060569763184
run_asmooth: 0.7262358665466309
TSmap_estimator: 21.377675771713257
