data_preparation: 0.15798306465148926
run_asmooth: 0.7291646003723145
TSmap_estimator: 25.939428567886353
