data_preparation: 0.1631181240081787
run_asmooth: 0.7150781154632568
TSmap_estimator: 22.243587255477905
