data_preparation: 0.25446152687072754
run_asmooth: 1.3533670902252197
TSmap_estimator: 27.589482307434082
