data_preparation: 0.1559004783630371
run_asmooth: 0.7148630619049072
TSmap_estimator: 26.737775802612305
