data_preparation: 0.16742444038391113
run_asmooth: 0.7131547927856445
TSmap_estimator: 29.394055128097534
