data_preparation: 0.1798708438873291
run_asmooth: 0.7257680892944336
TSmap_estimator: 21.884634494781494
