data_preparation: 0.2547168731689453
run_asmooth: 1.3888163566589355
TSmap_estimator: 30.335917472839355
