data_preparation: 0.155656099319458
run_asmooth: 0.7126049995422363
TSmap_estimator: 20.36547303199768
