data_preparation: 0.16844630241394043
run_asmooth: 0.6885089874267578
TSmap_estimator: 27.45131778717041
