data_preparation: 0.16074752807617188
run_asmooth: 0.6883978843688965
TSmap_estimator: 22.05068278312683
