data_preparation: 0.2984929084777832
run_asmooth: 1.7050178050994873
TSmap_estimator: 40.70927429199219
