data_preparation: 0.20875334739685059
run_asmooth: 1.1395697593688965
TSmap_estimator: 23.352245330810547
