data_preparation: 0.16730141639709473
run_asmooth: 0.709251880645752
TSmap_estimator: 25.357659816741943
