data_preparation: 0.20908641815185547
run_asmooth: 1.144636869430542
TSmap_estimator: 23.228483200073242
