data_preparation: 0.16512727737426758
run_asmooth: 0.6988570690155029
TSmap_estimator: 31.41037154197693
