data_preparation: 0.21947550773620605
run_asmooth: 1.0469486713409424
TSmap_estimator: 27.42866086959839
