data_preparation: 0.22919702529907227
run_asmooth: 1.1859848499298096
TSmap_estimator: 24.96054482460022
