data_preparation: 0.1668088436126709
run_asmooth: 0.6857562065124512
TSmap_estimator: 30.94140625
