data_preparation: 0.28367161750793457
run_asmooth: 1.41162109375
TSmap_estimator: 27.809044361114502
