data_preparation: 0.21759295463562012
run_asmooth: 1.2258310317993164
TSmap_estimator: 22.65289568901062
