data_preparation: 0.1637864112854004
run_asmooth: 0.6850485801696777
TSmap_estimator: 22.16693949699402
