data_preparation: 0.16793346405029297
run_asmooth: 0.7195277214050293
TSmap_estimator: 26.165181875228882
