data_preparation: 0.16484713554382324
run_asmooth: 0.71128249168396
TSmap_estimator: 26.292287826538086
