data_preparation: 0.2900846004486084
run_asmooth: 1.3213834762573242
TSmap_estimator: 22.238288640975952
