data_preparation: 0.16179227828979492
run_asmooth: 0.682091236114502
TSmap_estimator: 22.302145957946777
