data_preparation: 0.3224341869354248
run_asmooth: 1.4377660751342773
TSmap_estimator: 45.30876111984253
