data_preparation: 0.33997559547424316
run_asmooth: 1.3145322799682617
TSmap_estimator: 31.319281101226807
