data_preparation: 0.21541905403137207
run_asmooth: 1.2876315116882324
TSmap_estimator: 24.977810621261597
