data_preparation: 0.1639716625213623
run_asmooth: 0.6695425510406494
TSmap_estimator: 31.35230565071106
