data_preparation: 0.1681051254272461
run_asmooth: 0.7153201103210449
TSmap_estimator: 22.382569313049316
