data_preparation: 0.16837143898010254
run_asmooth: 0.6896617412567139
TSmap_estimator: 30.739916801452637
