data_preparation: 0.1681196689605713
run_asmooth: 0.6915338039398193
TSmap_estimator: 31.225347757339478
