data_preparation: 0.16179418563842773
run_asmooth: 0.6887023448944092
TSmap_estimator: 22.30285406112671
