data_preparation: 0.2755444049835205
run_asmooth: 1.4400906562805176
TSmap_estimator: 25.195042610168457
