data_preparation: 0.1654798984527588
run_asmooth: 0.6804366111755371
TSmap_estimator: 30.79249882698059
