data_preparation: 0.25794029235839844
run_asmooth: 1.5217580795288086
TSmap_estimator: 41.898030042648315
