data_preparation: 0.2150888442993164
run_asmooth: 1.2520701885223389
TSmap_estimator: 23.333427906036377
