data_preparation: 0.2342684268951416
run_asmooth: 1.2799992561340332
TSmap_estimator: 24.1037380695343
