data_preparation: 0.28763413429260254
run_asmooth: 1.596836805343628
TSmap_estimator: 39.071813106536865
