data_preparation: 0.24201273918151855
run_asmooth: 1.162546157836914
TSmap_estimator: 22.599990844726562
