data_preparation: 0.2670869827270508
run_asmooth: 1.3688066005706787
TSmap_estimator: 51.16248917579651
