data_preparation: 0.16845703125
run_asmooth: 0.729464054107666
TSmap_estimator: 30.695987701416016
