data_preparation: 0.24748730659484863
run_asmooth: 1.552581548690796
TSmap_estimator: 39.33291172981262
