data_preparation: 0.16492056846618652
run_asmooth: 0.7230141162872314
TSmap_estimator: 22.22503089904785
