data_preparation: 0.2186284065246582
run_asmooth: 1.0511744022369385
TSmap_estimator: 26.07094407081604
