data_preparation: 0.1692495346069336
run_asmooth: 0.7124302387237549
TSmap_estimator: 27.31822371482849
