data_preparation: 0.16921019554138184
run_asmooth: 0.7495107650756836
TSmap_estimator: 26.61644220352173
