data_preparation: 0.1673886775970459
run_asmooth: 0.7122664451599121
TSmap_estimator: 26.695347547531128
