data_preparation: 0.16744136810302734
run_asmooth: 0.6892328262329102
TSmap_estimator: 31.236177921295166
