data_preparation: 0.2660403251647949
run_asmooth: 1.3561880588531494
TSmap_estimator: 28.057901859283447
