data_preparation: 0.17090940475463867
run_asmooth: 0.7109963893890381
TSmap_estimator: 22.596262216567993
