data_preparation: 0.16724467277526855
run_asmooth: 0.7104265689849854
TSmap_estimator: 22.379542112350464
