data_preparation: 0.17021560668945312
run_asmooth: 0.7145907878875732
TSmap_estimator: 22.632325172424316
