data_preparation: 0.28724145889282227
run_asmooth: 1.6221842765808105
TSmap_estimator: 26.312639474868774
