data_preparation: 0.20771145820617676
run_asmooth: 1.1037712097167969
TSmap_estimator: 22.216874599456787
