data_preparation: 0.2832202911376953
run_asmooth: 1.540421485900879
TSmap_estimator: 38.80616998672485
