data_preparation: 0.16907477378845215
run_asmooth: 0.729013204574585
TSmap_estimator: 29.52109146118164
