data_preparation: 0.2152235507965088
run_asmooth: 1.2401485443115234
TSmap_estimator: 23.213972806930542
