data_preparation: 0.29068946838378906
run_asmooth: 1.689753532409668
TSmap_estimator: 57.49734711647034
