data_preparation: 0.1546778678894043
run_asmooth: 0.7173318862915039
TSmap_estimator: 20.750247478485107
