data_preparation: 0.2556765079498291
run_asmooth: 1.3727655410766602
TSmap_estimator: 29.389700651168823
