data_preparation: 0.23558568954467773
run_asmooth: 1.4188809394836426
TSmap_estimator: 35.21137237548828
