data_preparation: 0.2534022331237793
run_asmooth: 1.4180612564086914
TSmap_estimator: 37.073535680770874
