data_preparation: 0.1783604621887207
run_asmooth: 0.7207446098327637
TSmap_estimator: 21.184231519699097
