data_preparation: 0.16840815544128418
run_asmooth: 0.7059733867645264
TSmap_estimator: 30.986077308654785
