data_preparation: 0.16894292831420898
run_asmooth: 0.7046737670898438
TSmap_estimator: 31.62129807472229
