data_preparation: 0.26683664321899414
run_asmooth: 1.4062848091125488
TSmap_estimator: 54.09751105308533
