data_preparation: 0.2080521583557129
run_asmooth: 1.1586799621582031
TSmap_estimator: 23.12342619895935
