data_preparation: 0.1647186279296875
run_asmooth: 0.6873393058776855
TSmap_estimator: 30.576101303100586
