data_preparation: 0.16853880882263184
run_asmooth: 0.722888708114624
TSmap_estimator: 25.761356830596924
