data_preparation: 0.2242879867553711
run_asmooth: 1.1436793804168701
TSmap_estimator: 22.744378805160522
