data_preparation: 0.21579575538635254
run_asmooth: 1.2159004211425781
TSmap_estimator: 23.43781590461731
