data_preparation: 0.15920734405517578
run_asmooth: 0.7647597789764404
TSmap_estimator: 26.030874967575073
