data_preparation: 0.35755014419555664
run_asmooth: 1.3675141334533691
TSmap_estimator: 45.56154823303223
