data_preparation: 0.16761326789855957
run_asmooth: 0.7192802429199219
TSmap_estimator: 26.446999073028564
