data_preparation: 0.16783523559570312
run_asmooth: 0.7124166488647461
TSmap_estimator: 29.448416471481323
