data_preparation: 0.15476179122924805
run_asmooth: 0.7034776210784912
TSmap_estimator: 20.79489779472351
