data_preparation: 0.15958213806152344
run_asmooth: 0.7132713794708252
TSmap_estimator: 27.043298482894897
