data_preparation: 0.16805458068847656
run_asmooth: 0.6979632377624512
TSmap_estimator: 27.415027379989624
