data_preparation: 0.21399617195129395
run_asmooth: 1.1919176578521729
TSmap_estimator: 23.835416555404663
