data_preparation: 0.21424412727355957
run_asmooth: 1.0335848331451416
TSmap_estimator: 23.94197940826416
