data_preparation: 0.1683666706085205
run_asmooth: 0.7019844055175781
TSmap_estimator: 31.83087730407715
