data_preparation: 0.15450191497802734
run_asmooth: 0.7185211181640625
TSmap_estimator: 26.605878353118896
