data_preparation: 0.1686995029449463
run_asmooth: 0.7147238254547119
TSmap_estimator: 27.707951545715332
