data_preparation: 0.20688247680664062
run_asmooth: 1.1968462467193604
TSmap_estimator: 23.3920156955719
