data_preparation: 0.16671514511108398
run_asmooth: 0.6666638851165771
TSmap_estimator: 30.84614086151123
