data_preparation: 0.16589593887329102
run_asmooth: 0.696861743927002
TSmap_estimator: 31.50487470626831
