data_preparation: 0.1756753921508789
run_asmooth: 0.7194011211395264
TSmap_estimator: 30.19115114212036
