data_preparation: 0.16090178489685059
run_asmooth: 0.7354791164398193
TSmap_estimator: 26.55550527572632
