data_preparation: 0.1559755802154541
run_asmooth: 0.7200632095336914
TSmap_estimator: 26.376238584518433
