data_preparation: 0.16034245491027832
run_asmooth: 0.7265613079071045
TSmap_estimator: 26.799137592315674
