data_preparation: 0.21690917015075684
run_asmooth: 1.0248970985412598
TSmap_estimator: 23.59404492378235
