data_preparation: 0.1651146411895752
run_asmooth: 0.6867928504943848
TSmap_estimator: 30.989546060562134
