data_preparation: 0.21352243423461914
run_asmooth: 1.2172186374664307
TSmap_estimator: 24.31130075454712
