data_preparation: 0.16638612747192383
run_asmooth: 0.7018702030181885
TSmap_estimator: 26.11879801750183
