data_preparation: 0.16968679428100586
run_asmooth: 0.7536156177520752
TSmap_estimator: 29.863582134246826
