data_preparation: 0.35043883323669434
run_asmooth: 1.414358139038086
TSmap_estimator: 45.02017045021057
