data_preparation: 0.17157888412475586
run_asmooth: 0.7198560237884521
TSmap_estimator: 23.017961502075195
