data_preparation: 0.21715164184570312
run_asmooth: 1.0014266967773438
TSmap_estimator: 22.689157962799072
