data_preparation: 0.30108642578125
run_asmooth: 1.6255593299865723
TSmap_estimator: 39.22961974143982
