data_preparation: 0.1677684783935547
run_asmooth: 0.6814014911651611
TSmap_estimator: 27.191363096237183
