data_preparation: 0.1659245491027832
run_asmooth: 0.7106449604034424
TSmap_estimator: 26.187735557556152
