data_preparation: 0.15222644805908203
run_asmooth: 0.7116823196411133
TSmap_estimator: 26.096110820770264
