data_preparation: 0.16210699081420898
run_asmooth: 0.6838588714599609
TSmap_estimator: 22.180261850357056
