data_preparation: 0.2619457244873047
run_asmooth: 1.3188326358795166
TSmap_estimator: 19.512715578079224
