data_preparation: 0.28139424324035645
run_asmooth: 1.5021071434020996
TSmap_estimator: 40.6071515083313
