data_preparation: 0.16518521308898926
run_asmooth: 0.6764533519744873
TSmap_estimator: 27.324949264526367
