data_preparation: 0.17796850204467773
run_asmooth: 1.0790965557098389
TSmap_estimator: 28.037659883499146
