data_preparation: 0.17059779167175293
run_asmooth: 0.7581756114959717
TSmap_estimator: 26.034621953964233
