data_preparation: 0.21809768676757812
run_asmooth: 1.1710741519927979
TSmap_estimator: 23.087313890457153
