data_preparation: 0.16805028915405273
run_asmooth: 0.6771767139434814
TSmap_estimator: 28.68566584587097
