data_preparation: 0.26435112953186035
run_asmooth: 1.352315902709961
TSmap_estimator: 48.73029685020447
