data_preparation: 0.16412019729614258
run_asmooth: 0.6901133060455322
TSmap_estimator: 25.73305368423462
