data_preparation: 0.15934014320373535
run_asmooth: 0.6789910793304443
TSmap_estimator: 22.103994846343994
