data_preparation: 0.16716814041137695
run_asmooth: 0.7216553688049316
TSmap_estimator: 29.411219596862793
