data_preparation: 0.3041205406188965
run_asmooth: 1.5135107040405273
TSmap_estimator: 31.653500080108643
