data_preparation: 0.1669023036956787
run_asmooth: 0.7258596420288086
TSmap_estimator: 25.825031280517578
