data_preparation: 0.2527751922607422
run_asmooth: 1.3665368556976318
TSmap_estimator: 29.0142605304718
