data_preparation: 0.22078537940979004
run_asmooth: 1.0726406574249268
TSmap_estimator: 22.664365768432617
