data_preparation: 0.2732808589935303
run_asmooth: 1.383441686630249
TSmap_estimator: 38.07842445373535
