data_preparation: 0.16590142250061035
run_asmooth: 0.7090940475463867
TSmap_estimator: 29.619876384735107
