data_preparation: 0.1768651008605957
run_asmooth: 0.6933445930480957
TSmap_estimator: 21.3855881690979
