data_preparation: 0.1552872657775879
run_asmooth: 0.7185995578765869
TSmap_estimator: 26.712703466415405
