data_preparation: 0.16771149635314941
run_asmooth: 0.690333366394043
TSmap_estimator: 30.72696304321289
