data_preparation: 0.1654953956604004
run_asmooth: 0.7150413990020752
TSmap_estimator: 29.191115379333496
