data_preparation: 0.16324615478515625
run_asmooth: 0.6813983917236328
TSmap_estimator: 21.747780561447144
