data_preparation: 0.15443849563598633
run_asmooth: 0.7219390869140625
TSmap_estimator: 26.421541690826416
