data_preparation: 0.28101587295532227
run_asmooth: 1.303375482559204
TSmap_estimator: 22.350071907043457
