data_preparation: 0.15990495681762695
run_asmooth: 0.7355313301086426
TSmap_estimator: 26.594226598739624
