data_preparation: 0.26845216751098633
run_asmooth: 1.426875352859497
TSmap_estimator: 26.566646814346313
