data_preparation: 0.16882658004760742
run_asmooth: 0.7233858108520508
TSmap_estimator: 25.9307062625885
