data_preparation: 0.24871277809143066
run_asmooth: 1.2127995491027832
TSmap_estimator: 26.09587860107422
