data_preparation: 0.24384188652038574
run_asmooth: 1.321458339691162
TSmap_estimator: 34.84093499183655
