data_preparation: 0.20057225227355957
run_asmooth: 1.0855391025543213
TSmap_estimator: 21.92891836166382
