data_preparation: 0.16362929344177246
run_asmooth: 0.7469556331634521
TSmap_estimator: 21.187159299850464
