data_preparation: 0.297649621963501
run_asmooth: 1.882059097290039
TSmap_estimator: 41.985294818878174
