data_preparation: 0.17813873291015625
run_asmooth: 0.7314212322235107
TSmap_estimator: 21.744071006774902
