data_preparation: 0.1595766544342041
run_asmooth: 0.7250933647155762
TSmap_estimator: 26.474558353424072
