data_preparation: 0.2125697135925293
run_asmooth: 1.1041295528411865
TSmap_estimator: 26.307132482528687
