data_preparation: 0.16054463386535645
run_asmooth: 0.7325632572174072
TSmap_estimator: 26.208471298217773
