data_preparation: 0.21784162521362305
run_asmooth: 1.0484495162963867
TSmap_estimator: 23.88983678817749
