data_preparation: 0.20874619483947754
run_asmooth: 1.1076958179473877
TSmap_estimator: 22.591242790222168
