data_preparation: 0.22022318840026855
run_asmooth: 1.0913431644439697
TSmap_estimator: 22.783410787582397
