data_preparation: 0.26045894622802734
run_asmooth: 1.2960588932037354
TSmap_estimator: 29.146544456481934
