data_preparation: 0.2753305435180664
run_asmooth: 1.3848493099212646
TSmap_estimator: 30.76555633544922
