data_preparation: 0.16512107849121094
run_asmooth: 0.6951830387115479
TSmap_estimator: 30.77682089805603
