data_preparation: 0.1603834629058838
run_asmooth: 0.7013673782348633
TSmap_estimator: 22.20877718925476
