data_preparation: 0.27043700218200684
run_asmooth: 1.4440197944641113
TSmap_estimator: 25.13040518760681
