data_preparation: 0.16661643981933594
run_asmooth: 0.6997325420379639
TSmap_estimator: 25.663330793380737
