data_preparation: 0.16882085800170898
run_asmooth: 0.7196180820465088
TSmap_estimator: 29.594674587249756
