data_preparation: 0.16676807403564453
run_asmooth: 0.6776440143585205
TSmap_estimator: 26.873982429504395
