data_preparation: 0.2726902961730957
run_asmooth: 1.3344457149505615
TSmap_estimator: 29.126786947250366
