data_preparation: 0.16878485679626465
run_asmooth: 0.7075908184051514
TSmap_estimator: 31.576805591583252
