data_preparation: 0.15439081192016602
run_asmooth: 0.7059745788574219
TSmap_estimator: 20.470428228378296
