data_preparation: 0.24335908889770508
run_asmooth: 1.440382480621338
TSmap_estimator: 43.509979486465454
