data_preparation: 0.2399001121520996
run_asmooth: 1.3117003440856934
TSmap_estimator: 27.685454845428467
