data_preparation: 0.21486878395080566
run_asmooth: 1.1863842010498047
TSmap_estimator: 24.267665147781372
