data_preparation: 0.2853984832763672
run_asmooth: 1.8034465312957764
TSmap_estimator: 49.893653869628906
