data_preparation: 0.27268290519714355
run_asmooth: 1.6894810199737549
TSmap_estimator: 41.829296350479126
