data_preparation: 0.26052236557006836
run_asmooth: 1.5882418155670166
TSmap_estimator: 41.69394898414612
