data_preparation: 0.2654561996459961
run_asmooth: 1.5767083168029785
TSmap_estimator: 36.213038206100464
