data_preparation: 0.16578245162963867
run_asmooth: 0.7110073566436768
TSmap_estimator: 29.26910924911499
