data_preparation: 0.27740907669067383
run_asmooth: 1.4027080535888672
TSmap_estimator: 27.33142614364624
