data_preparation: 0.1684274673461914
run_asmooth: 0.7439858913421631
TSmap_estimator: 29.42763924598694
