data_preparation: 0.15353107452392578
run_asmooth: 0.7266669273376465
TSmap_estimator: 25.364563941955566
