data_preparation: 0.1544208526611328
run_asmooth: 0.7220606803894043
TSmap_estimator: 19.050536632537842
