data_preparation: 0.16909408569335938
run_asmooth: 0.7384674549102783
TSmap_estimator: 26.03676676750183
