data_preparation: 0.21046972274780273
run_asmooth: 1.1823339462280273
TSmap_estimator: 24.041900396347046
