data_preparation: 0.27497434616088867
run_asmooth: 1.3868274688720703
TSmap_estimator: 48.62176847457886
