data_preparation: 0.27216529846191406
run_asmooth: 1.5280895233154297
TSmap_estimator: 36.00716996192932
