data_preparation: 0.16842985153198242
run_asmooth: 0.7032370567321777
TSmap_estimator: 31.679674863815308
