data_preparation: 0.23259258270263672
run_asmooth: 1.171247959136963
TSmap_estimator: 22.821991205215454
