data_preparation: 0.16715502738952637
run_asmooth: 0.7115609645843506
TSmap_estimator: 29.25953769683838
