data_preparation: 0.24565625190734863
run_asmooth: 1.327239751815796
TSmap_estimator: 28.291343212127686
