data_preparation: 0.16040277481079102
run_asmooth: 0.6753768920898438
TSmap_estimator: 22.1001136302948
