data_preparation: 0.15675806999206543
run_asmooth: 0.7130489349365234
TSmap_estimator: 26.55821704864502
