data_preparation: 0.23494172096252441
run_asmooth: 1.1051404476165771
TSmap_estimator: 19.509445190429688
