data_preparation: 0.18433618545532227
run_asmooth: 0.7386150360107422
TSmap_estimator: 22.161277055740356
