data_preparation: 0.24133729934692383
run_asmooth: 1.1948463916778564
TSmap_estimator: 26.59833812713623
