data_preparation: 0.24657320976257324
run_asmooth: 1.323777437210083
TSmap_estimator: 26.687716960906982
