data_preparation: 0.21950435638427734
run_asmooth: 1.4285321235656738
TSmap_estimator: 24.673113346099854
