data_preparation: 0.23396897315979004
run_asmooth: 1.2181622982025146
TSmap_estimator: 25.252720594406128
