data_preparation: 0.2797403335571289
run_asmooth: 1.286787748336792
TSmap_estimator: 22.222243785858154
