data_preparation: 0.17040634155273438
run_asmooth: 0.7006089687347412
TSmap_estimator: 30.406332969665527
