data_preparation: 0.16017365455627441
run_asmooth: 0.7353081703186035
TSmap_estimator: 26.082554578781128
