data_preparation: 0.16487789154052734
run_asmooth: 0.6784875392913818
TSmap_estimator: 31.141247272491455
