data_preparation: 0.2507462501525879
run_asmooth: 1.3756351470947266
TSmap_estimator: 29.71068048477173
