data_preparation: 0.2425858974456787
run_asmooth: 1.0368683338165283
TSmap_estimator: 23.383843183517456
