data_preparation: 0.27138280868530273
run_asmooth: 1.3316195011138916
TSmap_estimator: 28.92327117919922
