data_preparation: 0.2815279960632324
run_asmooth: 1.3448545932769775
TSmap_estimator: 29.576351404190063
