data_preparation: 0.15149736404418945
run_asmooth: 0.7144038677215576
TSmap_estimator: 25.592578887939453
