data_preparation: 0.157332181930542
run_asmooth: 0.6877250671386719
TSmap_estimator: 20.55766773223877
