data_preparation: 0.2484903335571289
run_asmooth: 1.3987293243408203
TSmap_estimator: 36.2079918384552
