data_preparation: 0.31121230125427246
run_asmooth: 1.3787639141082764
TSmap_estimator: 43.182270765304565
