data_preparation: 0.16871142387390137
run_asmooth: 0.7246968746185303
TSmap_estimator: 29.44563364982605
