data_preparation: 0.17112159729003906
run_asmooth: 0.7298836708068848
TSmap_estimator: 26.906995058059692
