data_preparation: 0.21452593803405762
run_asmooth: 1.025991439819336
TSmap_estimator: 23.54490375518799
