data_preparation: 0.17046570777893066
run_asmooth: 0.7145638465881348
TSmap_estimator: 25.8638174533844
