data_preparation: 0.2705962657928467
run_asmooth: 1.4095184803009033
TSmap_estimator: 27.95600390434265
