data_preparation: 0.16680097579956055
run_asmooth: 0.7304308414459229
TSmap_estimator: 25.97143840789795
