data_preparation: 0.16160178184509277
run_asmooth: 0.7052364349365234
TSmap_estimator: 21.72979187965393
