data_preparation: 0.26685357093811035
run_asmooth: 0.9732460975646973
TSmap_estimator: 26.171709537506104
