data_preparation: 0.25710511207580566
run_asmooth: 1.26694655418396
TSmap_estimator: 27.06135058403015
