data_preparation: 0.2236645221710205
run_asmooth: 1.1549072265625
TSmap_estimator: 39.13284254074097
