data_preparation: 0.26186084747314453
run_asmooth: 1.5161993503570557
TSmap_estimator: 38.15061593055725
