data_preparation: 0.2613399028778076
run_asmooth: 1.3642652034759521
TSmap_estimator: 36.76945209503174
