data_preparation: 0.2363758087158203
run_asmooth: 1.3115978240966797
TSmap_estimator: 27.025568962097168
