data_preparation: 0.25684022903442383
run_asmooth: 1.470719814300537
TSmap_estimator: 38.19230127334595
