data_preparation: 0.21756529808044434
run_asmooth: 1.075345754623413
TSmap_estimator: 23.56990909576416
