data_preparation: 0.21203970909118652
run_asmooth: 1.1991562843322754
TSmap_estimator: 23.67525815963745
