data_preparation: 0.257932186126709
run_asmooth: 1.2804365158081055
TSmap_estimator: 25.82817029953003
