data_preparation: 0.2696976661682129
run_asmooth: 1.3775343894958496
TSmap_estimator: 46.902737855911255
