data_preparation: 0.21336889266967773
run_asmooth: 1.294398546218872
TSmap_estimator: 23.694782257080078
