data_preparation: 0.2912609577178955
run_asmooth: 1.6047399044036865
TSmap_estimator: 39.184250354766846
