data_preparation: 0.25740814208984375
run_asmooth: 1.3099589347839355
TSmap_estimator: 48.13049101829529
