data_preparation: 0.2172379493713379
run_asmooth: 1.1862146854400635
TSmap_estimator: 23.389684677124023
