data_preparation: 0.16426753997802734
run_asmooth: 0.684032678604126
TSmap_estimator: 30.651760578155518
