data_preparation: 0.2693288326263428
run_asmooth: 1.524515151977539
TSmap_estimator: 32.354048013687134
