data_preparation: 0.16948270797729492
run_asmooth: 0.7021481990814209
TSmap_estimator: 30.80134153366089
