data_preparation: 0.16776347160339355
run_asmooth: 0.7306201457977295
TSmap_estimator: 29.822421312332153
