data_preparation: 0.22558832168579102
run_asmooth: 1.236135482788086
TSmap_estimator: 23.168924808502197
