data_preparation: 0.16728448867797852
run_asmooth: 0.6998112201690674
TSmap_estimator: 26.03050971031189
