data_preparation: 0.1711726188659668
run_asmooth: 0.728574275970459
TSmap_estimator: 31.52422261238098
