data_preparation: 0.16042208671569824
run_asmooth: 0.7234289646148682
TSmap_estimator: 20.79733943939209
