data_preparation: 0.20775175094604492
run_asmooth: 1.1921632289886475
TSmap_estimator: 23.299210786819458
