data_preparation: 0.17588257789611816
run_asmooth: 0.7407650947570801
TSmap_estimator: 32.940460205078125
