data_preparation: 0.26497340202331543
run_asmooth: 1.5392625331878662
TSmap_estimator: 66.26818895339966
