data_preparation: 0.16572093963623047
run_asmooth: 0.6838123798370361
TSmap_estimator: 31.160534381866455
