data_preparation: 0.29132676124572754
run_asmooth: 1.2966156005859375
TSmap_estimator: 24.079959869384766
