data_preparation: 0.1653120517730713
run_asmooth: 0.707317590713501
TSmap_estimator: 26.387559175491333
