data_preparation: 0.24750638008117676
run_asmooth: 1.5026414394378662
TSmap_estimator: 43.90425252914429
