data_preparation: 0.17074823379516602
run_asmooth: 0.6703293323516846
TSmap_estimator: 30.434386253356934
