data_preparation: 0.1791703701019287
run_asmooth: 0.7621533870697021
TSmap_estimator: 28.81846857070923
