data_preparation: 0.16988253593444824
run_asmooth: 0.71457839012146
TSmap_estimator: 31.99299383163452
