data_preparation: 0.1654679775238037
run_asmooth: 0.6972990036010742
TSmap_estimator: 27.486628532409668
