data_preparation: 0.2402050495147705
run_asmooth: 1.2073261737823486
TSmap_estimator: 24.05238914489746
