data_preparation: 0.16474628448486328
run_asmooth: 0.6999235153198242
TSmap_estimator: 22.32685399055481
