data_preparation: 0.17266511917114258
run_asmooth: 0.7289152145385742
TSmap_estimator: 25.65956473350525
