data_preparation: 0.1608572006225586
run_asmooth: 0.6847438812255859
TSmap_estimator: 22.448980569839478
