data_preparation: 0.1717243194580078
run_asmooth: 0.7428982257843018
TSmap_estimator: 26.687813997268677
