data_preparation: 0.17042875289916992
run_asmooth: 0.723623514175415
TSmap_estimator: 31.543782472610474
