data_preparation: 0.17120909690856934
run_asmooth: 0.7252895832061768
TSmap_estimator: 29.274670839309692
