data_preparation: 0.16634845733642578
run_asmooth: 0.696704626083374
TSmap_estimator: 31.303407907485962
