data_preparation: 0.20845580101013184
run_asmooth: 1.1388814449310303
TSmap_estimator: 23.604917764663696
