data_preparation: 0.2147984504699707
run_asmooth: 1.1967251300811768
TSmap_estimator: 23.615097045898438
