data_preparation: 0.16388797760009766
run_asmooth: 0.6880979537963867
TSmap_estimator: 21.772621393203735
