data_preparation: 0.15456199645996094
run_asmooth: 0.7150509357452393
TSmap_estimator: 19.308005332946777
