data_preparation: 0.16708946228027344
run_asmooth: 0.7187974452972412
TSmap_estimator: 26.116809844970703
