data_preparation: 0.20789122581481934
run_asmooth: 1.127197027206421
TSmap_estimator: 23.802733898162842
