data_preparation: 0.1689586639404297
run_asmooth: 0.7125589847564697
TSmap_estimator: 29.067092418670654
