data_preparation: 0.22254204750061035
run_asmooth: 1.084411859512329
TSmap_estimator: 15.84153151512146
