data_preparation: 0.16951751708984375
run_asmooth: 0.6924729347229004
TSmap_estimator: 30.98460841178894
