data_preparation: 0.2911412715911865
run_asmooth: 1.4704954624176025
TSmap_estimator: 36.29421281814575
