data_preparation: 0.2679128646850586
run_asmooth: 1.3355097770690918
TSmap_estimator: 50.44064545631409
