data_preparation: 0.22582077980041504
run_asmooth: 1.4976489543914795
TSmap_estimator: 24.53008723258972
