data_preparation: 0.2107563018798828
run_asmooth: 1.1798548698425293
TSmap_estimator: 24.63210678100586
