data_preparation: 0.2674520015716553
run_asmooth: 1.439223051071167
TSmap_estimator: 38.90536546707153
