data_preparation: 0.1714015007019043
run_asmooth: 0.7055456638336182
TSmap_estimator: 28.336557865142822
