data_preparation: 0.29562854766845703
run_asmooth: 1.3888471126556396
TSmap_estimator: 22.859909534454346
