data_preparation: 0.2554633617401123
run_asmooth: 1.289881944656372
TSmap_estimator: 49.689714670181274
