data_preparation: 0.1645345687866211
run_asmooth: 0.6871390342712402
TSmap_estimator: 22.213537454605103
