data_preparation: 0.1672065258026123
run_asmooth: 0.6876287460327148
TSmap_estimator: 30.781819820404053
