data_preparation: 0.2086176872253418
run_asmooth: 1.0964155197143555
TSmap_estimator: 39.215733766555786
