data_preparation: 0.16958379745483398
run_asmooth: 0.6937763690948486
TSmap_estimator: 31.465905904769897
