data_preparation: 0.15420031547546387
run_asmooth: 0.704749584197998
TSmap_estimator: 26.004231214523315
