data_preparation: 0.1566464900970459
run_asmooth: 0.7276890277862549
TSmap_estimator: 21.3290753364563
