data_preparation: 0.1690077781677246
run_asmooth: 0.7416090965270996
TSmap_estimator: 29.448052167892456
