data_preparation: 0.28173398971557617
run_asmooth: 1.3185572624206543
TSmap_estimator: 36.90412759780884
