data_preparation: 0.1553173065185547
run_asmooth: 0.7125592231750488
TSmap_estimator: 20.741506576538086
