data_preparation: 0.24029898643493652
run_asmooth: 1.2371814250946045
TSmap_estimator: 19.29325842857361
