data_preparation: 0.16347455978393555
run_asmooth: 0.6718218326568604
TSmap_estimator: 30.336299657821655
