data_preparation: 0.16493749618530273
run_asmooth: 0.7023746967315674
TSmap_estimator: 22.365778923034668
