data_preparation: 0.1648259162902832
run_asmooth: 0.6730451583862305
TSmap_estimator: 31.1177499294281
