data_preparation: 0.315504789352417
run_asmooth: 1.7241435050964355
TSmap_estimator: 41.79586911201477
