data_preparation: 0.1693127155303955
run_asmooth: 0.6987690925598145
TSmap_estimator: 26.989219427108765
