data_preparation: 0.1643989086151123
run_asmooth: 0.709874153137207
TSmap_estimator: 22.10356831550598
