data_preparation: 0.1687915325164795
run_asmooth: 0.7391026020050049
TSmap_estimator: 26.46929931640625
