data_preparation: 0.1558220386505127
run_asmooth: 0.706491231918335
TSmap_estimator: 25.91001582145691
