data_preparation: 0.25400733947753906
run_asmooth: 1.3756260871887207
TSmap_estimator: 32.029547452926636
