data_preparation: 0.26374244689941406
run_asmooth: 1.5713410377502441
TSmap_estimator: 41.09475874900818
