data_preparation: 0.22708654403686523
run_asmooth: 1.1896419525146484
TSmap_estimator: 24.582674741744995
