data_preparation: 0.157210111618042
run_asmooth: 0.718827486038208
TSmap_estimator: 26.588724851608276
