data_preparation: 0.2705392837524414
run_asmooth: 1.3786191940307617
TSmap_estimator: 28.097618341445923
