data_preparation: 0.16763615608215332
run_asmooth: 0.7229037284851074
TSmap_estimator: 26.349491357803345
