data_preparation: 0.1606905460357666
run_asmooth: 0.7247002124786377
TSmap_estimator: 26.40419292449951
