data_preparation: 0.16263508796691895
run_asmooth: 0.7065114974975586
TSmap_estimator: 22.25925588607788
