data_preparation: 0.2435755729675293
run_asmooth: 1.3522372245788574
TSmap_estimator: 22.46790838241577
