data_preparation: 0.26572203636169434
run_asmooth: 1.2801895141601562
TSmap_estimator: 26.38969111442566
