data_preparation: 0.21465182304382324
run_asmooth: 1.2370615005493164
TSmap_estimator: 23.916184425354004
