data_preparation: 0.16286611557006836
run_asmooth: 0.6779317855834961
TSmap_estimator: 22.275450944900513
