data_preparation: 0.16929292678833008
run_asmooth: 0.7247498035430908
TSmap_estimator: 25.63480019569397
