data_preparation: 0.17524099349975586
run_asmooth: 0.7090399265289307
TSmap_estimator: 21.391180515289307
