data_preparation: 0.21321773529052734
run_asmooth: 1.1499991416931152
TSmap_estimator: 22.76209044456482
