data_preparation: 0.15712404251098633
run_asmooth: 0.6926741600036621
TSmap_estimator: 20.723021745681763
