data_preparation: 0.21827268600463867
run_asmooth: 1.0961322784423828
TSmap_estimator: 17.671911478042603
