data_preparation: 0.25515079498291016
run_asmooth: 1.423992395401001
TSmap_estimator: 36.37682223320007
