data_preparation: 0.23888802528381348
run_asmooth: 1.3195164203643799
TSmap_estimator: 36.328423500061035
