data_preparation: 0.15401029586791992
run_asmooth: 0.7100374698638916
TSmap_estimator: 26.93371057510376
