data_preparation: 0.25487184524536133
run_asmooth: 1.3474245071411133
TSmap_estimator: 27.29611039161682
