data_preparation: 0.16714262962341309
run_asmooth: 0.7243616580963135
TSmap_estimator: 29.653101444244385
