data_preparation: 0.17052149772644043
run_asmooth: 0.7448375225067139
TSmap_estimator: 25.90217399597168
