data_preparation: 0.1755518913269043
run_asmooth: 0.7234659194946289
TSmap_estimator: 21.379441022872925
