data_preparation: 0.16588878631591797
run_asmooth: 0.6889925003051758
TSmap_estimator: 30.872740268707275
