data_preparation: 0.16689157485961914
run_asmooth: 0.6986641883850098
TSmap_estimator: 30.883684158325195
