data_preparation: 0.2544586658477783
run_asmooth: 1.2559654712677002
TSmap_estimator: 20.779516220092773
