data_preparation: 0.16527867317199707
run_asmooth: 0.7050561904907227
TSmap_estimator: 22.20469880104065
