data_preparation: 0.22520732879638672
run_asmooth: 1.1582720279693604
TSmap_estimator: 25.153690099716187
