data_preparation: 0.26934123039245605
run_asmooth: 1.4147791862487793
TSmap_estimator: 50.16228485107422
