data_preparation: 0.1572709083557129
run_asmooth: 0.7502789497375488
TSmap_estimator: 19.607094287872314
