data_preparation: 0.23713040351867676
run_asmooth: 1.2986130714416504
TSmap_estimator: 35.794782400131226
