data_preparation: 0.29161548614501953
run_asmooth: 1.5905113220214844
TSmap_estimator: 41.20749497413635
