data_preparation: 0.25539064407348633
run_asmooth: 1.371361494064331
TSmap_estimator: 39.7667772769928
