data_preparation: 0.23416519165039062
run_asmooth: 1.1877975463867188
TSmap_estimator: 24.017035961151123
