data_preparation: 0.21386933326721191
run_asmooth: 1.0055458545684814
TSmap_estimator: 23.924708366394043
