data_preparation: 0.16912603378295898
run_asmooth: 0.7176234722137451
TSmap_estimator: 31.739266395568848
