data_preparation: 0.1648414134979248
run_asmooth: 0.7018008232116699
TSmap_estimator: 30.889148712158203
