data_preparation: 0.20734286308288574
run_asmooth: 1.178647518157959
TSmap_estimator: 23.838786363601685
