data_preparation: 0.2247481346130371
run_asmooth: 1.168760061264038
TSmap_estimator: 24.25341558456421
