data_preparation: 0.16771864891052246
run_asmooth: 0.7182111740112305
TSmap_estimator: 29.18705415725708
