data_preparation: 0.16930770874023438
run_asmooth: 0.6747725009918213
TSmap_estimator: 28.06082272529602
