data_preparation: 0.264941930770874
run_asmooth: 1.29532790184021
TSmap_estimator: 27.021432876586914
