data_preparation: 0.2924647331237793
run_asmooth: 1.3227858543395996
TSmap_estimator: 24.85998296737671
