data_preparation: 0.16884779930114746
run_asmooth: 0.7105646133422852
TSmap_estimator: 22.220760583877563
