data_preparation: 0.22649431228637695
run_asmooth: 1.1753287315368652
TSmap_estimator: 22.893481492996216
