data_preparation: 0.22306537628173828
run_asmooth: 1.1606264114379883
TSmap_estimator: 39.129589796066284
