data_preparation: 0.28960490226745605
run_asmooth: 1.4807677268981934
TSmap_estimator: 31.532753467559814
