data_preparation: 0.2812983989715576
run_asmooth: 1.2824456691741943
TSmap_estimator: 22.796212911605835
