data_preparation: 0.2621443271636963
run_asmooth: 1.3878543376922607
TSmap_estimator: 48.18500828742981
