data_preparation: 0.17063021659851074
run_asmooth: 0.6862120628356934
TSmap_estimator: 27.40436601638794
