data_preparation: 0.26286959648132324
run_asmooth: 1.3251068592071533
TSmap_estimator: 39.41959857940674
