data_preparation: 0.1695098876953125
run_asmooth: 0.7081294059753418
TSmap_estimator: 30.899209022521973
