data_preparation: 0.16504836082458496
run_asmooth: 0.6923675537109375
TSmap_estimator: 31.43846297264099
