data_preparation: 0.16881775856018066
run_asmooth: 0.710200309753418
TSmap_estimator: 29.16615056991577
