data_preparation: 0.23053359985351562
run_asmooth: 1.1856958866119385
TSmap_estimator: 25.541608572006226
