data_preparation: 0.16910362243652344
run_asmooth: 0.7280869483947754
TSmap_estimator: 29.291114568710327
