data_preparation: 0.2630147933959961
run_asmooth: 1.3257651329040527
TSmap_estimator: 43.538954973220825
