data_preparation: 0.2910959720611572
run_asmooth: 1.1385810375213623
TSmap_estimator: 26.14018201828003
