data_preparation: 0.24856066703796387
run_asmooth: 1.2512776851654053
TSmap_estimator: 26.29431438446045
