data_preparation: 0.17239046096801758
run_asmooth: 0.8993031978607178
TSmap_estimator: 27.385360956192017
