data_preparation: 0.2264537811279297
run_asmooth: 1.3215928077697754
TSmap_estimator: 36.27204895019531
