data_preparation: 0.16030144691467285
run_asmooth: 0.7793209552764893
TSmap_estimator: 25.280861616134644
