data_preparation: 0.2617020606994629
run_asmooth: 1.3285417556762695
TSmap_estimator: 27.25498628616333
