data_preparation: 0.1650404930114746
run_asmooth: 0.6864314079284668
TSmap_estimator: 31.163930416107178
