data_preparation: 0.16585040092468262
run_asmooth: 0.7126636505126953
TSmap_estimator: 28.992573976516724
