data_preparation: 0.29204654693603516
run_asmooth: 1.1327931880950928
TSmap_estimator: 26.81939673423767
