data_preparation: 0.3038344383239746
run_asmooth: 1.1588120460510254
TSmap_estimator: 27.53786611557007
