data_preparation: 0.2287907600402832
run_asmooth: 1.2527852058410645
TSmap_estimator: 23.928952932357788
