data_preparation: 0.16742610931396484
run_asmooth: 0.7124860286712646
TSmap_estimator: 25.52348303794861
