data_preparation: 0.16886472702026367
run_asmooth: 0.718059778213501
TSmap_estimator: 22.70075225830078
