data_preparation: 0.2613654136657715
run_asmooth: 1.2971527576446533
TSmap_estimator: 41.40515065193176
