data_preparation: 0.21082687377929688
run_asmooth: 1.248901128768921
TSmap_estimator: 24.139446020126343
