data_preparation: 0.22867941856384277
run_asmooth: 1.214857578277588
TSmap_estimator: 41.898011684417725
