data_preparation: 0.16943120956420898
run_asmooth: 0.706507682800293
TSmap_estimator: 26.3740074634552
