data_preparation: 0.23840618133544922
run_asmooth: 1.301943063735962
TSmap_estimator: 27.73642086982727
