data_preparation: 0.15694737434387207
run_asmooth: 0.706773042678833
TSmap_estimator: 20.697312116622925
