data_preparation: 0.23636484146118164
run_asmooth: 1.150181770324707
TSmap_estimator: 17.034467697143555
