data_preparation: 0.16161465644836426
run_asmooth: 0.6976385116577148
TSmap_estimator: 22.56525421142578
