data_preparation: 0.16217589378356934
run_asmooth: 0.7469673156738281
TSmap_estimator: 21.16364097595215
