data_preparation: 0.21673941612243652
run_asmooth: 1.0329492092132568
TSmap_estimator: 26.23198890686035
