data_preparation: 0.28676772117614746
run_asmooth: 1.5081143379211426
TSmap_estimator: 35.06339144706726
