data_preparation: 0.1560204029083252
run_asmooth: 0.7151706218719482
TSmap_estimator: 20.675423860549927
