data_preparation: 0.1544022560119629
run_asmooth: 0.7194616794586182
TSmap_estimator: 25.535854816436768
