data_preparation: 0.2151029109954834
run_asmooth: 1.0412814617156982
TSmap_estimator: 23.692504405975342
