data_preparation: 0.23891997337341309
run_asmooth: 1.308730125427246
TSmap_estimator: 27.72840404510498
