data_preparation: 0.16596269607543945
run_asmooth: 0.7205772399902344
TSmap_estimator: 26.131987810134888
