data_preparation: 0.2700166702270508
run_asmooth: 1.3562617301940918
TSmap_estimator: 28.198857069015503
