data_preparation: 0.2661252021789551
run_asmooth: 1.4952435493469238
TSmap_estimator: 37.98539400100708
