data_preparation: 0.28137779235839844
run_asmooth: 1.4373304843902588
TSmap_estimator: 37.59618425369263
