data_preparation: 0.16063880920410156
run_asmooth: 0.6684226989746094
TSmap_estimator: 30.099422931671143
