data_preparation: 0.1590719223022461
run_asmooth: 0.7239975929260254
TSmap_estimator: 26.183056116104126
