data_preparation: 0.28772950172424316
run_asmooth: 1.0694408416748047
TSmap_estimator: 27.31118655204773
