data_preparation: 0.2161862850189209
run_asmooth: 1.0537488460540771
TSmap_estimator: 23.853330612182617
