data_preparation: 0.2203969955444336
run_asmooth: 1.0643000602722168
TSmap_estimator: 26.462613344192505
