data_preparation: 0.25195813179016113
run_asmooth: 1.3670923709869385
TSmap_estimator: 28.312938928604126
