data_preparation: 0.24930357933044434
run_asmooth: 1.515857458114624
TSmap_estimator: 38.884761810302734
