data_preparation: 0.20814824104309082
run_asmooth: 1.1277759075164795
TSmap_estimator: 23.268563508987427
