data_preparation: 0.15799593925476074
run_asmooth: 0.673973798751831
TSmap_estimator: 20.767167329788208
