data_preparation: 0.2586705684661865
run_asmooth: 1.4422132968902588
TSmap_estimator: 35.297322034835815
