data_preparation: 0.2709786891937256
run_asmooth: 1.3539986610412598
TSmap_estimator: 26.948795080184937
