data_preparation: 0.2640373706817627
run_asmooth: 1.3728697299957275
TSmap_estimator: 48.13943314552307
