data_preparation: 0.16876673698425293
run_asmooth: 0.7165460586547852
TSmap_estimator: 25.93207550048828
