data_preparation: 0.22910070419311523
run_asmooth: 1.217625617980957
TSmap_estimator: 41.91395545005798
