data_preparation: 0.16704893112182617
run_asmooth: 0.7225728034973145
TSmap_estimator: 22.24560523033142
