data_preparation: 0.18460416793823242
run_asmooth: 0.7678406238555908
TSmap_estimator: 28.149146556854248
