data_preparation: 0.25058889389038086
run_asmooth: 1.3102855682373047
TSmap_estimator: 31.138365983963013
