data_preparation: 0.15622711181640625
run_asmooth: 0.7199883460998535
TSmap_estimator: 27.135526418685913
