data_preparation: 0.15736699104309082
run_asmooth: 0.7292366027832031
TSmap_estimator: 26.429532527923584
