data_preparation: 0.2190113067626953
run_asmooth: 1.0711543560028076
TSmap_estimator: 23.550630569458008
