data_preparation: 0.15653419494628906
run_asmooth: 0.7186167240142822
TSmap_estimator: 20.75422716140747
