data_preparation: 0.16533255577087402
run_asmooth: 0.6868078708648682
TSmap_estimator: 31.400733947753906
