data_preparation: 0.18128108978271484
run_asmooth: 0.7337985038757324
TSmap_estimator: 21.943952083587646
