data_preparation: 0.21945619583129883
run_asmooth: 1.3382940292358398
TSmap_estimator: 27.760620594024658
