data_preparation: 0.16617965698242188
run_asmooth: 0.6956391334533691
TSmap_estimator: 27.1860294342041
