data_preparation: 0.17152166366577148
run_asmooth: 0.718480110168457
TSmap_estimator: 28.897616386413574
