data_preparation: 0.2904174327850342
run_asmooth: 1.4914178848266602
TSmap_estimator: 37.65354037284851
