data_preparation: 0.16624236106872559
run_asmooth: 0.7332901954650879
TSmap_estimator: 25.951600551605225
