data_preparation: 0.3100721836090088
run_asmooth: 1.177779197692871
TSmap_estimator: 26.618032693862915
