data_preparation: 0.20691704750061035
run_asmooth: 1.0993006229400635
TSmap_estimator: 23.256935358047485
