data_preparation: 0.2680625915527344
run_asmooth: 1.4833214282989502
TSmap_estimator: 38.98581624031067
