data_preparation: 0.21689987182617188
run_asmooth: 1.0497527122497559
TSmap_estimator: 24.049689769744873
