data_preparation: 0.16164326667785645
run_asmooth: 0.7380106449127197
TSmap_estimator: 26.760846614837646
