data_preparation: 0.15451645851135254
run_asmooth: 0.717151403427124
TSmap_estimator: 25.99818468093872
