data_preparation: 0.2833571434020996
run_asmooth: 1.458493709564209
TSmap_estimator: 37.35161113739014
