data_preparation: 0.3013179302215576
run_asmooth: 1.4578404426574707
TSmap_estimator: 29.077014923095703
