data_preparation: 0.2545936107635498
run_asmooth: 1.4425897598266602
TSmap_estimator: 35.161877155303955
