data_preparation: 0.16515207290649414
run_asmooth: 0.6852550506591797
TSmap_estimator: 30.925387859344482
