data_preparation: 0.26845717430114746
run_asmooth: 1.3638453483581543
TSmap_estimator: 50.02162528038025
