data_preparation: 0.1637575626373291
run_asmooth: 0.6731393337249756
TSmap_estimator: 30.40908694267273
