data_preparation: 0.21433258056640625
run_asmooth: 0.9951660633087158
TSmap_estimator: 22.79497480392456
