data_preparation: 0.28103137016296387
run_asmooth: 1.5810256004333496
TSmap_estimator: 37.8454315662384
