data_preparation: 0.25349903106689453
run_asmooth: 1.308302402496338
TSmap_estimator: 31.404404401779175
