data_preparation: 0.237962007522583
run_asmooth: 1.4459679126739502
TSmap_estimator: 35.57435655593872
