data_preparation: 0.26724696159362793
run_asmooth: 1.5752172470092773
TSmap_estimator: 57.370354652404785
