data_preparation: 0.1732926368713379
run_asmooth: 0.7580468654632568
TSmap_estimator: 29.523986339569092
