data_preparation: 0.15650701522827148
run_asmooth: 0.7089908123016357
TSmap_estimator: 20.800625562667847
