data_preparation: 0.22212624549865723
run_asmooth: 1.1431465148925781
TSmap_estimator: 22.763110160827637
