data_preparation: 0.15787363052368164
run_asmooth: 0.6893396377563477
TSmap_estimator: 20.635818004608154
