data_preparation: 0.22610926628112793
run_asmooth: 1.173393726348877
TSmap_estimator: 41.35420823097229
