data_preparation: 0.2125701904296875
run_asmooth: 1.3011739253997803
TSmap_estimator: 35.502212047576904
