data_preparation: 0.16726040840148926
run_asmooth: 0.695298433303833
TSmap_estimator: 30.823856830596924
