data_preparation: 0.22333455085754395
run_asmooth: 1.3284945487976074
TSmap_estimator: 36.69512629508972
