data_preparation: 0.21885108947753906
run_asmooth: 1.0603876113891602
TSmap_estimator: 23.646366119384766
