data_preparation: 0.251619815826416
run_asmooth: 1.3951468467712402
TSmap_estimator: 28.97438144683838
