data_preparation: 0.24586153030395508
run_asmooth: 1.4064438343048096
TSmap_estimator: 27.96360158920288
