data_preparation: 0.16889715194702148
run_asmooth: 0.713109016418457
TSmap_estimator: 26.091163158416748
