data_preparation: 0.1529245376586914
run_asmooth: 0.7151103019714355
TSmap_estimator: 25.8443603515625
