data_preparation: 0.1618804931640625
run_asmooth: 0.6777801513671875
TSmap_estimator: 21.72005271911621
