data_preparation: 0.22724151611328125
run_asmooth: 1.1830496788024902
TSmap_estimator: 23.72812294960022
