data_preparation: 0.16454315185546875
run_asmooth: 0.6844420433044434
TSmap_estimator: 31.135650157928467
