data_preparation: 0.1737968921661377
run_asmooth: 0.7507367134094238
TSmap_estimator: 29.984739780426025
