data_preparation: 0.23133325576782227
run_asmooth: 1.1866304874420166
TSmap_estimator: 24.124825716018677
