data_preparation: 0.26526713371276855
run_asmooth: 1.3606812953948975
TSmap_estimator: 27.56426739692688
