data_preparation: 0.31690168380737305
run_asmooth: 1.7791309356689453
TSmap_estimator: 39.98407244682312
