data_preparation: 0.32559800148010254
run_asmooth: 2.0510056018829346
TSmap_estimator: 39.70418930053711
