data_preparation: 0.16891145706176758
run_asmooth: 0.7274553775787354
TSmap_estimator: 26.21954369544983
