data_preparation: 0.2627129554748535
run_asmooth: 1.4474818706512451
TSmap_estimator: 28.997116565704346
