data_preparation: 0.16885995864868164
run_asmooth: 0.684492826461792
TSmap_estimator: 29.28459334373474
