data_preparation: 0.16265225410461426
run_asmooth: 0.6785807609558105
TSmap_estimator: 30.663475036621094
