data_preparation: 0.219588041305542
run_asmooth: 1.0566353797912598
TSmap_estimator: 26.09169864654541
