data_preparation: 0.2144629955291748
run_asmooth: 1.2131941318511963
TSmap_estimator: 25.225640535354614
