data_preparation: 0.2285304069519043
run_asmooth: 1.2364931106567383
TSmap_estimator: 21.127771615982056
