data_preparation: 0.27512669563293457
run_asmooth: 1.0233814716339111
TSmap_estimator: 26.350439310073853
