data_preparation: 0.16701817512512207
run_asmooth: 0.7060129642486572
TSmap_estimator: 30.89125084877014
