data_preparation: 0.16509532928466797
run_asmooth: 0.8145534992218018
TSmap_estimator: 24.306671857833862
