data_preparation: 0.15450572967529297
run_asmooth: 0.7282471656799316
TSmap_estimator: 25.818652153015137
