data_preparation: 0.15568113327026367
run_asmooth: 0.7205328941345215
TSmap_estimator: 20.616350412368774
