data_preparation: 0.2981545925140381
run_asmooth: 1.1801118850708008
TSmap_estimator: 27.47128677368164
