data_preparation: 0.21448874473571777
run_asmooth: 1.185859203338623
TSmap_estimator: 34.57232475280762
