data_preparation: 0.2288670539855957
run_asmooth: 1.1629540920257568
TSmap_estimator: 24.436774492263794
