data_preparation: 0.16907763481140137
run_asmooth: 0.6873924732208252
TSmap_estimator: 30.444450855255127
