data_preparation: 0.2534921169281006
run_asmooth: 1.2571587562561035
TSmap_estimator: 48.01834559440613
