data_preparation: 0.21548056602478027
run_asmooth: 1.1924126148223877
TSmap_estimator: 23.86065149307251
