data_preparation: 0.28108787536621094
run_asmooth: 1.37394118309021
TSmap_estimator: 29.024260759353638
