data_preparation: 0.1587657928466797
run_asmooth: 0.7134735584259033
TSmap_estimator: 20.640918731689453
