data_preparation: 0.21755003929138184
run_asmooth: 1.1399991512298584
TSmap_estimator: 40.53257513046265
