data_preparation: 0.2752525806427002
run_asmooth: 1.5331048965454102
TSmap_estimator: 61.308292388916016
