data_preparation: 0.16640615463256836
run_asmooth: 0.694129228591919
TSmap_estimator: 27.134984970092773
