data_preparation: 0.16756486892700195
run_asmooth: 0.7116444110870361
TSmap_estimator: 29.985376119613647
