data_preparation: 0.209428071975708
run_asmooth: 1.1589407920837402
TSmap_estimator: 23.103187322616577
