data_preparation: 0.17081713676452637
run_asmooth: 0.6934587955474854
TSmap_estimator: 31.583845376968384
