data_preparation: 0.17063117027282715
run_asmooth: 0.7209475040435791
TSmap_estimator: 29.45858144760132
