data_preparation: 0.16794085502624512
run_asmooth: 0.6719052791595459
TSmap_estimator: 27.206735610961914
