data_preparation: 0.32744288444519043
run_asmooth: 1.2765283584594727
TSmap_estimator: 29.31971573829651
