data_preparation: 0.1580357551574707
run_asmooth: 0.701493501663208
TSmap_estimator: 26.4274742603302
