data_preparation: 0.16634273529052734
run_asmooth: 0.7201604843139648
TSmap_estimator: 29.43829870223999
