data_preparation: 0.27697324752807617
run_asmooth: 1.0138933658599854
TSmap_estimator: 25.97334909439087
