data_preparation: 0.24116158485412598
run_asmooth: 1.6224126815795898
TSmap_estimator: 24.657465934753418
