data_preparation: 0.17043352127075195
run_asmooth: 0.7103404998779297
TSmap_estimator: 28.20549464225769
