data_preparation: 0.16855192184448242
run_asmooth: 0.6970465183258057
TSmap_estimator: 31.422640562057495
