data_preparation: 0.15688252449035645
run_asmooth: 0.6901736259460449
TSmap_estimator: 20.652542114257812
