data_preparation: 0.2618534564971924
run_asmooth: 1.2750091552734375
TSmap_estimator: 46.224042654037476
