data_preparation: 0.2287583351135254
run_asmooth: 1.1342132091522217
TSmap_estimator: 24.873037576675415
