data_preparation: 0.22570109367370605
run_asmooth: 1.1365256309509277
TSmap_estimator: 22.79550528526306
