data_preparation: 0.17237615585327148
run_asmooth: 0.6784937381744385
TSmap_estimator: 27.88213562965393
