data_preparation: 0.1537609100341797
run_asmooth: 0.7401485443115234
TSmap_estimator: 25.900992393493652
