data_preparation: 0.16506171226501465
run_asmooth: 0.6941728591918945
TSmap_estimator: 22.32007908821106
