data_preparation: 0.22397899627685547
run_asmooth: 1.1339635848999023
TSmap_estimator: 22.789681673049927
