data_preparation: 0.16256070137023926
run_asmooth: 0.6869287490844727
TSmap_estimator: 22.25849437713623
