data_preparation: 0.1681070327758789
run_asmooth: 0.7199945449829102
TSmap_estimator: 26.37653875350952
