data_preparation: 0.15728473663330078
run_asmooth: 0.7292144298553467
TSmap_estimator: 26.953463315963745
