data_preparation: 0.16594338417053223
run_asmooth: 0.7096602916717529
TSmap_estimator: 27.223206043243408
