data_preparation: 0.2560133934020996
run_asmooth: 1.339118480682373
TSmap_estimator: 28.943158626556396
