data_preparation: 0.1668989658355713
run_asmooth: 0.7043790817260742
TSmap_estimator: 30.620819807052612
