data_preparation: 0.16844964027404785
run_asmooth: 0.7216708660125732
TSmap_estimator: 22.357707023620605
