data_preparation: 0.1682894229888916
run_asmooth: 0.7239787578582764
TSmap_estimator: 25.844082593917847
