data_preparation: 0.2185978889465332
run_asmooth: 1.0649795532226562
TSmap_estimator: 24.046213388442993
