data_preparation: 0.1672050952911377
run_asmooth: 0.72770094871521
TSmap_estimator: 30.807974576950073
