data_preparation: 0.27055907249450684
run_asmooth: 1.290107250213623
TSmap_estimator: 29.371583938598633
