data_preparation: 0.15560269355773926
run_asmooth: 0.7072775363922119
TSmap_estimator: 20.695029735565186
