data_preparation: 0.21689081192016602
run_asmooth: 1.0737102031707764
TSmap_estimator: 24.052290439605713
