data_preparation: 0.3430497646331787
run_asmooth: 1.3162429332733154
TSmap_estimator: 30.989410877227783
