data_preparation: 0.2248380184173584
run_asmooth: 1.4329829216003418
TSmap_estimator: 36.41946244239807
