data_preparation: 0.15873956680297852
run_asmooth: 0.7571501731872559
TSmap_estimator: 21.88329815864563
