data_preparation: 0.2162480354309082
run_asmooth: 1.0575966835021973
TSmap_estimator: 23.611431121826172
