data_preparation: 0.2840712070465088
run_asmooth: 1.5079104900360107
TSmap_estimator: 38.535706520080566
