data_preparation: 0.284470796585083
run_asmooth: 1.400575876235962
TSmap_estimator: 27.264477729797363
