data_preparation: 0.2183666229248047
run_asmooth: 1.0550496578216553
TSmap_estimator: 24.07122254371643
