data_preparation: 0.1652979850769043
run_asmooth: 0.7232468128204346
TSmap_estimator: 26.013832092285156
