data_preparation: 0.27381062507629395
run_asmooth: 1.4915885925292969
TSmap_estimator: 37.77178168296814
