data_preparation: 0.2618725299835205
run_asmooth: 1.4863383769989014
TSmap_estimator: 39.03365397453308
