data_preparation: 0.24813175201416016
run_asmooth: 1.2467024326324463
TSmap_estimator: 35.1213743686676
