data_preparation: 0.2784445285797119
run_asmooth: 1.4755702018737793
TSmap_estimator: 32.54733943939209
