data_preparation: 0.17061352729797363
run_asmooth: 0.6993193626403809
TSmap_estimator: 31.793450832366943
