data_preparation: 0.16247820854187012
run_asmooth: 0.6903889179229736
TSmap_estimator: 22.303296089172363
