data_preparation: 0.16972970962524414
run_asmooth: 0.7398536205291748
TSmap_estimator: 26.12676453590393
