data_preparation: 0.25394558906555176
run_asmooth: 1.0284221172332764
TSmap_estimator: 23.15515398979187
