data_preparation: 0.16701698303222656
run_asmooth: 0.7169747352600098
TSmap_estimator: 29.567615747451782
