data_preparation: 0.18599486351013184
run_asmooth: 0.8101861476898193
TSmap_estimator: 25.11293911933899
