data_preparation: 0.1692802906036377
run_asmooth: 0.7369174957275391
TSmap_estimator: 25.802421808242798
