data_preparation: 0.23569703102111816
run_asmooth: 1.3919751644134521
TSmap_estimator: 36.42422366142273
