data_preparation: 0.2246565818786621
run_asmooth: 1.1412510871887207
TSmap_estimator: 41.77638554573059
