data_preparation: 0.2754201889038086
run_asmooth: 1.4283339977264404
TSmap_estimator: 24.063972234725952
