data_preparation: 0.15534710884094238
run_asmooth: 0.6787185668945312
TSmap_estimator: 20.638402938842773
