data_preparation: 0.29947638511657715
run_asmooth: 1.3706333637237549
TSmap_estimator: 21.729828357696533
