data_preparation: 0.20809531211853027
run_asmooth: 1.1543078422546387
TSmap_estimator: 23.253405332565308
