data_preparation: 0.2127988338470459
run_asmooth: 1.2179324626922607
TSmap_estimator: 25.896565198898315
