data_preparation: 0.2658054828643799
run_asmooth: 1.3181633949279785
TSmap_estimator: 29.98416757583618
