data_preparation: 0.16891694068908691
run_asmooth: 0.7001688480377197
TSmap_estimator: 31.779027938842773
