data_preparation: 0.28850769996643066
run_asmooth: 1.589024305343628
TSmap_estimator: 64.90528607368469
