data_preparation: 0.2285020351409912
run_asmooth: 1.257293701171875
TSmap_estimator: 24.361443281173706
