data_preparation: 0.20858120918273926
run_asmooth: 1.1297292709350586
TSmap_estimator: 22.957484006881714
