data_preparation: 0.1702742576599121
run_asmooth: 0.7171850204467773
TSmap_estimator: 31.129987001419067
