data_preparation: 0.21694397926330566
run_asmooth: 1.0706496238708496
TSmap_estimator: 24.508145570755005
