data_preparation: 0.17212343215942383
run_asmooth: 0.7305858135223389
TSmap_estimator: 30.940647840499878
