data_preparation: 0.2702314853668213
run_asmooth: 1.3576347827911377
TSmap_estimator: 29.510589122772217
