data_preparation: 0.2300574779510498
run_asmooth: 1.2671678066253662
TSmap_estimator: 24.010809183120728
