data_preparation: 0.21149516105651855
run_asmooth: 1.139514684677124
TSmap_estimator: 22.339242696762085
