data_preparation: 0.17414379119873047
run_asmooth: 0.7346699237823486
TSmap_estimator: 31.329721450805664
