data_preparation: 0.22659540176391602
run_asmooth: 1.2209956645965576
TSmap_estimator: 37.19622850418091
