data_preparation: 0.1524348258972168
run_asmooth: 0.7095282077789307
TSmap_estimator: 26.58583402633667
