data_preparation: 0.2380964756011963
run_asmooth: 1.277902603149414
TSmap_estimator: 24.801254749298096
