data_preparation: 0.16827845573425293
run_asmooth: 0.6792213916778564
TSmap_estimator: 31.106969118118286
