data_preparation: 0.16866707801818848
run_asmooth: 0.7150633335113525
TSmap_estimator: 31.151403427124023
