data_preparation: 0.21537446975708008
run_asmooth: 1.0379900932312012
TSmap_estimator: 23.456453323364258
