data_preparation: 0.17467832565307617
run_asmooth: 0.7117750644683838
TSmap_estimator: 28.179564237594604
