data_preparation: 0.1594235897064209
run_asmooth: 0.715477466583252
TSmap_estimator: 25.84203815460205
