data_preparation: 0.16847991943359375
run_asmooth: 0.693108081817627
TSmap_estimator: 29.659377574920654
