data_preparation: 0.2703971862792969
run_asmooth: 1.358290195465088
TSmap_estimator: 48.41870665550232
