data_preparation: 0.26155543327331543
run_asmooth: 1.3008358478546143
TSmap_estimator: 21.649351596832275
