data_preparation: 0.17291760444641113
run_asmooth: 0.7150826454162598
TSmap_estimator: 31.611777544021606
