data_preparation: 0.28688645362854004
run_asmooth: 1.4075939655303955
TSmap_estimator: 50.60129427909851
