data_preparation: 0.21129941940307617
run_asmooth: 1.170525074005127
TSmap_estimator: 24.044312477111816
