data_preparation: 0.22350144386291504
run_asmooth: 1.0961415767669678
TSmap_estimator: 25.413034677505493
