data_preparation: 0.21817994117736816
run_asmooth: 1.0440149307250977
TSmap_estimator: 26.344600200653076
