data_preparation: 0.1700429916381836
run_asmooth: 0.730022668838501
TSmap_estimator: 26.64397931098938
