data_preparation: 0.24127626419067383
run_asmooth: 1.2954261302947998
TSmap_estimator: 23.78146004676819
