data_preparation: 0.22804594039916992
run_asmooth: 1.12355375289917
TSmap_estimator: 24.466776847839355
