data_preparation: 0.16335439682006836
run_asmooth: 0.6886053085327148
TSmap_estimator: 22.067885637283325
