data_preparation: 0.16568422317504883
run_asmooth: 0.726306676864624
TSmap_estimator: 26.626452207565308
