data_preparation: 0.1670525074005127
run_asmooth: 0.6841254234313965
TSmap_estimator: 26.839974641799927
