data_preparation: 0.1635420322418213
run_asmooth: 0.6886897087097168
TSmap_estimator: 22.257112979888916
