data_preparation: 0.15729475021362305
run_asmooth: 0.6953976154327393
TSmap_estimator: 25.99703860282898
