data_preparation: 0.1617882251739502
run_asmooth: 0.6839754581451416
TSmap_estimator: 22.232762575149536
