data_preparation: 0.21515846252441406
run_asmooth: 1.1961028575897217
TSmap_estimator: 23.542765140533447
