data_preparation: 0.2317652702331543
run_asmooth: 1.2876513004302979
TSmap_estimator: 24.7246515750885
