data_preparation: 0.2767331600189209
run_asmooth: 1.6322658061981201
TSmap_estimator: 39.43785500526428
