data_preparation: 0.26354503631591797
run_asmooth: 1.4070611000061035
TSmap_estimator: 24.461446523666382
