data_preparation: 0.32222604751586914
run_asmooth: 1.4787302017211914
TSmap_estimator: 37.66977834701538
