data_preparation: 0.1678450107574463
run_asmooth: 0.7188417911529541
TSmap_estimator: 26.120954513549805
