data_preparation: 0.1616063117980957
run_asmooth: 0.691248893737793
TSmap_estimator: 21.892427682876587
