data_preparation: 0.259979248046875
run_asmooth: 1.3172242641448975
TSmap_estimator: 27.518142223358154
