data_preparation: 0.1689915657043457
run_asmooth: 0.7052154541015625
TSmap_estimator: 30.850180864334106
