data_preparation: 0.2755563259124756
run_asmooth: 1.6117737293243408
TSmap_estimator: 38.842994689941406
