data_preparation: 0.21064257621765137
run_asmooth: 1.1670846939086914
TSmap_estimator: 23.903412580490112
