data_preparation: 0.16455674171447754
run_asmooth: 0.6904237270355225
TSmap_estimator: 30.19590950012207
