data_preparation: 0.30282115936279297
run_asmooth: 1.4051005840301514
TSmap_estimator: 35.364768266677856
