data_preparation: 0.17180776596069336
run_asmooth: 0.7060189247131348
TSmap_estimator: 33.25884175300598
