data_preparation: 0.22916674613952637
run_asmooth: 1.1554174423217773
TSmap_estimator: 24.7544686794281
