data_preparation: 0.23076272010803223
run_asmooth: 1.2228353023529053
TSmap_estimator: 35.001763582229614
