data_preparation: 0.24528813362121582
run_asmooth: 1.3538696765899658
TSmap_estimator: 26.33812665939331
