data_preparation: 0.2771728038787842
run_asmooth: 1.3044793605804443
TSmap_estimator: 22.48254132270813
