data_preparation: 0.17001700401306152
run_asmooth: 0.716663122177124
TSmap_estimator: 31.560323238372803
