data_preparation: 0.28340673446655273
run_asmooth: 1.555068016052246
TSmap_estimator: 41.360999584198
