data_preparation: 0.280989408493042
run_asmooth: 1.3865890502929688
TSmap_estimator: 28.369781970977783
