data_preparation: 0.21608185768127441
run_asmooth: 1.3651084899902344
TSmap_estimator: 26.63454842567444
