data_preparation: 0.1677839756011963
run_asmooth: 0.6819560527801514
TSmap_estimator: 27.695175886154175
