data_preparation: 0.21289300918579102
run_asmooth: 1.1994633674621582
TSmap_estimator: 23.59217095375061
