data_preparation: 0.15989065170288086
run_asmooth: 0.7244629859924316
TSmap_estimator: 19.316959619522095
