data_preparation: 0.26279783248901367
run_asmooth: 1.466700553894043
TSmap_estimator: 39.13682413101196
