data_preparation: 0.17169451713562012
run_asmooth: 0.7265770435333252
TSmap_estimator: 22.211341619491577
