data_preparation: 0.21276521682739258
run_asmooth: 1.1350603103637695
TSmap_estimator: 22.633213758468628
