data_preparation: 0.22677111625671387
run_asmooth: 1.1895778179168701
TSmap_estimator: 43.70332074165344
