data_preparation: 0.15554547309875488
run_asmooth: 0.7250547409057617
TSmap_estimator: 26.240078687667847
