data_preparation: 0.16652512550354004
run_asmooth: 0.8890378475189209
TSmap_estimator: 27.787766695022583
