data_preparation: 0.155289888381958
run_asmooth: 0.7078640460968018
TSmap_estimator: 20.8258695602417
