data_preparation: 0.2266225814819336
run_asmooth: 1.1932990550994873
TSmap_estimator: 42.46906304359436
