data_preparation: 0.17334914207458496
run_asmooth: 0.7312157154083252
TSmap_estimator: 31.22428822517395
