data_preparation: 0.15990281105041504
run_asmooth: 0.7632691860198975
TSmap_estimator: 26.982844829559326
