data_preparation: 0.1704847812652588
run_asmooth: 0.7522780895233154
TSmap_estimator: 29.451101541519165
