data_preparation: 0.15799975395202637
run_asmooth: 0.7167317867279053
TSmap_estimator: 26.826616048812866
