data_preparation: 0.16541147232055664
run_asmooth: 0.6924211978912354
TSmap_estimator: 31.232224941253662
