data_preparation: 0.2598586082458496
run_asmooth: 1.4633572101593018
TSmap_estimator: 36.45307111740112
