data_preparation: 0.16828179359436035
run_asmooth: 0.7079460620880127
TSmap_estimator: 31.448523998260498
