data_preparation: 0.27123379707336426
run_asmooth: 1.3466887474060059
TSmap_estimator: 51.50153875350952
