data_preparation: 0.16120052337646484
run_asmooth: 0.7293000221252441
TSmap_estimator: 26.8674533367157
