data_preparation: 0.3065052032470703
run_asmooth: 1.4061863422393799
TSmap_estimator: 31.374204874038696
