data_preparation: 0.21361637115478516
run_asmooth: 0.9901673793792725
TSmap_estimator: 22.872121572494507
