data_preparation: 0.15510916709899902
run_asmooth: 0.7083141803741455
TSmap_estimator: 26.770480632781982
