data_preparation: 0.2537875175476074
run_asmooth: 1.3362603187561035
TSmap_estimator: 29.627790689468384
