data_preparation: 0.22329139709472656
run_asmooth: 1.2332868576049805
TSmap_estimator: 23.471158027648926
