data_preparation: 0.2238779067993164
run_asmooth: 1.1753554344177246
TSmap_estimator: 23.465762615203857
