data_preparation: 0.16551804542541504
run_asmooth: 0.6871438026428223
TSmap_estimator: 30.859949350357056
