data_preparation: 0.1683053970336914
run_asmooth: 0.7052597999572754
TSmap_estimator: 31.05861210823059
