data_preparation: 0.16639208793640137
run_asmooth: 0.689835786819458
TSmap_estimator: 31.140864849090576
