data_preparation: 0.16497254371643066
run_asmooth: 0.7110135555267334
TSmap_estimator: 29.289381742477417
