data_preparation: 0.21425867080688477
run_asmooth: 1.338136911392212
TSmap_estimator: 24.609742403030396
