data_preparation: 0.29387640953063965
run_asmooth: 1.672806978225708
TSmap_estimator: 64.78714680671692
