data_preparation: 0.1647176742553711
run_asmooth: 0.7111704349517822
TSmap_estimator: 25.946547031402588
