data_preparation: 0.27167701721191406
run_asmooth: 1.3914644718170166
TSmap_estimator: 28.580206632614136
