data_preparation: 0.15786099433898926
run_asmooth: 0.7279081344604492
TSmap_estimator: 20.92683219909668
