data_preparation: 0.20374584197998047
run_asmooth: 1.096620798110962
TSmap_estimator: 38.773943185806274
