data_preparation: 0.21753239631652832
run_asmooth: 1.0479953289031982
TSmap_estimator: 24.04470157623291
