data_preparation: 0.16073870658874512
run_asmooth: 0.7397756576538086
TSmap_estimator: 26.35450053215027
