data_preparation: 0.2626686096191406
run_asmooth: 1.405601978302002
TSmap_estimator: 28.837955713272095
