data_preparation: 0.2140202522277832
run_asmooth: 1.2307682037353516
TSmap_estimator: 24.584609746932983
