data_preparation: 0.23262834548950195
run_asmooth: 1.1950500011444092
TSmap_estimator: 43.343915700912476
