data_preparation: 0.1657421588897705
run_asmooth: 0.7148079872131348
TSmap_estimator: 28.8960018157959
