data_preparation: 0.16897273063659668
run_asmooth: 0.7310831546783447
TSmap_estimator: 25.870956420898438
