data_preparation: 0.16709303855895996
run_asmooth: 0.7271349430084229
TSmap_estimator: 26.42953395843506
