data_preparation: 0.1701343059539795
run_asmooth: 0.6865589618682861
TSmap_estimator: 27.611502647399902
