data_preparation: 0.17056870460510254
run_asmooth: 0.6972517967224121
TSmap_estimator: 28.11299228668213
