data_preparation: 0.31079602241516113
run_asmooth: 1.715959072113037
TSmap_estimator: 42.13716769218445
