data_preparation: 0.27184605598449707
run_asmooth: 1.3332698345184326
TSmap_estimator: 27.244402170181274
