data_preparation: 0.17119979858398438
run_asmooth: 0.6990935802459717
TSmap_estimator: 27.92208504676819
