data_preparation: 0.16506552696228027
run_asmooth: 0.7086005210876465
TSmap_estimator: 26.435762882232666
