data_preparation: 0.2684299945831299
run_asmooth: 1.4341518878936768
TSmap_estimator: 38.16385507583618
