data_preparation: 0.21204757690429688
run_asmooth: 1.1708104610443115
TSmap_estimator: 22.830671787261963
