data_preparation: 0.2269744873046875
run_asmooth: 1.3139753341674805
TSmap_estimator: 27.600051879882812
