data_preparation: 0.21955633163452148
run_asmooth: 1.0256195068359375
TSmap_estimator: 26.493807077407837
