data_preparation: 0.16609716415405273
run_asmooth: 0.708625316619873
TSmap_estimator: 29.17178201675415
