data_preparation: 0.20952367782592773
run_asmooth: 1.1971664428710938
TSmap_estimator: 23.586265802383423
