data_preparation: 0.20946097373962402
run_asmooth: 1.2350032329559326
TSmap_estimator: 24.4560968875885
