data_preparation: 0.21762943267822266
run_asmooth: 1.0266335010528564
TSmap_estimator: 23.351492166519165
