data_preparation: 0.1602463722229004
run_asmooth: 0.7232413291931152
TSmap_estimator: 20.887871742248535
