data_preparation: 0.1634690761566162
run_asmooth: 0.6932194232940674
TSmap_estimator: 21.897765398025513
