data_preparation: 0.16803932189941406
run_asmooth: 0.7217891216278076
TSmap_estimator: 29.535856008529663
