data_preparation: 0.1544818878173828
run_asmooth: 0.7288234233856201
TSmap_estimator: 19.31953454017639
