data_preparation: 0.2896440029144287
run_asmooth: 1.1288304328918457
TSmap_estimator: 26.650424003601074
