data_preparation: 0.29513120651245117
run_asmooth: 1.5906193256378174
TSmap_estimator: 38.870545625686646
