data_preparation: 0.15584564208984375
run_asmooth: 0.7071239948272705
TSmap_estimator: 26.333317518234253
