data_preparation: 0.20885324478149414
run_asmooth: 1.091411828994751
TSmap_estimator: 22.846315622329712
