data_preparation: 0.2197279930114746
run_asmooth: 1.3046090602874756
TSmap_estimator: 26.385978937149048
