data_preparation: 0.1779615879058838
run_asmooth: 0.7595391273498535
TSmap_estimator: 25.916099309921265
