data_preparation: 0.16547560691833496
run_asmooth: 0.6757721900939941
TSmap_estimator: 21.814741134643555
