data_preparation: 0.17304587364196777
run_asmooth: 0.7108464241027832
TSmap_estimator: 21.686970710754395
