data_preparation: 0.16982483863830566
run_asmooth: 0.7047421932220459
TSmap_estimator: 31.571330785751343
