data_preparation: 0.16828393936157227
run_asmooth: 0.6826329231262207
TSmap_estimator: 27.134852170944214
