data_preparation: 0.15962719917297363
run_asmooth: 0.6744818687438965
TSmap_estimator: 22.09787368774414
