data_preparation: 0.26291537284851074
run_asmooth: 1.3165085315704346
TSmap_estimator: 27.22844099998474
