data_preparation: 0.209991455078125
run_asmooth: 1.1152443885803223
TSmap_estimator: 22.31138801574707
