data_preparation: 0.1667313575744629
run_asmooth: 0.7168006896972656
TSmap_estimator: 26.053062438964844
