data_preparation: 0.27196645736694336
run_asmooth: 1.507547378540039
TSmap_estimator: 37.18105220794678
