data_preparation: 0.2131357192993164
run_asmooth: 1.1214230060577393
TSmap_estimator: 26.964973211288452
