data_preparation: 0.3122751712799072
run_asmooth: 1.5543849468231201
TSmap_estimator: 39.63832092285156
