data_preparation: 0.2721576690673828
run_asmooth: 1.3989169597625732
TSmap_estimator: 29.932527780532837
