data_preparation: 0.2179274559020996
run_asmooth: 1.193763256072998
TSmap_estimator: 26.291006565093994
