data_preparation: 0.20958209037780762
run_asmooth: 1.1910746097564697
TSmap_estimator: 23.45566964149475
