data_preparation: 0.21118617057800293
run_asmooth: 1.1481850147247314
TSmap_estimator: 23.187657594680786
