data_preparation: 0.16634416580200195
run_asmooth: 0.6968836784362793
TSmap_estimator: 31.22242498397827
