data_preparation: 0.16671133041381836
run_asmooth: 0.7218437194824219
TSmap_estimator: 26.367894649505615
