data_preparation: 0.2958817481994629
run_asmooth: 1.6981489658355713
TSmap_estimator: 41.00114631652832
