data_preparation: 0.16772675514221191
run_asmooth: 0.7274374961853027
TSmap_estimator: 29.098652839660645
