data_preparation: 0.22846555709838867
run_asmooth: 1.1862127780914307
TSmap_estimator: 24.142860174179077
