data_preparation: 0.23500943183898926
run_asmooth: 1.255927324295044
TSmap_estimator: 25.22254705429077
