data_preparation: 0.16677522659301758
run_asmooth: 0.6917729377746582
TSmap_estimator: 31.117445945739746
