data_preparation: 0.20656847953796387
run_asmooth: 1.1113946437835693
TSmap_estimator: 23.3246648311615
