data_preparation: 0.1684117317199707
run_asmooth: 0.7158522605895996
TSmap_estimator: 22.156165838241577
