data_preparation: 0.1712799072265625
run_asmooth: 0.7442777156829834
TSmap_estimator: 30.3632390499115
