data_preparation: 0.17142796516418457
run_asmooth: 0.7088901996612549
TSmap_estimator: 31.212863445281982
