data_preparation: 0.24393677711486816
run_asmooth: 1.3533868789672852
TSmap_estimator: 34.84215497970581
