data_preparation: 0.19783258438110352
run_asmooth: 1.051065444946289
TSmap_estimator: 30.91132950782776
