data_preparation: 0.22655653953552246
run_asmooth: 1.1485519409179688
TSmap_estimator: 23.765470504760742
