data_preparation: 0.1589658260345459
run_asmooth: 0.722907304763794
TSmap_estimator: 26.35996127128601
