data_preparation: 0.21770572662353516
run_asmooth: 1.3027896881103516
TSmap_estimator: 25.14465045928955
