data_preparation: 0.16623735427856445
run_asmooth: 0.6850121021270752
TSmap_estimator: 30.75071954727173
