data_preparation: 0.1671149730682373
run_asmooth: 0.7160284519195557
TSmap_estimator: 26.14070463180542
