data_preparation: 0.2580602169036865
run_asmooth: 1.289074420928955
TSmap_estimator: 26.337476015090942
