data_preparation: 0.16787219047546387
run_asmooth: 0.6898369789123535
TSmap_estimator: 31.131067276000977
