data_preparation: 0.2160658836364746
run_asmooth: 1.1935322284698486
TSmap_estimator: 23.932924032211304
