data_preparation: 0.24272894859313965
run_asmooth: 1.1802756786346436
TSmap_estimator: 19.97573232650757
