data_preparation: 0.15387201309204102
run_asmooth: 0.7070050239562988
TSmap_estimator: 26.3765926361084
