data_preparation: 0.2671358585357666
run_asmooth: 1.3813014030456543
TSmap_estimator: 28.623130798339844
