data_preparation: 0.1689012050628662
run_asmooth: 0.7035014629364014
TSmap_estimator: 29.23928475379944
