data_preparation: 0.20780205726623535
run_asmooth: 1.1237432956695557
TSmap_estimator: 24.11422324180603
