data_preparation: 0.3905832767486572
run_asmooth: 1.6204009056091309
TSmap_estimator: 44.21844696998596
