data_preparation: 0.16464591026306152
run_asmooth: 0.698840856552124
TSmap_estimator: 26.196752786636353
