data_preparation: 0.21871519088745117
run_asmooth: 1.0588383674621582
TSmap_estimator: 23.675710439682007
