data_preparation: 0.1650083065032959
run_asmooth: 0.6769654750823975
TSmap_estimator: 31.049334287643433
