data_preparation: 0.1617593765258789
run_asmooth: 0.6937963962554932
TSmap_estimator: 22.262189388275146
