data_preparation: 0.23911118507385254
run_asmooth: 1.180466651916504
TSmap_estimator: 18.70785093307495
