data_preparation: 0.15526986122131348
run_asmooth: 0.7183222770690918
TSmap_estimator: 20.35199522972107
