data_preparation: 0.16184353828430176
run_asmooth: 0.6920285224914551
TSmap_estimator: 22.26650619506836
