data_preparation: 0.16797399520874023
run_asmooth: 0.6837351322174072
TSmap_estimator: 27.052292346954346
