data_preparation: 0.27164149284362793
run_asmooth: 1.3884541988372803
TSmap_estimator: 29.062270879745483
