data_preparation: 0.16425514221191406
run_asmooth: 0.6870436668395996
TSmap_estimator: 30.891247510910034
