data_preparation: 0.1573810577392578
run_asmooth: 0.7332658767700195
TSmap_estimator: 26.69398045539856
