data_preparation: 0.1666393280029297
run_asmooth: 0.6782326698303223
TSmap_estimator: 27.62236785888672
