data_preparation: 0.2754788398742676
run_asmooth: 1.0076560974121094
TSmap_estimator: 25.94497275352478
