data_preparation: 0.2275688648223877
run_asmooth: 1.1957123279571533
TSmap_estimator: 23.997183799743652
