data_preparation: 0.268085241317749
run_asmooth: 1.577575445175171
TSmap_estimator: 55.571102142333984
