data_preparation: 0.1687471866607666
run_asmooth: 0.7278966903686523
TSmap_estimator: 28.828742027282715
