data_preparation: 0.16856980323791504
run_asmooth: 0.6913149356842041
TSmap_estimator: 27.430408716201782
