data_preparation: 0.21871566772460938
run_asmooth: 1.109602689743042
TSmap_estimator: 40.95425462722778
