data_preparation: 0.16586542129516602
run_asmooth: 0.8268485069274902
TSmap_estimator: 24.53116512298584
