data_preparation: 0.16632819175720215
run_asmooth: 0.7267599105834961
TSmap_estimator: 26.157952070236206
