data_preparation: 0.1672532558441162
run_asmooth: 0.6704034805297852
TSmap_estimator: 30.8399019241333
