data_preparation: 0.24949026107788086
run_asmooth: 1.3913140296936035
TSmap_estimator: 19.800452947616577
