data_preparation: 0.15887212753295898
run_asmooth: 0.7387650012969971
TSmap_estimator: 26.622684001922607
