data_preparation: 0.1700911521911621
run_asmooth: 0.6728289127349854
TSmap_estimator: 28.33173632621765
