data_preparation: 0.28164172172546387
run_asmooth: 1.3593661785125732
TSmap_estimator: 28.896112203598022
