data_preparation: 0.1641826629638672
run_asmooth: 0.7014462947845459
TSmap_estimator: 22.318835735321045
