data_preparation: 0.15476369857788086
run_asmooth: 0.7321250438690186
TSmap_estimator: 25.48238730430603
