data_preparation: 0.17277121543884277
run_asmooth: 0.7180562019348145
TSmap_estimator: 30.137017011642456
