data_preparation: 0.27596020698547363
run_asmooth: 1.6238243579864502
TSmap_estimator: 58.552897214889526
