data_preparation: 0.1674044132232666
run_asmooth: 0.6788418292999268
TSmap_estimator: 31.875065565109253
