data_preparation: 0.2517848014831543
run_asmooth: 1.3525145053863525
TSmap_estimator: 28.612048149108887
