data_preparation: 0.16313958168029785
run_asmooth: 0.6810219287872314
TSmap_estimator: 22.31805181503296
