data_preparation: 0.16905927658081055
run_asmooth: 0.721778392791748
TSmap_estimator: 29.039994478225708
