data_preparation: 0.1624588966369629
run_asmooth: 0.8213930130004883
TSmap_estimator: 24.147934198379517
