data_preparation: 0.18881678581237793
run_asmooth: 1.0772368907928467
TSmap_estimator: 21.3616042137146
