data_preparation: 0.21013259887695312
run_asmooth: 1.1513893604278564
TSmap_estimator: 23.477922916412354
