data_preparation: 0.1658034324645996
run_asmooth: 0.684213399887085
TSmap_estimator: 30.91232681274414
