data_preparation: 0.15877747535705566
run_asmooth: 0.7111606597900391
TSmap_estimator: 20.69424605369568
