data_preparation: 0.2940545082092285
run_asmooth: 1.639517068862915
TSmap_estimator: 39.91997265815735
