data_preparation: 0.15491437911987305
run_asmooth: 0.7261867523193359
TSmap_estimator: 20.71036434173584
