data_preparation: 0.2839984893798828
run_asmooth: 1.6409826278686523
TSmap_estimator: 41.71709585189819
