data_preparation: 0.22676825523376465
run_asmooth: 1.3979005813598633
TSmap_estimator: 36.7642560005188
