data_preparation: 0.1760566234588623
run_asmooth: 0.7144906520843506
TSmap_estimator: 28.274089813232422
