data_preparation: 0.22154617309570312
run_asmooth: 1.1680753231048584
TSmap_estimator: 23.62301731109619
