data_preparation: 0.285872220993042
run_asmooth: 1.5080723762512207
TSmap_estimator: 35.865110635757446
