data_preparation: 0.16776609420776367
run_asmooth: 0.6644518375396729
TSmap_estimator: 27.90795087814331
