data_preparation: 0.16892194747924805
run_asmooth: 0.7191455364227295
TSmap_estimator: 30.139023303985596
