data_preparation: 0.2912869453430176
run_asmooth: 1.3251965045928955
TSmap_estimator: 24.091870069503784
