data_preparation: 0.24083876609802246
run_asmooth: 1.1720941066741943
TSmap_estimator: 26.223504781723022
