data_preparation: 0.16701912879943848
run_asmooth: 0.7205841541290283
TSmap_estimator: 29.04257321357727
