data_preparation: 0.2936251163482666
run_asmooth: 1.7344543933868408
TSmap_estimator: 67.15103697776794
