data_preparation: 0.16405010223388672
run_asmooth: 0.6925952434539795
TSmap_estimator: 30.45060420036316
