data_preparation: 0.20195341110229492
run_asmooth: 1.1259868144989014
TSmap_estimator: 22.622579097747803
