data_preparation: 0.1642014980316162
run_asmooth: 0.7339246273040771
TSmap_estimator: 22.313053607940674
