data_preparation: 0.2637367248535156
run_asmooth: 1.3111836910247803
TSmap_estimator: 41.47834014892578
