data_preparation: 0.2736854553222656
run_asmooth: 1.3783314228057861
TSmap_estimator: 29.04473090171814
