data_preparation: 0.28816676139831543
run_asmooth: 1.6736526489257812
TSmap_estimator: 45.94151568412781
