data_preparation: 0.16400671005249023
run_asmooth: 0.6874794960021973
TSmap_estimator: 21.9415340423584
