data_preparation: 0.23069238662719727
run_asmooth: 1.2174115180969238
TSmap_estimator: 24.137832403182983
