data_preparation: 0.2316758632659912
run_asmooth: 1.150101900100708
TSmap_estimator: 23.836211681365967
