data_preparation: 0.2191786766052246
run_asmooth: 1.0778653621673584
TSmap_estimator: 23.83928632736206
