data_preparation: 0.1726522445678711
run_asmooth: 0.7011334896087646
TSmap_estimator: 28.050870656967163
