data_preparation: 0.17207717895507812
run_asmooth: 0.7620375156402588
TSmap_estimator: 29.692147254943848
