data_preparation: 0.1666276454925537
run_asmooth: 0.6889801025390625
TSmap_estimator: 31.349108457565308
