data_preparation: 0.2691314220428467
run_asmooth: 1.3341269493103027
TSmap_estimator: 27.35592555999756
