data_preparation: 0.15727519989013672
run_asmooth: 0.7168440818786621
TSmap_estimator: 26.068727254867554
