data_preparation: 0.22661066055297852
run_asmooth: 1.340289831161499
TSmap_estimator: 42.8066680431366
