data_preparation: 0.17639970779418945
run_asmooth: 0.6999480724334717
TSmap_estimator: 21.352991104125977
