data_preparation: 0.24007368087768555
run_asmooth: 1.3308956623077393
TSmap_estimator: 24.449136972427368
