data_preparation: 0.281801700592041
run_asmooth: 1.395026445388794
TSmap_estimator: 30.240388870239258
