data_preparation: 0.26831603050231934
run_asmooth: 1.6167876720428467
TSmap_estimator: 60.919817209243774
