data_preparation: 0.16384220123291016
run_asmooth: 0.6947860717773438
TSmap_estimator: 22.189668655395508
