data_preparation: 0.2504234313964844
run_asmooth: 1.3559293746948242
TSmap_estimator: 29.70418071746826
