data_preparation: 0.1710195541381836
run_asmooth: 0.7504405975341797
TSmap_estimator: 28.832592248916626
