data_preparation: 0.15720129013061523
run_asmooth: 0.7308039665222168
TSmap_estimator: 26.639166593551636
