data_preparation: 0.15444350242614746
run_asmooth: 0.7338922023773193
TSmap_estimator: 19.651020050048828
