data_preparation: 0.25262904167175293
run_asmooth: 1.48734712600708
TSmap_estimator: 53.56212592124939
