data_preparation: 0.20108270645141602
run_asmooth: 1.190293788909912
TSmap_estimator: 23.647653341293335
