data_preparation: 0.1635124683380127
run_asmooth: 0.715965747833252
TSmap_estimator: 19.96847105026245
