data_preparation: 0.21026039123535156
run_asmooth: 1.1454753875732422
TSmap_estimator: 23.07597780227661
