data_preparation: 0.16601347923278809
run_asmooth: 0.6973137855529785
TSmap_estimator: 30.895841598510742
