data_preparation: 0.1554241180419922
run_asmooth: 0.7075371742248535
TSmap_estimator: 20.730904817581177
