data_preparation: 0.16070914268493652
run_asmooth: 0.7380003929138184
TSmap_estimator: 27.45986318588257
