data_preparation: 0.21697330474853516
run_asmooth: 1.019146203994751
TSmap_estimator: 23.642162561416626
