data_preparation: 0.16538047790527344
run_asmooth: 0.8820459842681885
TSmap_estimator: 28.094430685043335
