data_preparation: 0.21941208839416504
run_asmooth: 1.0881423950195312
TSmap_estimator: 23.251044511795044
