data_preparation: 0.2816178798675537
run_asmooth: 1.594923973083496
TSmap_estimator: 40.49684429168701
