data_preparation: 0.16296696662902832
run_asmooth: 0.6929171085357666
TSmap_estimator: 22.01726984977722
