data_preparation: 0.2178051471710205
run_asmooth: 1.084615707397461
TSmap_estimator: 23.71836757659912
