data_preparation: 0.23166918754577637
run_asmooth: 1.1774473190307617
TSmap_estimator: 24.7767071723938
