data_preparation: 0.1663341522216797
run_asmooth: 0.7089602947235107
TSmap_estimator: 25.87370204925537
