data_preparation: 0.23546552658081055
run_asmooth: 1.3180625438690186
TSmap_estimator: 23.95824384689331
