data_preparation: 0.22565007209777832
run_asmooth: 1.1935091018676758
TSmap_estimator: 22.90150499343872
