data_preparation: 0.2141585350036621
run_asmooth: 1.0224995613098145
TSmap_estimator: 23.503307104110718
