data_preparation: 0.27339696884155273
run_asmooth: 1.5678362846374512
TSmap_estimator: 36.179264068603516
