data_preparation: 0.2066037654876709
run_asmooth: 1.0980720520019531
TSmap_estimator: 22.59126567840576
