data_preparation: 0.33872032165527344
run_asmooth: 0.7251167297363281
TSmap_estimator: 21.61014175415039
