data_preparation: 0.16769981384277344
run_asmooth: 0.6945443153381348
TSmap_estimator: 30.86740517616272
