data_preparation: 0.21258163452148438
run_asmooth: 1.176062822341919
TSmap_estimator: 23.561579942703247
