data_preparation: 0.21088790893554688
run_asmooth: 1.036311388015747
TSmap_estimator: 17.551570177078247
