data_preparation: 0.27037858963012695
run_asmooth: 1.4401590824127197
TSmap_estimator: 29.77842092514038
