data_preparation: 0.24798321723937988
run_asmooth: 1.1443030834197998
TSmap_estimator: 21.26484990119934
