data_preparation: 0.2184429168701172
run_asmooth: 1.2822542190551758
TSmap_estimator: 24.137596607208252
