data_preparation: 0.24746298789978027
run_asmooth: 1.2854418754577637
TSmap_estimator: 35.394978046417236
