data_preparation: 0.22820043563842773
run_asmooth: 1.2330782413482666
TSmap_estimator: 23.55209732055664
