data_preparation: 0.17484021186828613
run_asmooth: 0.7297284603118896
TSmap_estimator: 32.25737404823303
