data_preparation: 0.2297072410583496
run_asmooth: 1.178300142288208
TSmap_estimator: 24.58161425590515
