data_preparation: 0.16338205337524414
run_asmooth: 0.7011842727661133
TSmap_estimator: 21.79259443283081
