data_preparation: 0.21095919609069824
run_asmooth: 1.136566400527954
TSmap_estimator: 23.600076913833618
