data_preparation: 0.16564536094665527
run_asmooth: 0.6626274585723877
TSmap_estimator: 27.557788848876953
