data_preparation: 0.21619391441345215
run_asmooth: 1.0313644409179688
TSmap_estimator: 23.809953689575195
