data_preparation: 0.16701030731201172
run_asmooth: 0.7257087230682373
TSmap_estimator: 21.898336172103882
