data_preparation: 0.1584186553955078
run_asmooth: 0.7395126819610596
TSmap_estimator: 20.359822034835815
