data_preparation: 0.2532627582550049
run_asmooth: 1.2937171459197998
TSmap_estimator: 43.80513286590576
