data_preparation: 0.16166949272155762
run_asmooth: 0.6919035911560059
TSmap_estimator: 22.368786334991455
