data_preparation: 0.15786314010620117
run_asmooth: 0.7145330905914307
TSmap_estimator: 26.049904346466064
