data_preparation: 0.16451072692871094
run_asmooth: 0.6845693588256836
TSmap_estimator: 21.78213667869568
