data_preparation: 0.15631604194641113
run_asmooth: 0.7163372039794922
TSmap_estimator: 26.663641214370728
