data_preparation: 0.1535804271697998
run_asmooth: 0.7269799709320068
TSmap_estimator: 26.09525418281555
