data_preparation: 0.20840191841125488
run_asmooth: 1.084453821182251
TSmap_estimator: 22.64741349220276
