data_preparation: 0.16986083984375
run_asmooth: 0.7062435150146484
TSmap_estimator: 24.128396034240723
