data_preparation: 0.15532541275024414
run_asmooth: 0.7482903003692627
TSmap_estimator: 25.943901538848877
