data_preparation: 0.15294361114501953
run_asmooth: 0.6846528053283691
TSmap_estimator: 25.90871548652649
