data_preparation: 0.16315436363220215
run_asmooth: 0.6922187805175781
TSmap_estimator: 22.056444883346558
