data_preparation: 0.16485285758972168
run_asmooth: 0.6991748809814453
TSmap_estimator: 26.276469945907593
