data_preparation: 0.1718907356262207
run_asmooth: 0.7033267021179199
TSmap_estimator: 32.126930475234985
