data_preparation: 0.14237427711486816
run_asmooth: 0.5158157348632812
TSmap_estimator: 16.630812406539917
