data_preparation: 0.17334628105163574
run_asmooth: 0.7007744312286377
TSmap_estimator: 29.795165538787842
