data_preparation: 0.2280101776123047
run_asmooth: 1.2840158939361572
TSmap_estimator: 18.834925174713135
