data_preparation: 0.16562128067016602
run_asmooth: 0.6855165958404541
TSmap_estimator: 31.04792022705078
