data_preparation: 0.16656732559204102
run_asmooth: 0.7019948959350586
TSmap_estimator: 28.91138243675232
