data_preparation: 0.16437983512878418
run_asmooth: 0.7145481109619141
TSmap_estimator: 22.139530420303345
