data_preparation: 0.2786121368408203
run_asmooth: 1.3918044567108154
TSmap_estimator: 31.394307851791382
