data_preparation: 0.16391420364379883
run_asmooth: 0.7170093059539795
TSmap_estimator: 21.343444108963013
