data_preparation: 0.16076302528381348
run_asmooth: 0.6857554912567139
TSmap_estimator: 21.824769973754883
