data_preparation: 0.22652912139892578
run_asmooth: 1.2811837196350098
TSmap_estimator: 34.1929132938385
