data_preparation: 0.21549725532531738
run_asmooth: 1.0143470764160156
TSmap_estimator: 23.578935384750366
