data_preparation: 0.24468159675598145
run_asmooth: 1.4392952919006348
TSmap_estimator: 39.56611776351929
