data_preparation: 0.21483802795410156
run_asmooth: 1.171614646911621
TSmap_estimator: 23.06772208213806
