data_preparation: 0.21292495727539062
run_asmooth: 1.184790849685669
TSmap_estimator: 22.571440935134888
