data_preparation: 0.22706055641174316
run_asmooth: 1.1936147212982178
TSmap_estimator: 43.74163007736206
