data_preparation: 0.2160170078277588
run_asmooth: 1.0363731384277344
TSmap_estimator: 23.45033049583435
