data_preparation: 0.16554784774780273
run_asmooth: 0.7911298274993896
TSmap_estimator: 24.387962579727173
