data_preparation: 0.21168136596679688
run_asmooth: 1.1961748600006104
TSmap_estimator: 24.465670108795166
