data_preparation: 0.1693434715270996
run_asmooth: 0.7251131534576416
TSmap_estimator: 26.460524559020996
