data_preparation: 0.23031330108642578
run_asmooth: 1.2317194938659668
TSmap_estimator: 23.147103548049927
