data_preparation: 0.16922664642333984
run_asmooth: 0.7185139656066895
TSmap_estimator: 22.368704557418823
