data_preparation: 0.2098848819732666
run_asmooth: 1.1549947261810303
TSmap_estimator: 24.852068662643433
