data_preparation: 0.16861963272094727
run_asmooth: 0.7250139713287354
TSmap_estimator: 26.272239685058594
