data_preparation: 0.15909981727600098
run_asmooth: 0.726691722869873
TSmap_estimator: 20.98212456703186
