data_preparation: 0.16658329963684082
run_asmooth: 0.6907079219818115
TSmap_estimator: 30.912627458572388
