data_preparation: 0.17069220542907715
run_asmooth: 0.736682653427124
TSmap_estimator: 26.006022930145264
