data_preparation: 0.21352791786193848
run_asmooth: 0.9704132080078125
TSmap_estimator: 22.755199193954468
