data_preparation: 0.20583057403564453
run_asmooth: 1.117145299911499
TSmap_estimator: 23.136110544204712
