data_preparation: 0.1681201457977295
run_asmooth: 0.6886928081512451
TSmap_estimator: 30.639633655548096
