data_preparation: 0.16525673866271973
run_asmooth: 0.6779544353485107
TSmap_estimator: 31.34123158454895
