data_preparation: 0.21344280242919922
run_asmooth: 1.2378504276275635
TSmap_estimator: 23.876559257507324
