data_preparation: 0.17463016510009766
run_asmooth: 0.7343640327453613
TSmap_estimator: 29.37501049041748
