data_preparation: 0.25803160667419434
run_asmooth: 1.313204050064087
TSmap_estimator: 26.94031000137329
