data_preparation: 0.17137670516967773
run_asmooth: 0.727590799331665
TSmap_estimator: 31.647470951080322
