data_preparation: 0.1704723834991455
run_asmooth: 0.6894285678863525
TSmap_estimator: 27.82365846633911
