data_preparation: 0.276611328125
run_asmooth: 1.3988990783691406
TSmap_estimator: 35.983195543289185
