data_preparation: 0.21094632148742676
run_asmooth: 1.1360089778900146
TSmap_estimator: 23.58257246017456
