data_preparation: 0.20307111740112305
run_asmooth: 1.0839617252349854
TSmap_estimator: 24.51003122329712
