data_preparation: 0.21612930297851562
run_asmooth: 1.0352718830108643
TSmap_estimator: 23.35106134414673
