data_preparation: 0.21221303939819336
run_asmooth: 1.1215012073516846
TSmap_estimator: 23.27894949913025
