data_preparation: 0.16588044166564941
run_asmooth: 0.7724368572235107
TSmap_estimator: 26.564831018447876
