data_preparation: 0.16598176956176758
run_asmooth: 0.8159787654876709
TSmap_estimator: 24.677558660507202
