data_preparation: 0.1604776382446289
run_asmooth: 0.6814112663269043
TSmap_estimator: 21.77741289138794
