data_preparation: 0.21536469459533691
run_asmooth: 1.2157716751098633
TSmap_estimator: 23.71501111984253
