data_preparation: 0.2087535858154297
run_asmooth: 1.1423439979553223
TSmap_estimator: 24.066750049591064
