data_preparation: 0.17313933372497559
run_asmooth: 0.7286603450775146
TSmap_estimator: 31.086400985717773
