data_preparation: 0.2164769172668457
run_asmooth: 1.196946382522583
TSmap_estimator: 27.319523572921753
