data_preparation: 0.21461987495422363
run_asmooth: 1.2296719551086426
TSmap_estimator: 25.007073402404785
