data_preparation: 0.17374229431152344
run_asmooth: 0.703092098236084
TSmap_estimator: 27.987065076828003
