data_preparation: 0.1730809211730957
run_asmooth: 0.7283976078033447
TSmap_estimator: 31.17859649658203
