data_preparation: 0.15680932998657227
run_asmooth: 0.7317767143249512
TSmap_estimator: 26.506582736968994
