data_preparation: 0.15569591522216797
run_asmooth: 0.7039031982421875
TSmap_estimator: 25.985090017318726
