data_preparation: 0.23897743225097656
run_asmooth: 1.396646499633789
TSmap_estimator: 40.71357750892639
