data_preparation: 0.2515296936035156
run_asmooth: 1.3325004577636719
TSmap_estimator: 27.824313640594482
