data_preparation: 0.2290055751800537
run_asmooth: 1.2229979038238525
TSmap_estimator: 41.4753258228302
