data_preparation: 0.2508273124694824
run_asmooth: 1.3935871124267578
TSmap_estimator: 28.572344303131104
