data_preparation: 0.21984052658081055
run_asmooth: 1.1041414737701416
TSmap_estimator: 23.88058638572693
