data_preparation: 0.22860360145568848
run_asmooth: 1.2382183074951172
TSmap_estimator: 42.67408061027527
