data_preparation: 0.1668550968170166
run_asmooth: 0.7029056549072266
TSmap_estimator: 31.28615117073059
