data_preparation: 0.23141956329345703
run_asmooth: 1.2137596607208252
TSmap_estimator: 24.195625066757202
