data_preparation: 0.23253440856933594
run_asmooth: 1.028522253036499
TSmap_estimator: 23.823882818222046
