data_preparation: 0.26600003242492676
run_asmooth: 1.4116380214691162
TSmap_estimator: 27.424378871917725
