data_preparation: 0.24429869651794434
run_asmooth: 1.4797277450561523
TSmap_estimator: 26.627104997634888
