data_preparation: 0.24030113220214844
run_asmooth: 1.1888041496276855
TSmap_estimator: 31.984078407287598
