data_preparation: 0.27336931228637695
run_asmooth: 1.346388339996338
TSmap_estimator: 29.258456230163574
