data_preparation: 0.15987896919250488
run_asmooth: 0.7035253047943115
TSmap_estimator: 19.66333031654358
