data_preparation: 0.20744037628173828
run_asmooth: 1.1147031784057617
TSmap_estimator: 23.496747493743896
