data_preparation: 0.2687265872955322
run_asmooth: 1.510878086090088
TSmap_estimator: 36.53754210472107
