data_preparation: 0.2691383361816406
run_asmooth: 1.422149658203125
TSmap_estimator: 28.40453553199768
