data_preparation: 0.24506926536560059
run_asmooth: 1.3322093486785889
TSmap_estimator: 34.98445749282837
