data_preparation: 0.1637425422668457
run_asmooth: 0.676389217376709
TSmap_estimator: 22.027329921722412
