data_preparation: 0.16258835792541504
run_asmooth: 0.7517881393432617
TSmap_estimator: 27.125403881072998
