data_preparation: 0.21244406700134277
run_asmooth: 1.155482530593872
TSmap_estimator: 23.562598943710327
