data_preparation: 0.17084741592407227
run_asmooth: 0.7048261165618896
TSmap_estimator: 31.014448165893555
