data_preparation: 0.2135307788848877
run_asmooth: 1.1806323528289795
TSmap_estimator: 22.88593554496765
