data_preparation: 0.2665231227874756
run_asmooth: 0.7116971015930176
TSmap_estimator: 27.422966718673706
