data_preparation: 0.16356229782104492
run_asmooth: 0.674628734588623
TSmap_estimator: 31.345649242401123
