data_preparation: 0.27881836891174316
run_asmooth: 1.477041482925415
TSmap_estimator: 28.901824712753296
