data_preparation: 0.20815062522888184
run_asmooth: 1.169996738433838
TSmap_estimator: 22.03901219367981
