data_preparation: 0.2584998607635498
run_asmooth: 1.5861642360687256
TSmap_estimator: 67.1156895160675
