data_preparation: 0.15262889862060547
run_asmooth: 0.7046711444854736
TSmap_estimator: 19.39722752571106
