data_preparation: 0.26341724395751953
run_asmooth: 1.3175580501556396
TSmap_estimator: 50.784775733947754
