data_preparation: 0.16951489448547363
run_asmooth: 0.7403626441955566
TSmap_estimator: 29.945489645004272
