data_preparation: 0.1691272258758545
run_asmooth: 0.694145917892456
TSmap_estimator: 31.293888330459595
