data_preparation: 0.15712666511535645
run_asmooth: 0.6923644542694092
TSmap_estimator: 20.936253309249878
