data_preparation: 0.17259979248046875
run_asmooth: 0.7202370166778564
TSmap_estimator: 28.034659147262573
