data_preparation: 0.22948765754699707
run_asmooth: 1.2423651218414307
TSmap_estimator: 25.67498755455017
