data_preparation: 0.22561240196228027
run_asmooth: 1.1601049900054932
TSmap_estimator: 23.725995779037476
