data_preparation: 0.23090600967407227
run_asmooth: 1.3191471099853516
TSmap_estimator: 35.12576174736023
