data_preparation: 0.2641162872314453
run_asmooth: 1.326279878616333
TSmap_estimator: 28.357932806015015
