data_preparation: 0.2238481044769287
run_asmooth: 1.3197312355041504
TSmap_estimator: 35.770020961761475
