data_preparation: 0.17171859741210938
run_asmooth: 0.7507007122039795
TSmap_estimator: 30.002305507659912
