data_preparation: 0.2576770782470703
run_asmooth: 1.4543685913085938
TSmap_estimator: 36.641395807266235
