data_preparation: 0.1735365390777588
run_asmooth: 0.7245831489562988
TSmap_estimator: 25.921923637390137
