data_preparation: 0.1559433937072754
run_asmooth: 0.703031063079834
TSmap_estimator: 25.6578266620636
