data_preparation: 0.23846149444580078
run_asmooth: 1.1531500816345215
TSmap_estimator: 18.687447786331177
