data_preparation: 0.16556978225708008
run_asmooth: 0.6690046787261963
TSmap_estimator: 31.6352698802948
