data_preparation: 0.21016597747802734
run_asmooth: 1.1434316635131836
TSmap_estimator: 23.80890941619873
