data_preparation: 0.2859525680541992
run_asmooth: 1.3239147663116455
TSmap_estimator: 22.22126340866089
