data_preparation: 0.15270400047302246
run_asmooth: 0.704033374786377
TSmap_estimator: 26.00008201599121
