data_preparation: 0.16539573669433594
run_asmooth: 0.6924571990966797
TSmap_estimator: 30.987815380096436
