data_preparation: 0.2160196304321289
run_asmooth: 1.2479941844940186
TSmap_estimator: 25.01516580581665
