data_preparation: 0.16858124732971191
run_asmooth: 0.6801161766052246
TSmap_estimator: 30.987051725387573
