data_preparation: 0.20732808113098145
run_asmooth: 1.1579375267028809
TSmap_estimator: 23.353049516677856
