data_preparation: 0.1556684970855713
run_asmooth: 0.7256801128387451
TSmap_estimator: 19.33464479446411
