data_preparation: 0.20932722091674805
run_asmooth: 1.134237289428711
TSmap_estimator: 23.25115180015564
