data_preparation: 0.2391490936279297
run_asmooth: 1.1800355911254883
TSmap_estimator: 20.188488483428955
