data_preparation: 0.25100207328796387
run_asmooth: 1.3484609127044678
TSmap_estimator: 28.270033836364746
