data_preparation: 0.2880418300628662
run_asmooth: 1.3963029384613037
TSmap_estimator: 28.47528338432312
