data_preparation: 0.1654496192932129
run_asmooth: 0.6930086612701416
TSmap_estimator: 22.021888732910156
