data_preparation: 0.21007370948791504
run_asmooth: 1.155921220779419
TSmap_estimator: 23.803959131240845
