data_preparation: 0.34870386123657227
run_asmooth: 1.645172119140625
TSmap_estimator: 43.53682589530945
