data_preparation: 0.15859556198120117
run_asmooth: 0.728994607925415
TSmap_estimator: 20.9652099609375
