data_preparation: 0.1593024730682373
run_asmooth: 0.7285487651824951
TSmap_estimator: 26.381967306137085
