data_preparation: 0.23085761070251465
run_asmooth: 1.399338722229004
TSmap_estimator: 37.75921559333801
