data_preparation: 0.21163034439086914
run_asmooth: 1.2302725315093994
TSmap_estimator: 24.399829149246216
