data_preparation: 0.15588068962097168
run_asmooth: 0.689507246017456
TSmap_estimator: 20.518782138824463
