data_preparation: 0.21917271614074707
run_asmooth: 1.0628764629364014
TSmap_estimator: 26.317131519317627
