data_preparation: 0.16050338745117188
run_asmooth: 0.6822695732116699
TSmap_estimator: 21.944743871688843
