data_preparation: 0.21103334426879883
run_asmooth: 1.1266064643859863
TSmap_estimator: 26.207439184188843
