data_preparation: 0.16501951217651367
run_asmooth: 0.7576637268066406
TSmap_estimator: 26.47212862968445
