data_preparation: 0.22124528884887695
run_asmooth: 1.219557285308838
TSmap_estimator: 25.34516978263855
