data_preparation: 0.15435242652893066
run_asmooth: 0.7039625644683838
TSmap_estimator: 25.865654706954956
