data_preparation: 0.2748689651489258
run_asmooth: 1.8095064163208008
TSmap_estimator: 40.61516356468201
