data_preparation: 0.16564488410949707
run_asmooth: 0.707517147064209
TSmap_estimator: 25.881012201309204
