data_preparation: 0.2946009635925293
run_asmooth: 1.4646360874176025
TSmap_estimator: 36.058387756347656
