data_preparation: 0.16462373733520508
run_asmooth: 0.6925599575042725
TSmap_estimator: 31.514246463775635
