data_preparation: 0.21638083457946777
run_asmooth: 1.0909857749938965
TSmap_estimator: 23.905022859573364
