data_preparation: 0.34380578994750977
run_asmooth: 1.3182063102722168
TSmap_estimator: 31.341758728027344
