data_preparation: 0.16337180137634277
run_asmooth: 0.6995055675506592
TSmap_estimator: 21.852625846862793
