data_preparation: 0.16711664199829102
run_asmooth: 0.7277941703796387
TSmap_estimator: 25.816179037094116
