data_preparation: 0.16390180587768555
run_asmooth: 0.7784457206726074
TSmap_estimator: 23.955997943878174
