data_preparation: 0.2660086154937744
run_asmooth: 1.3180131912231445
TSmap_estimator: 28.504854679107666
