data_preparation: 0.16904401779174805
run_asmooth: 0.7099833488464355
TSmap_estimator: 31.38348078727722
