data_preparation: 0.22204995155334473
run_asmooth: 1.3130731582641602
TSmap_estimator: 25.809111833572388
