data_preparation: 0.16934967041015625
run_asmooth: 0.6931228637695312
TSmap_estimator: 30.7800714969635
