data_preparation: 0.17328596115112305
run_asmooth: 0.7304472923278809
TSmap_estimator: 26.264811754226685
