data_preparation: 0.1716296672821045
run_asmooth: 0.7570419311523438
TSmap_estimator: 30.01976728439331
