data_preparation: 0.26201319694519043
run_asmooth: 1.3329367637634277
TSmap_estimator: 48.03381276130676
