data_preparation: 0.16509699821472168
run_asmooth: 0.6766445636749268
TSmap_estimator: 30.805992126464844
