data_preparation: 0.16449832916259766
run_asmooth: 0.68782639503479
TSmap_estimator: 31.015052318572998
