data_preparation: 0.16612982749938965
run_asmooth: 0.7012345790863037
TSmap_estimator: 25.590312004089355
