data_preparation: 0.16351318359375
run_asmooth: 0.6845009326934814
TSmap_estimator: 22.09376311302185
