data_preparation: 0.23145127296447754
run_asmooth: 1.2207717895507812
TSmap_estimator: 25.369767904281616
