data_preparation: 0.16421961784362793
run_asmooth: 0.6849255561828613
TSmap_estimator: 22.177675485610962
