data_preparation: 0.23532438278198242
run_asmooth: 1.2329366207122803
TSmap_estimator: 26.137250900268555
