data_preparation: 0.16593003273010254
run_asmooth: 0.6982479095458984
TSmap_estimator: 22.40218496322632
