data_preparation: 0.2362537384033203
run_asmooth: 1.2266557216644287
TSmap_estimator: 23.106539726257324
