data_preparation: 0.2561335563659668
run_asmooth: 1.3160831928253174
TSmap_estimator: 19.160632133483887
