data_preparation: 0.28511857986450195
run_asmooth: 1.2870166301727295
TSmap_estimator: 40.42536449432373
