data_preparation: 0.1664416790008545
run_asmooth: 0.6792383193969727
TSmap_estimator: 27.767043352127075
