data_preparation: 0.16834354400634766
run_asmooth: 0.7283663749694824
TSmap_estimator: 29.63496732711792
