data_preparation: 0.16130709648132324
run_asmooth: 0.6784374713897705
TSmap_estimator: 22.025752305984497
