data_preparation: 0.1877608299255371
run_asmooth: 1.15964937210083
TSmap_estimator: 23.071362018585205
