data_preparation: 0.1610870361328125
run_asmooth: 0.6913356781005859
TSmap_estimator: 22.096944332122803
