data_preparation: 0.2954075336456299
run_asmooth: 1.498457670211792
TSmap_estimator: 30.482536792755127
