data_preparation: 0.15257525444030762
run_asmooth: 0.704049825668335
TSmap_estimator: 25.547545194625854
