data_preparation: 0.16373038291931152
run_asmooth: 0.6883029937744141
TSmap_estimator: 30.74600100517273
