data_preparation: 0.16952157020568848
run_asmooth: 0.706031084060669
TSmap_estimator: 32.225465297698975
