data_preparation: 0.2180936336517334
run_asmooth: 1.2908453941345215
TSmap_estimator: 23.792182683944702
