data_preparation: 0.1681375503540039
run_asmooth: 0.7150065898895264
TSmap_estimator: 31.480994701385498
