data_preparation: 0.16609644889831543
run_asmooth: 0.6923701763153076
TSmap_estimator: 31.142685413360596
