data_preparation: 0.16453194618225098
run_asmooth: 0.800987958908081
TSmap_estimator: 24.48170566558838
