data_preparation: 0.21635222434997559
run_asmooth: 1.2278201580047607
TSmap_estimator: 36.13096475601196
