data_preparation: 0.16823649406433105
run_asmooth: 0.6759986877441406
TSmap_estimator: 22.031936407089233
