data_preparation: 0.27292418479919434
run_asmooth: 1.5418484210968018
TSmap_estimator: 38.10822319984436
