data_preparation: 0.2656118869781494
run_asmooth: 0.985558032989502
TSmap_estimator: 26.067319869995117
