data_preparation: 0.1652834415435791
run_asmooth: 0.6876616477966309
TSmap_estimator: 31.43352460861206
