data_preparation: 0.167161226272583
run_asmooth: 0.6979720592498779
TSmap_estimator: 31.017271757125854
