data_preparation: 0.1686415672302246
run_asmooth: 0.7079050540924072
TSmap_estimator: 26.32906436920166
