data_preparation: 0.21916770935058594
run_asmooth: 1.1526963710784912
TSmap_estimator: 23.726571321487427
