data_preparation: 0.16577553749084473
run_asmooth: 0.7003810405731201
TSmap_estimator: 22.067594289779663
