data_preparation: 0.2412724494934082
run_asmooth: 1.2326054573059082
TSmap_estimator: 18.695345163345337
