data_preparation: 0.16745448112487793
run_asmooth: 0.6925978660583496
TSmap_estimator: 31.041078805923462
