data_preparation: 0.2787299156188965
run_asmooth: 1.3741679191589355
TSmap_estimator: 28.113168001174927
