data_preparation: 0.16644763946533203
run_asmooth: 0.70871901512146
TSmap_estimator: 25.737426042556763
