data_preparation: 0.24990034103393555
run_asmooth: 1.167236089706421
TSmap_estimator: 20.625175952911377
