data_preparation: 0.2695345878601074
run_asmooth: 1.3093550205230713
TSmap_estimator: 25.565004110336304
