data_preparation: 0.15731024742126465
run_asmooth: 0.7224752902984619
TSmap_estimator: 26.41254687309265
