data_preparation: 0.21670794486999512
run_asmooth: 1.195209264755249
TSmap_estimator: 26.629923105239868
