data_preparation: 0.2883720397949219
run_asmooth: 1.4285633563995361
TSmap_estimator: 34.89126229286194
