data_preparation: 0.21601438522338867
run_asmooth: 1.2739903926849365
TSmap_estimator: 27.08745837211609
