data_preparation: 0.27835750579833984
run_asmooth: 1.350287914276123
TSmap_estimator: 29.452545166015625
