data_preparation: 0.1618354320526123
run_asmooth: 0.6784985065460205
TSmap_estimator: 22.151310443878174
