data_preparation: 0.16931533813476562
run_asmooth: 0.7268714904785156
TSmap_estimator: 29.21384048461914
