data_preparation: 0.15549850463867188
run_asmooth: 0.7039895057678223
TSmap_estimator: 26.085301637649536
