data_preparation: 0.16721034049987793
run_asmooth: 0.6862390041351318
TSmap_estimator: 31.03907823562622
