data_preparation: 0.16620683670043945
run_asmooth: 0.7042303085327148
TSmap_estimator: 25.75500178337097
