data_preparation: 0.16711950302124023
run_asmooth: 0.7099671363830566
TSmap_estimator: 22.239760160446167
