data_preparation: 0.2552652359008789
run_asmooth: 1.4861071109771729
TSmap_estimator: 36.9727463722229
