data_preparation: 0.15703463554382324
run_asmooth: 0.7196173667907715
TSmap_estimator: 26.51618242263794
