data_preparation: 0.1560213565826416
run_asmooth: 0.7248163223266602
TSmap_estimator: 26.263256311416626
