data_preparation: 0.1878516674041748
run_asmooth: 1.1082942485809326
TSmap_estimator: 22.33969497680664
