data_preparation: 0.16207003593444824
run_asmooth: 0.7469804286956787
TSmap_estimator: 21.49346947669983
