data_preparation: 0.16591858863830566
run_asmooth: 0.6692626476287842
TSmap_estimator: 30.7767596244812
