data_preparation: 0.21120285987854004
run_asmooth: 1.2036974430084229
TSmap_estimator: 24.44385814666748
