data_preparation: 0.1668565273284912
run_asmooth: 0.7208242416381836
TSmap_estimator: 26.43592596054077
