data_preparation: 0.16901874542236328
run_asmooth: 0.7069275379180908
TSmap_estimator: 22.230406045913696
