data_preparation: 0.16260409355163574
run_asmooth: 0.6867802143096924
TSmap_estimator: 22.090637683868408
