data_preparation: 0.16092157363891602
run_asmooth: 0.6849348545074463
TSmap_estimator: 22.230442762374878
