data_preparation: 0.15374183654785156
run_asmooth: 0.7279460430145264
TSmap_estimator: 26.453115701675415
