data_preparation: 0.16808199882507324
run_asmooth: 0.6979522705078125
TSmap_estimator: 30.92219305038452
