data_preparation: 0.22974419593811035
run_asmooth: 1.1773262023925781
TSmap_estimator: 24.718125820159912
