data_preparation: 0.28066515922546387
run_asmooth: 1.3806965351104736
TSmap_estimator: 35.09821891784668
