data_preparation: 0.21432924270629883
run_asmooth: 1.030663013458252
TSmap_estimator: 23.754560232162476
