data_preparation: 0.24966979026794434
run_asmooth: 1.528836965560913
TSmap_estimator: 37.45311117172241
