data_preparation: 0.25600242614746094
run_asmooth: 1.5688495635986328
TSmap_estimator: 67.41564440727234
