data_preparation: 0.2642652988433838
run_asmooth: 1.2893719673156738
TSmap_estimator: 28.218008041381836
