data_preparation: 0.16887283325195312
run_asmooth: 0.703972339630127
TSmap_estimator: 22.529379844665527
