data_preparation: 0.28606200218200684
run_asmooth: 1.6507055759429932
TSmap_estimator: 39.216707944869995
