data_preparation: 0.16758155822753906
run_asmooth: 0.6876108646392822
TSmap_estimator: 27.845848560333252
