data_preparation: 0.3069882392883301
run_asmooth: 1.8057570457458496
TSmap_estimator: 54.691577672958374
