data_preparation: 0.16224932670593262
run_asmooth: 0.6845664978027344
TSmap_estimator: 22.094027757644653
