data_preparation: 0.21544814109802246
run_asmooth: 1.3082084655761719
TSmap_estimator: 23.74646282196045
