data_preparation: 0.1828477382659912
run_asmooth: 0.7017982006072998
TSmap_estimator: 21.251439809799194
