data_preparation: 0.16615033149719238
run_asmooth: 0.6711876392364502
TSmap_estimator: 27.37155842781067
