data_preparation: 0.17165112495422363
run_asmooth: 0.7412416934967041
TSmap_estimator: 28.957520961761475
