data_preparation: 0.1571674346923828
run_asmooth: 0.736335277557373
TSmap_estimator: 21.201008319854736
