data_preparation: 0.24740076065063477
run_asmooth: 1.2844984531402588
TSmap_estimator: 49.12990880012512
