data_preparation: 0.17487645149230957
run_asmooth: 0.7127170562744141
TSmap_estimator: 20.85543131828308
