data_preparation: 0.1707627773284912
run_asmooth: 0.7306299209594727
TSmap_estimator: 26.995055198669434
