data_preparation: 0.23186063766479492
run_asmooth: 1.2181169986724854
TSmap_estimator: 29.084819078445435
