data_preparation: 0.27614927291870117
run_asmooth: 1.4206511974334717
TSmap_estimator: 37.659870624542236
