data_preparation: 0.20838236808776855
run_asmooth: 1.0911533832550049
TSmap_estimator: 22.508378505706787
