data_preparation: 0.17118120193481445
run_asmooth: 0.7327401638031006
TSmap_estimator: 30.03877329826355
