data_preparation: 0.16468358039855957
run_asmooth: 0.6841394901275635
TSmap_estimator: 30.917776584625244
