data_preparation: 0.1611011028289795
run_asmooth: 0.6839427947998047
TSmap_estimator: 21.926122903823853
