data_preparation: 0.2704122066497803
run_asmooth: 1.4576854705810547
TSmap_estimator: 41.837934732437134
