data_preparation: 0.2735171318054199
run_asmooth: 1.3996307849884033
TSmap_estimator: 45.2121479511261
