data_preparation: 0.15446233749389648
run_asmooth: 0.7250311374664307
TSmap_estimator: 19.368469953536987
