data_preparation: 0.1542806625366211
run_asmooth: 0.6844027042388916
TSmap_estimator: 19.820757389068604
