data_preparation: 0.3208897113800049
run_asmooth: 1.5286273956298828
TSmap_estimator: 30.459909677505493
