data_preparation: 0.16675853729248047
run_asmooth: 0.6911406517028809
TSmap_estimator: 31.76627540588379
