data_preparation: 0.16504764556884766
run_asmooth: 0.6945202350616455
TSmap_estimator: 22.203737020492554
