data_preparation: 0.2637801170349121
run_asmooth: 1.5126802921295166
TSmap_estimator: 31.52360439300537
