data_preparation: 0.16144084930419922
run_asmooth: 0.7386770248413086
TSmap_estimator: 21.146572828292847
