data_preparation: 0.1660315990447998
run_asmooth: 0.6831812858581543
TSmap_estimator: 30.499358415603638
