data_preparation: 0.23699450492858887
run_asmooth: 1.4425702095031738
TSmap_estimator: 38.52295422554016
