data_preparation: 0.21235108375549316
run_asmooth: 1.1704328060150146
TSmap_estimator: 23.6906316280365
