data_preparation: 0.21405792236328125
run_asmooth: 1.0457782745361328
TSmap_estimator: 24.317928791046143
