data_preparation: 0.2315659523010254
run_asmooth: 1.2598600387573242
TSmap_estimator: 25.03095269203186
