data_preparation: 0.2558586597442627
run_asmooth: 1.402082920074463
TSmap_estimator: 28.891108751296997
