data_preparation: 0.18998456001281738
run_asmooth: 1.1605796813964844
TSmap_estimator: 23.954508066177368
