data_preparation: 0.23844623565673828
run_asmooth: 1.1718146800994873
TSmap_estimator: 20.42688775062561
