data_preparation: 0.17826056480407715
run_asmooth: 0.7064452171325684
TSmap_estimator: 20.947611093521118
