data_preparation: 0.23548579216003418
run_asmooth: 1.406670331954956
TSmap_estimator: 37.533074617385864
