data_preparation: 0.15802717208862305
run_asmooth: 0.7083094120025635
TSmap_estimator: 20.746270895004272
