data_preparation: 0.1629500389099121
run_asmooth: 0.6899924278259277
TSmap_estimator: 21.986007928848267
