data_preparation: 0.2719399929046631
run_asmooth: 1.6356885433197021
TSmap_estimator: 40.260058641433716
