data_preparation: 0.29537487030029297
run_asmooth: 1.612323522567749
TSmap_estimator: 39.608513832092285
