data_preparation: 0.199110746383667
run_asmooth: 1.17132568359375
TSmap_estimator: 23.456055641174316
