data_preparation: 0.16678667068481445
run_asmooth: 0.7012760639190674
TSmap_estimator: 25.639087200164795
