data_preparation: 0.17115426063537598
run_asmooth: 0.7304773330688477
TSmap_estimator: 26.856749296188354
