data_preparation: 0.22869372367858887
run_asmooth: 1.2859714031219482
TSmap_estimator: 46.881101846694946
