data_preparation: 0.16332244873046875
run_asmooth: 0.6761684417724609
TSmap_estimator: 30.464139699935913
