data_preparation: 0.21404314041137695
run_asmooth: 1.0177175998687744
TSmap_estimator: 23.50293517112732
