data_preparation: 0.16917204856872559
run_asmooth: 0.697434663772583
TSmap_estimator: 27.369229078292847
