data_preparation: 0.15827035903930664
run_asmooth: 0.7170495986938477
TSmap_estimator: 26.200968503952026
