data_preparation: 0.17001104354858398
run_asmooth: 0.7119953632354736
TSmap_estimator: 31.221610069274902
