data_preparation: 0.231889009475708
run_asmooth: 1.2334957122802734
TSmap_estimator: 25.9985830783844
