data_preparation: 0.29592156410217285
run_asmooth: 1.4229156970977783
TSmap_estimator: 29.80254292488098
