data_preparation: 0.1697545051574707
run_asmooth: 0.7254817485809326
TSmap_estimator: 29.273353099822998
