data_preparation: 0.25078296661376953
run_asmooth: 1.3194427490234375
TSmap_estimator: 29.4306001663208
