data_preparation: 0.22899413108825684
run_asmooth: 1.195024013519287
TSmap_estimator: 23.352527141571045
