data_preparation: 0.17186331748962402
run_asmooth: 0.718714714050293
TSmap_estimator: 27.6169912815094
