data_preparation: 0.25454092025756836
run_asmooth: 1.4512908458709717
TSmap_estimator: 38.52907156944275
