data_preparation: 0.251392126083374
run_asmooth: 1.3918979167938232
TSmap_estimator: 30.033826112747192
