data_preparation: 0.16513514518737793
run_asmooth: 0.7134418487548828
TSmap_estimator: 22.16914677619934
