data_preparation: 0.21694207191467285
run_asmooth: 1.021240234375
TSmap_estimator: 22.916789531707764
