data_preparation: 0.16815543174743652
run_asmooth: 0.761199951171875
TSmap_estimator: 29.803844213485718
