data_preparation: 0.16003847122192383
run_asmooth: 0.7190976142883301
TSmap_estimator: 20.842219591140747
