data_preparation: 0.15205025672912598
run_asmooth: 0.6983349323272705
TSmap_estimator: 20.18361473083496
