data_preparation: 0.1787562370300293
run_asmooth: 0.7133967876434326
TSmap_estimator: 21.575588703155518
