data_preparation: 0.21306252479553223
run_asmooth: 1.2350621223449707
TSmap_estimator: 24.079787015914917
