data_preparation: 0.24649429321289062
run_asmooth: 1.3075270652770996
TSmap_estimator: 46.73131608963013
