data_preparation: 0.16668438911437988
run_asmooth: 0.6844468116760254
TSmap_estimator: 31.537892818450928
