data_preparation: 0.15648245811462402
run_asmooth: 0.6982457637786865
TSmap_estimator: 25.94706153869629
