data_preparation: 0.2536592483520508
run_asmooth: 1.2560663223266602
TSmap_estimator: 26.40475368499756
