data_preparation: 0.16682195663452148
run_asmooth: 0.6779885292053223
TSmap_estimator: 31.130403518676758
