data_preparation: 0.16107892990112305
run_asmooth: 0.713623046875
TSmap_estimator: 20.893041610717773
