data_preparation: 0.3331301212310791
run_asmooth: 1.2844383716583252
TSmap_estimator: 27.519896984100342
