data_preparation: 0.1703205108642578
run_asmooth: 0.7195963859558105
TSmap_estimator: 27.935147762298584
