data_preparation: 0.1632394790649414
run_asmooth: 0.765305757522583
TSmap_estimator: 24.39805006980896
