data_preparation: 0.16894149780273438
run_asmooth: 0.6740922927856445
TSmap_estimator: 30.675909519195557
