data_preparation: 0.27576184272766113
run_asmooth: 1.3827717304229736
TSmap_estimator: 52.24590992927551
