data_preparation: 0.26572751998901367
run_asmooth: 1.3235769271850586
TSmap_estimator: 49.61690855026245
