data_preparation: 0.20967507362365723
run_asmooth: 1.1658520698547363
TSmap_estimator: 25.991217374801636
