data_preparation: 0.16528940200805664
run_asmooth: 0.7042675018310547
TSmap_estimator: 26.036619901657104
