data_preparation: 0.17086386680603027
run_asmooth: 0.7316367626190186
TSmap_estimator: 26.964373350143433
