data_preparation: 0.17067861557006836
run_asmooth: 0.6819486618041992
TSmap_estimator: 31.39289879798889
