data_preparation: 0.2148902416229248
run_asmooth: 1.2262623310089111
TSmap_estimator: 23.919057369232178
