data_preparation: 0.2145698070526123
run_asmooth: 1.1747324466705322
TSmap_estimator: 24.50611972808838
