data_preparation: 0.1535027027130127
run_asmooth: 0.6532688140869141
TSmap_estimator: 20.985507249832153
