data_preparation: 0.1634840965270996
run_asmooth: 0.6900551319122314
TSmap_estimator: 21.871553659439087
