data_preparation: 0.16467714309692383
run_asmooth: 0.8685235977172852
TSmap_estimator: 27.141865968704224
