data_preparation: 0.24524259567260742
run_asmooth: 1.2669591903686523
TSmap_estimator: 26.76224637031555
