data_preparation: 0.21495413780212402
run_asmooth: 1.0171754360198975
TSmap_estimator: 24.002274990081787
