data_preparation: 0.15530014038085938
run_asmooth: 0.7234787940979004
TSmap_estimator: 19.91070032119751
