data_preparation: 0.24620366096496582
run_asmooth: 1.2948458194732666
TSmap_estimator: 27.977710008621216
