data_preparation: 0.15605878829956055
run_asmooth: 0.716346025466919
TSmap_estimator: 20.9518620967865
