data_preparation: 0.16590476036071777
run_asmooth: 0.7071456909179688
TSmap_estimator: 25.759098768234253
