data_preparation: 0.2426903247833252
run_asmooth: 1.455580234527588
TSmap_estimator: 38.85619258880615
