data_preparation: 0.20808124542236328
run_asmooth: 1.1793193817138672
TSmap_estimator: 23.857321739196777
