data_preparation: 0.16974639892578125
run_asmooth: 0.701866626739502
TSmap_estimator: 31.099865674972534
