data_preparation: 0.16188263893127441
run_asmooth: 0.6604440212249756
TSmap_estimator: 20.805301904678345
