data_preparation: 0.22045588493347168
run_asmooth: 1.099703073501587
TSmap_estimator: 23.992107391357422
