data_preparation: 0.21527886390686035
run_asmooth: 1.1762757301330566
TSmap_estimator: 23.00642156600952
