data_preparation: 0.16372251510620117
run_asmooth: 0.6842672824859619
TSmap_estimator: 22.12428903579712
