data_preparation: 0.26053810119628906
run_asmooth: 1.4108130931854248
TSmap_estimator: 29.60948920249939
