data_preparation: 0.27634644508361816
run_asmooth: 1.667853593826294
TSmap_estimator: 39.0239474773407
