data_preparation: 0.22247695922851562
run_asmooth: 1.0652003288269043
TSmap_estimator: 26.431227922439575
