data_preparation: 0.17392635345458984
run_asmooth: 0.7070901393890381
TSmap_estimator: 32.81663370132446
