data_preparation: 0.16862893104553223
run_asmooth: 0.6764917373657227
TSmap_estimator: 28.97376823425293
