data_preparation: 0.1664271354675293
run_asmooth: 0.693228006362915
TSmap_estimator: 30.93551230430603
