data_preparation: 0.3041646480560303
run_asmooth: 1.1969335079193115
TSmap_estimator: 27.424323558807373
