data_preparation: 0.27902698516845703
run_asmooth: 1.4068102836608887
TSmap_estimator: 35.07481336593628
