data_preparation: 0.21847271919250488
run_asmooth: 1.2541215419769287
TSmap_estimator: 40.519089221954346
