data_preparation: 0.1695094108581543
run_asmooth: 0.7307546138763428
TSmap_estimator: 29.298674821853638
