data_preparation: 0.16010737419128418
run_asmooth: 0.6721582412719727
TSmap_estimator: 21.837522506713867
