data_preparation: 0.17031645774841309
run_asmooth: 0.7149956226348877
TSmap_estimator: 31.911357164382935
