data_preparation: 0.29251742362976074
run_asmooth: 1.666513442993164
TSmap_estimator: 37.951157331466675
