data_preparation: 0.25216174125671387
run_asmooth: 1.4671425819396973
TSmap_estimator: 39.822426557540894
