data_preparation: 0.15900039672851562
run_asmooth: 0.725456714630127
TSmap_estimator: 26.377241849899292
