data_preparation: 0.17097949981689453
run_asmooth: 0.6808578968048096
TSmap_estimator: 27.94602942466736
