data_preparation: 0.17066693305969238
run_asmooth: 0.7304139137268066
TSmap_estimator: 26.462219953536987
