data_preparation: 0.21439623832702637
run_asmooth: 1.2274854183197021
TSmap_estimator: 24.07002019882202
