data_preparation: 0.1618635654449463
run_asmooth: 0.678898811340332
TSmap_estimator: 21.825263023376465
