data_preparation: 0.16631054878234863
run_asmooth: 0.7101535797119141
TSmap_estimator: 31.564199209213257
