data_preparation: 0.16449546813964844
run_asmooth: 0.7564795017242432
TSmap_estimator: 21.243857622146606
