data_preparation: 0.25315213203430176
run_asmooth: 1.3334128856658936
TSmap_estimator: 28.070454835891724
