data_preparation: 0.2749447822570801
run_asmooth: 1.503859519958496
TSmap_estimator: 26.129798650741577
