data_preparation: 0.25262022018432617
run_asmooth: 1.2691922187805176
TSmap_estimator: 27.60639524459839
