data_preparation: 0.28623223304748535
run_asmooth: 1.4353816509246826
TSmap_estimator: 27.504496812820435
