data_preparation: 0.2669243812561035
run_asmooth: 1.6170742511749268
TSmap_estimator: 39.941165924072266
