data_preparation: 0.20648956298828125
run_asmooth: 1.2071127891540527
TSmap_estimator: 24.87734842300415
