data_preparation: 0.1791222095489502
run_asmooth: 0.6996142864227295
TSmap_estimator: 31.069318056106567
