data_preparation: 0.21541309356689453
run_asmooth: 0.9584455490112305
TSmap_estimator: 22.68057870864868
