data_preparation: 0.27944207191467285
run_asmooth: 1.3466639518737793
TSmap_estimator: 30.271920919418335
