data_preparation: 0.16657614707946777
run_asmooth: 0.699862003326416
TSmap_estimator: 30.74548864364624
