data_preparation: 0.2119922637939453
run_asmooth: 1.153695821762085
TSmap_estimator: 23.591972827911377
