data_preparation: 0.15618467330932617
run_asmooth: 0.7072060108184814
TSmap_estimator: 26.16484498977661
