data_preparation: 0.20784950256347656
run_asmooth: 1.1677968502044678
TSmap_estimator: 23.01392650604248
