data_preparation: 0.16797971725463867
run_asmooth: 0.7209618091583252
TSmap_estimator: 29.34884810447693
