data_preparation: 0.1692664623260498
run_asmooth: 0.7030930519104004
TSmap_estimator: 31.148356914520264
