data_preparation: 0.21540188789367676
run_asmooth: 1.047123670578003
TSmap_estimator: 23.365485191345215
