data_preparation: 0.16600513458251953
run_asmooth: 0.7259838581085205
TSmap_estimator: 29.310731410980225
