data_preparation: 0.22600150108337402
run_asmooth: 1.1399049758911133
TSmap_estimator: 41.94434189796448
