data_preparation: 0.27521300315856934
run_asmooth: 1.3945491313934326
TSmap_estimator: 52.742713928222656
