data_preparation: 0.22625970840454102
run_asmooth: 1.1324236392974854
TSmap_estimator: 24.9736065864563
