data_preparation: 0.15336918830871582
run_asmooth: 0.7113327980041504
TSmap_estimator: 26.28506350517273
