data_preparation: 0.2094264030456543
run_asmooth: 1.166980504989624
TSmap_estimator: 23.862701177597046
