data_preparation: 0.2580111026763916
run_asmooth: 1.3393158912658691
TSmap_estimator: 36.01478028297424
