data_preparation: 0.26102566719055176
run_asmooth: 1.5078659057617188
TSmap_estimator: 56.29284119606018
