data_preparation: 0.20588469505310059
run_asmooth: 1.1594834327697754
TSmap_estimator: 21.74555015563965
