data_preparation: 0.2601296901702881
run_asmooth: 1.2826709747314453
TSmap_estimator: 41.54073786735535
