data_preparation: 0.2836160659790039
run_asmooth: 1.6355016231536865
TSmap_estimator: 41.2468523979187
