data_preparation: 0.174055814743042
run_asmooth: 0.6829392910003662
TSmap_estimator: 27.65058445930481
