data_preparation: 0.15383362770080566
run_asmooth: 0.7216997146606445
TSmap_estimator: 20.28876781463623
