data_preparation: 0.17037153244018555
run_asmooth: 0.7381227016448975
TSmap_estimator: 29.236026525497437
