data_preparation: 0.22437143325805664
run_asmooth: 1.127537727355957
TSmap_estimator: 22.736150979995728
