data_preparation: 0.22679519653320312
run_asmooth: 1.1883678436279297
TSmap_estimator: 23.593478441238403
