data_preparation: 0.20819091796875
run_asmooth: 1.116793155670166
TSmap_estimator: 39.12590551376343
