data_preparation: 0.3052206039428711
run_asmooth: 1.681337594985962
TSmap_estimator: 39.62911415100098
