data_preparation: 0.1547379493713379
run_asmooth: 0.7038302421569824
TSmap_estimator: 19.1101655960083
