data_preparation: 0.1717967987060547
run_asmooth: 0.7128841876983643
TSmap_estimator: 27.60978889465332
