data_preparation: 0.17205190658569336
run_asmooth: 0.7070295810699463
TSmap_estimator: 32.580220222473145
