data_preparation: 0.21252703666687012
run_asmooth: 1.180405855178833
TSmap_estimator: 24.127607107162476
