data_preparation: 0.1640937328338623
run_asmooth: 0.7557783126831055
TSmap_estimator: 27.23315954208374
