data_preparation: 0.1678013801574707
run_asmooth: 0.7114324569702148
TSmap_estimator: 30.935829401016235
