data_preparation: 0.16801786422729492
run_asmooth: 0.7131471633911133
TSmap_estimator: 30.413069009780884
