data_preparation: 0.23642873764038086
run_asmooth: 1.2423570156097412
TSmap_estimator: 23.741028547286987
