data_preparation: 0.30800604820251465
run_asmooth: 1.585416555404663
TSmap_estimator: 30.944108963012695
