data_preparation: 0.2799818515777588
run_asmooth: 1.4259841442108154
TSmap_estimator: 36.31322908401489
