data_preparation: 0.17554068565368652
run_asmooth: 0.71256422996521
TSmap_estimator: 21.37736487388611
