data_preparation: 0.16911792755126953
run_asmooth: 0.7288947105407715
TSmap_estimator: 31.644376516342163
