data_preparation: 0.24648690223693848
run_asmooth: 1.2429256439208984
TSmap_estimator: 42.705339431762695
