data_preparation: 0.2766597270965576
run_asmooth: 1.6675050258636475
TSmap_estimator: 69.51684880256653
