data_preparation: 0.16620254516601562
run_asmooth: 0.7037169933319092
TSmap_estimator: 22.183213710784912
