data_preparation: 0.24480628967285156
run_asmooth: 1.3443303108215332
TSmap_estimator: 36.908570528030396
