data_preparation: 0.16869544982910156
run_asmooth: 0.6958353519439697
TSmap_estimator: 31.163577556610107
