data_preparation: 0.15304064750671387
run_asmooth: 0.7493464946746826
TSmap_estimator: 19.618570804595947
