data_preparation: 0.28946542739868164
run_asmooth: 1.3610992431640625
TSmap_estimator: 23.432374000549316
