data_preparation: 0.21746087074279785
run_asmooth: 1.013357400894165
TSmap_estimator: 22.80555558204651
