data_preparation: 0.16863393783569336
run_asmooth: 0.7035300731658936
TSmap_estimator: 31.588682413101196
