data_preparation: 0.16467809677124023
run_asmooth: 0.7218396663665771
TSmap_estimator: 29.573458433151245
