data_preparation: 0.27460193634033203
run_asmooth: 1.009531021118164
TSmap_estimator: 26.256064653396606
