data_preparation: 0.1700901985168457
run_asmooth: 0.7314848899841309
TSmap_estimator: 22.459309101104736
