data_preparation: 0.1725621223449707
run_asmooth: 0.7838413715362549
TSmap_estimator: 29.518620014190674
