data_preparation: 0.25982236862182617
run_asmooth: 1.251410722732544
TSmap_estimator: 24.235942125320435
