data_preparation: 0.2723972797393799
run_asmooth: 1.3490521907806396
TSmap_estimator: 28.74446988105774
