data_preparation: 0.26207637786865234
run_asmooth: 1.3932318687438965
TSmap_estimator: 36.966102838516235
