data_preparation: 0.28560972213745117
run_asmooth: 1.4433915615081787
TSmap_estimator: 35.82837152481079
