data_preparation: 0.15789246559143066
run_asmooth: 0.7085521221160889
TSmap_estimator: 26.12934446334839
