data_preparation: 0.23192310333251953
run_asmooth: 1.2986743450164795
TSmap_estimator: 33.482513189315796
