data_preparation: 0.15636372566223145
run_asmooth: 0.7096302509307861
TSmap_estimator: 26.575854539871216
