data_preparation: 0.23927974700927734
run_asmooth: 1.1963469982147217
TSmap_estimator: 23.39074420928955
