data_preparation: 0.16649079322814941
run_asmooth: 0.7229735851287842
TSmap_estimator: 26.42613697052002
