data_preparation: 0.16096210479736328
run_asmooth: 0.7428736686706543
TSmap_estimator: 19.30123543739319
