data_preparation: 0.16312384605407715
run_asmooth: 0.6831710338592529
TSmap_estimator: 29.968919038772583
