data_preparation: 0.15808582305908203
run_asmooth: 0.7265410423278809
TSmap_estimator: 19.40009355545044
