data_preparation: 0.24836468696594238
run_asmooth: 1.5169579982757568
TSmap_estimator: 26.328816175460815
