data_preparation: 0.23754596710205078
run_asmooth: 1.205223798751831
TSmap_estimator: 26.44418716430664
