data_preparation: 0.1655890941619873
run_asmooth: 0.7113041877746582
TSmap_estimator: 26.253933668136597
