data_preparation: 0.1928730010986328
run_asmooth: 0.8539159297943115
TSmap_estimator: 25.748322010040283
