data_preparation: 0.2201077938079834
run_asmooth: 1.3078277111053467
TSmap_estimator: 25.887553930282593
