data_preparation: 0.1940600872039795
run_asmooth: 0.7104160785675049
TSmap_estimator: 19.082138299942017
