data_preparation: 0.25465846061706543
run_asmooth: 1.4670813083648682
TSmap_estimator: 37.79142761230469
