data_preparation: 0.15886211395263672
run_asmooth: 0.7166609764099121
TSmap_estimator: 20.87053346633911
