data_preparation: 0.17186689376831055
run_asmooth: 0.7579975128173828
TSmap_estimator: 32.45840072631836
