data_preparation: 0.26806163787841797
run_asmooth: 1.308452844619751
TSmap_estimator: 31.73444128036499
