data_preparation: 0.1683976650238037
run_asmooth: 0.7123668193817139
TSmap_estimator: 25.895198106765747
