data_preparation: 0.17643094062805176
run_asmooth: 0.7686300277709961
TSmap_estimator: 30.15526556968689
