data_preparation: 0.16889095306396484
run_asmooth: 0.7240958213806152
TSmap_estimator: 29.687549829483032
