data_preparation: 0.2495126724243164
run_asmooth: 1.337252140045166
TSmap_estimator: 27.43370485305786
