data_preparation: 0.29450464248657227
run_asmooth: 1.7264583110809326
TSmap_estimator: 67.13773488998413
