data_preparation: 0.2852146625518799
run_asmooth: 1.4873225688934326
TSmap_estimator: 34.91662096977234
