data_preparation: 0.15463995933532715
run_asmooth: 0.7228176593780518
TSmap_estimator: 25.66497278213501
