data_preparation: 0.28925395011901855
run_asmooth: 1.2975289821624756
TSmap_estimator: 22.045778036117554
