data_preparation: 0.16743135452270508
run_asmooth: 0.7211112976074219
TSmap_estimator: 29.712291955947876
