data_preparation: 0.21916913986206055
run_asmooth: 1.2843537330627441
TSmap_estimator: 24.91032600402832
