data_preparation: 0.1666860580444336
run_asmooth: 0.6945273876190186
TSmap_estimator: 27.705889225006104
