data_preparation: 0.16710186004638672
run_asmooth: 0.712815523147583
TSmap_estimator: 29.39601469039917
