data_preparation: 0.21273112297058105
run_asmooth: 1.1853866577148438
TSmap_estimator: 23.847745180130005
