data_preparation: 0.2800734043121338
run_asmooth: 1.1039104461669922
TSmap_estimator: 25.877538919448853
