data_preparation: 0.16131305694580078
run_asmooth: 0.7568206787109375
TSmap_estimator: 20.142359495162964
