data_preparation: 0.2794058322906494
run_asmooth: 1.5424726009368896
TSmap_estimator: 41.70699501037598
