data_preparation: 0.27454519271850586
run_asmooth: 1.3395485877990723
TSmap_estimator: 29.910332202911377
