data_preparation: 0.20256781578063965
run_asmooth: 1.122248888015747
TSmap_estimator: 22.55828046798706
