data_preparation: 0.2853057384490967
run_asmooth: 1.7499427795410156
TSmap_estimator: 59.84066438674927
