data_preparation: 0.16528081893920898
run_asmooth: 0.6967668533325195
TSmap_estimator: 25.72067141532898
