data_preparation: 0.2749462127685547
run_asmooth: 1.017174243927002
TSmap_estimator: 26.5744788646698
