data_preparation: 0.16536283493041992
run_asmooth: 0.6792030334472656
TSmap_estimator: 30.565040826797485
