data_preparation: 0.2134230136871338
run_asmooth: 1.2541930675506592
TSmap_estimator: 24.909438133239746
