data_preparation: 0.17326855659484863
run_asmooth: 0.7063393592834473
TSmap_estimator: 31.174866437911987
