data_preparation: 0.27776646614074707
run_asmooth: 1.6306777000427246
TSmap_estimator: 38.03221654891968
