data_preparation: 0.21497178077697754
run_asmooth: 1.0276455879211426
TSmap_estimator: 23.34877109527588
