data_preparation: 0.16318750381469727
run_asmooth: 0.6902873516082764
TSmap_estimator: 21.66447639465332
