data_preparation: 0.27194786071777344
run_asmooth: 1.4545307159423828
TSmap_estimator: 35.09576892852783
