data_preparation: 0.1557605266571045
run_asmooth: 0.7150418758392334
TSmap_estimator: 20.930020093917847
