data_preparation: 0.2910315990447998
run_asmooth: 1.5791785717010498
TSmap_estimator: 39.158989667892456
