data_preparation: 0.16095733642578125
run_asmooth: 0.6717047691345215
TSmap_estimator: 21.86025309562683
