data_preparation: 0.21555662155151367
run_asmooth: 1.2223777770996094
TSmap_estimator: 24.408210515975952
