data_preparation: 0.1683192253112793
run_asmooth: 0.7110247611999512
TSmap_estimator: 31.724647283554077
