data_preparation: 0.1832137107849121
run_asmooth: 0.7150607109069824
TSmap_estimator: 21.577147960662842
