data_preparation: 0.16993212699890137
run_asmooth: 0.7377359867095947
TSmap_estimator: 25.88998246192932
