data_preparation: 0.15453767776489258
run_asmooth: 0.689788818359375
TSmap_estimator: 20.6824369430542
