data_preparation: 0.17662334442138672
run_asmooth: 0.7137198448181152
TSmap_estimator: 28.114196062088013
