data_preparation: 0.15401244163513184
run_asmooth: 0.7079522609710693
TSmap_estimator: 26.138815879821777
