data_preparation: 0.1662287712097168
run_asmooth: 0.7224438190460205
TSmap_estimator: 26.297502756118774
