data_preparation: 0.21202540397644043
run_asmooth: 1.213141918182373
TSmap_estimator: 25.417606592178345
