data_preparation: 0.24302935600280762
run_asmooth: 1.269188642501831
TSmap_estimator: 47.32400059700012
