data_preparation: 0.16773581504821777
run_asmooth: 0.7253880500793457
TSmap_estimator: 25.764827013015747
