data_preparation: 0.2563505172729492
run_asmooth: 1.3231542110443115
TSmap_estimator: 26.98144507408142
