data_preparation: 0.16297221183776855
run_asmooth: 0.7330873012542725
TSmap_estimator: 20.93642520904541
