data_preparation: 0.293886661529541
run_asmooth: 1.3107671737670898
TSmap_estimator: 22.136681079864502
