data_preparation: 0.15863609313964844
run_asmooth: 0.7240755558013916
TSmap_estimator: 26.018781423568726
