data_preparation: 0.1617724895477295
run_asmooth: 0.6815938949584961
TSmap_estimator: 22.088249683380127
