data_preparation: 0.24753022193908691
run_asmooth: 1.2040743827819824
TSmap_estimator: 26.90221643447876
