data_preparation: 0.17304372787475586
run_asmooth: 0.7281990051269531
TSmap_estimator: 27.268590688705444
