data_preparation: 0.16526579856872559
run_asmooth: 0.6838247776031494
TSmap_estimator: 30.808363914489746
