data_preparation: 0.15595102310180664
run_asmooth: 0.7298736572265625
TSmap_estimator: 26.3162784576416
