data_preparation: 0.25909972190856934
run_asmooth: 1.2976367473602295
TSmap_estimator: 49.32386517524719
