data_preparation: 0.16757583618164062
run_asmooth: 0.6774380207061768
TSmap_estimator: 27.503772258758545
