data_preparation: 0.16518378257751465
run_asmooth: 0.6726412773132324
TSmap_estimator: 27.0173282623291
