data_preparation: 0.25871872901916504
run_asmooth: 1.3823001384735107
TSmap_estimator: 29.23618173599243
