data_preparation: 0.16666078567504883
run_asmooth: 0.7204515933990479
TSmap_estimator: 25.95244550704956
