data_preparation: 0.2096877098083496
run_asmooth: 1.1408884525299072
TSmap_estimator: 23.366013765335083
