data_preparation: 0.26874279975891113
run_asmooth: 1.3489556312561035
TSmap_estimator: 28.278989553451538
