data_preparation: 0.16493487358093262
run_asmooth: 0.7486686706542969
TSmap_estimator: 26.546178340911865
