data_preparation: 0.17890143394470215
run_asmooth: 0.8295564651489258
TSmap_estimator: 29.105595350265503
