data_preparation: 0.16613316535949707
run_asmooth: 0.7103877067565918
TSmap_estimator: 29.15876579284668
