data_preparation: 0.2691769599914551
run_asmooth: 1.4207029342651367
TSmap_estimator: 35.8048734664917
