data_preparation: 0.18910622596740723
run_asmooth: 1.1020152568817139
TSmap_estimator: 23.99091386795044
