data_preparation: 0.154524564743042
run_asmooth: 0.7043759822845459
TSmap_estimator: 19.319883584976196
