data_preparation: 0.16823673248291016
run_asmooth: 0.7151868343353271
TSmap_estimator: 29.602344751358032
