data_preparation: 0.21512389183044434
run_asmooth: 1.2696468830108643
TSmap_estimator: 25.583844900131226
