data_preparation: 0.1688218116760254
run_asmooth: 0.6910576820373535
TSmap_estimator: 27.11414098739624
