data_preparation: 0.20981121063232422
run_asmooth: 1.1733317375183105
TSmap_estimator: 22.27036213874817
