data_preparation: 0.15786981582641602
run_asmooth: 0.7113955020904541
TSmap_estimator: 20.985311269760132
