data_preparation: 0.15361595153808594
run_asmooth: 0.6988818645477295
TSmap_estimator: 25.742993354797363
