data_preparation: 0.2759714126586914
run_asmooth: 1.665661334991455
TSmap_estimator: 39.85793328285217
