data_preparation: 0.22233247756958008
run_asmooth: 1.1660056114196777
TSmap_estimator: 42.27887439727783
