data_preparation: 0.17475032806396484
run_asmooth: 0.7752597332000732
TSmap_estimator: 26.66815423965454
