data_preparation: 0.16735625267028809
run_asmooth: 0.7060587406158447
TSmap_estimator: 29.229607105255127
