data_preparation: 0.21952342987060547
run_asmooth: 1.0823745727539062
TSmap_estimator: 23.545325994491577
