data_preparation: 0.21593427658081055
run_asmooth: 1.2261455059051514
TSmap_estimator: 25.554832458496094
