data_preparation: 0.2908203601837158
run_asmooth: 1.5588667392730713
TSmap_estimator: 38.24318242073059
