data_preparation: 0.1667919158935547
run_asmooth: 0.7278568744659424
TSmap_estimator: 26.524844884872437
