data_preparation: 0.22877025604248047
run_asmooth: 1.2204439640045166
TSmap_estimator: 25.531907558441162
