data_preparation: 0.21933221817016602
run_asmooth: 1.0768208503723145
TSmap_estimator: 23.876885414123535
