data_preparation: 0.1544661521911621
run_asmooth: 0.7013742923736572
TSmap_estimator: 25.9066960811615
