data_preparation: 0.38266992568969727
run_asmooth: 1.7695086002349854
TSmap_estimator: 32.80094504356384
