data_preparation: 0.16713929176330566
run_asmooth: 0.7211968898773193
TSmap_estimator: 21.940152883529663
