data_preparation: 0.15205979347229004
run_asmooth: 0.7213120460510254
TSmap_estimator: 25.93910837173462
