data_preparation: 0.1918325424194336
run_asmooth: 0.7267155647277832
TSmap_estimator: 29.728445529937744
