data_preparation: 0.16847681999206543
run_asmooth: 0.7353196144104004
TSmap_estimator: 26.60615873336792
