data_preparation: 0.16582775115966797
run_asmooth: 0.719233512878418
TSmap_estimator: 26.247473001480103
