data_preparation: 0.15978193283081055
run_asmooth: 0.7255215644836426
TSmap_estimator: 26.591835021972656
