data_preparation: 0.3148820400238037
run_asmooth: 1.404052734375
TSmap_estimator: 27.90805149078369
