data_preparation: 0.21346259117126465
run_asmooth: 1.2145655155181885
TSmap_estimator: 23.820297956466675
