data_preparation: 0.16492581367492676
run_asmooth: 0.7120192050933838
TSmap_estimator: 29.47935676574707
