data_preparation: 0.1724081039428711
run_asmooth: 0.7456560134887695
TSmap_estimator: 31.897534370422363
