data_preparation: 0.168168306350708
run_asmooth: 0.6893069744110107
TSmap_estimator: 27.758331060409546
