data_preparation: 0.16733503341674805
run_asmooth: 0.9042148590087891
TSmap_estimator: 22.486493587493896
