data_preparation: 0.2276439666748047
run_asmooth: 1.2077302932739258
TSmap_estimator: 23.173850774765015
