data_preparation: 0.23023581504821777
run_asmooth: 1.2378292083740234
TSmap_estimator: 28.973076820373535
