data_preparation: 0.15764236450195312
run_asmooth: 0.7105803489685059
TSmap_estimator: 19.246904850006104
