data_preparation: 0.16206860542297363
run_asmooth: 0.688737154006958
TSmap_estimator: 21.766322135925293
