data_preparation: 0.2559535503387451
run_asmooth: 1.3046669960021973
TSmap_estimator: 30.702944040298462
