data_preparation: 0.16701030731201172
run_asmooth: 0.6989715099334717
TSmap_estimator: 31.42955708503723
