data_preparation: 0.28468871116638184
run_asmooth: 1.4109923839569092
TSmap_estimator: 30.588239669799805
