data_preparation: 0.2178514003753662
run_asmooth: 1.2322564125061035
TSmap_estimator: 25.314237356185913
