data_preparation: 0.1681351661682129
run_asmooth: 0.6874651908874512
TSmap_estimator: 27.659573554992676
