data_preparation: 0.2689683437347412
run_asmooth: 1.505826473236084
TSmap_estimator: 36.28606629371643
