data_preparation: 0.17490291595458984
run_asmooth: 0.7630863189697266
TSmap_estimator: 26.524187088012695
