data_preparation: 0.1629471778869629
run_asmooth: 0.6735875606536865
TSmap_estimator: 30.71733570098877
