data_preparation: 0.30374884605407715
run_asmooth: 1.3174347877502441
TSmap_estimator: 22.916441917419434
