data_preparation: 0.2562413215637207
run_asmooth: 1.3448913097381592
TSmap_estimator: 46.05050182342529
