data_preparation: 0.16597414016723633
run_asmooth: 0.6926848888397217
TSmap_estimator: 31.701942920684814
