data_preparation: 0.16292214393615723
run_asmooth: 0.6781888008117676
TSmap_estimator: 31.078758716583252
