data_preparation: 0.16302824020385742
run_asmooth: 0.6970243453979492
TSmap_estimator: 21.956733226776123
