data_preparation: 0.1548910140991211
run_asmooth: 0.7343869209289551
TSmap_estimator: 25.872545957565308
