data_preparation: 0.2366039752960205
run_asmooth: 1.182614803314209
TSmap_estimator: 17.952409744262695
