data_preparation: 0.16157293319702148
run_asmooth: 0.678661584854126
TSmap_estimator: 22.441783666610718
