data_preparation: 0.22231459617614746
run_asmooth: 1.1150171756744385
TSmap_estimator: 24.138588190078735
