data_preparation: 0.17135071754455566
run_asmooth: 0.6747140884399414
TSmap_estimator: 32.01326131820679
