data_preparation: 0.20913314819335938
run_asmooth: 1.157006025314331
TSmap_estimator: 23.631112575531006
