data_preparation: 0.16213274002075195
run_asmooth: 0.7438750267028809
TSmap_estimator: 26.297558546066284
