data_preparation: 0.2665431499481201
run_asmooth: 1.3327691555023193
TSmap_estimator: 29.024532318115234
