data_preparation: 0.1632366180419922
run_asmooth: 0.753575325012207
TSmap_estimator: 26.86606788635254
