data_preparation: 0.15555524826049805
run_asmooth: 0.7121326923370361
TSmap_estimator: 26.188211679458618
