data_preparation: 0.16706323623657227
run_asmooth: 0.7232043743133545
TSmap_estimator: 26.149389028549194
