data_preparation: 0.23180913925170898
run_asmooth: 1.2228279113769531
TSmap_estimator: 24.710290908813477
