data_preparation: 0.16653656959533691
run_asmooth: 0.7230465412139893
TSmap_estimator: 26.662756204605103
