data_preparation: 0.22922205924987793
run_asmooth: 1.1780998706817627
TSmap_estimator: 25.73174548149109
