data_preparation: 0.17083048820495605
run_asmooth: 0.7267322540283203
TSmap_estimator: 26.292027235031128
