data_preparation: 0.15784931182861328
run_asmooth: 0.7354843616485596
TSmap_estimator: 27.339579820632935
