data_preparation: 0.15686964988708496
run_asmooth: 0.6684424877166748
TSmap_estimator: 20.664015769958496
