data_preparation: 0.15296101570129395
run_asmooth: 0.7055249214172363
TSmap_estimator: 25.542980432510376
