data_preparation: 0.15306329727172852
run_asmooth: 0.7003211975097656
TSmap_estimator: 19.449210166931152
