data_preparation: 0.15758180618286133
run_asmooth: 0.7209231853485107
TSmap_estimator: 27.070265531539917
