data_preparation: 0.2671985626220703
run_asmooth: 1.3258295059204102
TSmap_estimator: 28.107749938964844
