data_preparation: 0.1548314094543457
run_asmooth: 0.7121143341064453
TSmap_estimator: 19.42319345474243
