data_preparation: 0.21122193336486816
run_asmooth: 1.177551031112671
TSmap_estimator: 22.509557247161865
