data_preparation: 0.2717165946960449
run_asmooth: 1.4982390403747559
TSmap_estimator: 37.22353553771973
