data_preparation: 0.21470117568969727
run_asmooth: 1.015045404434204
TSmap_estimator: 23.53268051147461
