data_preparation: 0.22410917282104492
run_asmooth: 1.185410976409912
TSmap_estimator: 43.43191313743591
