data_preparation: 0.16927099227905273
run_asmooth: 0.6979477405548096
TSmap_estimator: 31.103474140167236
