data_preparation: 0.25104665756225586
run_asmooth: 1.2556405067443848
TSmap_estimator: 25.817760467529297
