data_preparation: 0.22626924514770508
run_asmooth: 1.1651523113250732
TSmap_estimator: 23.147905588150024
