data_preparation: 0.2847757339477539
run_asmooth: 1.401012659072876
TSmap_estimator: 35.786250591278076
