data_preparation: 0.16789007186889648
run_asmooth: 0.6784782409667969
TSmap_estimator: 27.46538805961609
