data_preparation: 0.21666336059570312
run_asmooth: 1.0507228374481201
TSmap_estimator: 23.794793605804443
