data_preparation: 0.2557854652404785
run_asmooth: 1.3977792263031006
TSmap_estimator: 29.71330451965332
