data_preparation: 0.16884708404541016
run_asmooth: 0.7102804183959961
TSmap_estimator: 25.761167764663696
