data_preparation: 0.1632080078125
run_asmooth: 0.7058353424072266
TSmap_estimator: 22.217802047729492
