data_preparation: 0.20873069763183594
run_asmooth: 1.3087267875671387
TSmap_estimator: 34.36400580406189
