data_preparation: 0.16671276092529297
run_asmooth: 0.7222588062286377
TSmap_estimator: 25.64771318435669
