data_preparation: 0.1633598804473877
run_asmooth: 0.6992063522338867
TSmap_estimator: 21.997252941131592
