data_preparation: 0.15699100494384766
run_asmooth: 0.7117927074432373
TSmap_estimator: 20.790138721466064
