data_preparation: 0.20678973197937012
run_asmooth: 1.1593000888824463
TSmap_estimator: 22.658617973327637
