data_preparation: 0.21341967582702637
run_asmooth: 1.0004141330718994
TSmap_estimator: 23.56725001335144
