data_preparation: 0.2491617202758789
run_asmooth: 1.343679666519165
TSmap_estimator: 29.073404788970947
