data_preparation: 0.26650166511535645
run_asmooth: 1.547104835510254
TSmap_estimator: 39.35352110862732
