data_preparation: 0.16649651527404785
run_asmooth: 0.7082774639129639
TSmap_estimator: 29.68201780319214
