data_preparation: 0.2186734676361084
run_asmooth: 1.0127217769622803
TSmap_estimator: 22.53666067123413
