data_preparation: 0.1688394546508789
run_asmooth: 0.6891534328460693
TSmap_estimator: 26.971131563186646
