data_preparation: 0.1613776683807373
run_asmooth: 0.6871504783630371
TSmap_estimator: 21.604079723358154
