data_preparation: 0.215498685836792
run_asmooth: 1.0170633792877197
TSmap_estimator: 23.980737686157227
