data_preparation: 0.17281556129455566
run_asmooth: 0.6943783760070801
TSmap_estimator: 27.493794918060303
