data_preparation: 0.17616868019104004
run_asmooth: 0.7131242752075195
TSmap_estimator: 21.461658477783203
