data_preparation: 0.16712546348571777
run_asmooth: 0.7066762447357178
TSmap_estimator: 21.622432231903076
