data_preparation: 0.23688507080078125
run_asmooth: 1.3019073009490967
TSmap_estimator: 24.292196035385132
