data_preparation: 0.17128658294677734
run_asmooth: 0.7355012893676758
TSmap_estimator: 29.82465171813965
