data_preparation: 0.15371131896972656
run_asmooth: 0.7114148139953613
TSmap_estimator: 26.356047868728638
