data_preparation: 0.22806048393249512
run_asmooth: 1.200904369354248
TSmap_estimator: 23.38374423980713
