data_preparation: 0.1582317352294922
run_asmooth: 0.7049827575683594
TSmap_estimator: 20.64319133758545
