data_preparation: 0.2692415714263916
run_asmooth: 1.356086254119873
TSmap_estimator: 50.126495599746704
