data_preparation: 0.21152853965759277
run_asmooth: 1.1787972450256348
TSmap_estimator: 23.997033834457397
