data_preparation: 0.2572753429412842
run_asmooth: 1.3979618549346924
TSmap_estimator: 34.653266191482544
