data_preparation: 0.23423266410827637
run_asmooth: 1.2098946571350098
TSmap_estimator: 23.899971961975098
