data_preparation: 0.21069669723510742
run_asmooth: 1.2108938694000244
TSmap_estimator: 25.446290969848633
