data_preparation: 0.16438508033752441
run_asmooth: 0.7224910259246826
TSmap_estimator: 21.071802139282227
