data_preparation: 0.16165661811828613
run_asmooth: 0.6834089756011963
TSmap_estimator: 21.783640384674072
