data_preparation: 0.20890235900878906
run_asmooth: 1.235198736190796
TSmap_estimator: 24.316290616989136
