data_preparation: 0.24939465522766113
run_asmooth: 1.261831283569336
TSmap_estimator: 28.81251621246338
