data_preparation: 0.214127779006958
run_asmooth: 1.2208807468414307
TSmap_estimator: 24.809000968933105
