data_preparation: 0.2595040798187256
run_asmooth: 1.4819073677062988
TSmap_estimator: 38.321048974990845
