data_preparation: 0.24471759796142578
run_asmooth: 1.3075931072235107
TSmap_estimator: 26.54634165763855
