data_preparation: 0.1645047664642334
run_asmooth: 0.6880037784576416
TSmap_estimator: 30.490504026412964
