data_preparation: 0.17402100563049316
run_asmooth: 0.7746260166168213
TSmap_estimator: 28.344691514968872
