data_preparation: 0.2574582099914551
run_asmooth: 1.269411563873291
TSmap_estimator: 24.325127124786377
