data_preparation: 0.2859339714050293
run_asmooth: 1.4104855060577393
TSmap_estimator: 28.120843172073364
