data_preparation: 0.1689763069152832
run_asmooth: 0.7268087863922119
TSmap_estimator: 29.711767196655273
