data_preparation: 0.31749725341796875
run_asmooth: 1.5503666400909424
TSmap_estimator: 31.01182985305786
