data_preparation: 0.15940332412719727
run_asmooth: 0.6905670166015625
TSmap_estimator: 22.06908869743347
