data_preparation: 0.25237035751342773
run_asmooth: 1.343080997467041
TSmap_estimator: 47.08217000961304
