data_preparation: 0.2135622501373291
run_asmooth: 1.0153038501739502
TSmap_estimator: 23.622063159942627
