data_preparation: 0.26700258255004883
run_asmooth: 1.363724708557129
TSmap_estimator: 48.71852469444275
