data_preparation: 0.16516566276550293
run_asmooth: 0.6725351810455322
TSmap_estimator: 30.945709705352783
