data_preparation: 0.21327900886535645
run_asmooth: 1.1897132396697998
TSmap_estimator: 23.440683841705322
