data_preparation: 0.23002123832702637
run_asmooth: 1.1686596870422363
TSmap_estimator: 25.439119577407837
