data_preparation: 0.28055477142333984
run_asmooth: 1.48504638671875
TSmap_estimator: 28.922390460968018
