data_preparation: 0.2319014072418213
run_asmooth: 1.1992673873901367
TSmap_estimator: 24.291943788528442
