data_preparation: 0.22108936309814453
run_asmooth: 1.1519696712493896
TSmap_estimator: 38.06396460533142
