data_preparation: 0.30340003967285156
run_asmooth: 1.3678462505340576
TSmap_estimator: 41.538288593292236
