data_preparation: 0.15842413902282715
run_asmooth: 0.7203912734985352
TSmap_estimator: 19.20177173614502
