data_preparation: 0.1648852825164795
run_asmooth: 0.7122924327850342
TSmap_estimator: 22.094390153884888
