data_preparation: 0.21733498573303223
run_asmooth: 1.1832234859466553
TSmap_estimator: 26.57228136062622
