data_preparation: 0.2064812183380127
run_asmooth: 1.1411287784576416
TSmap_estimator: 23.10971450805664
