data_preparation: 0.29564476013183594
run_asmooth: 1.6295933723449707
TSmap_estimator: 39.199928283691406
