data_preparation: 0.1628737449645996
run_asmooth: 0.6853227615356445
TSmap_estimator: 22.194162845611572
