data_preparation: 0.16501951217651367
run_asmooth: 0.7076473236083984
TSmap_estimator: 21.79424738883972
