data_preparation: 0.2292325496673584
run_asmooth: 1.4597747325897217
TSmap_estimator: 38.51373553276062
