data_preparation: 0.29120349884033203
run_asmooth: 1.4836225509643555
TSmap_estimator: 37.909056425094604
