data_preparation: 0.2606689929962158
run_asmooth: 1.263986349105835
TSmap_estimator: 27.278194665908813
