data_preparation: 0.2442619800567627
run_asmooth: 1.2639951705932617
TSmap_estimator: 26.622243404388428
