data_preparation: 0.23199844360351562
run_asmooth: 1.2403085231781006
TSmap_estimator: 23.6556293964386
