data_preparation: 0.1556544303894043
run_asmooth: 0.7098608016967773
TSmap_estimator: 27.36785316467285
