data_preparation: 0.2721543312072754
run_asmooth: 1.3274810314178467
TSmap_estimator: 29.096116065979004
