data_preparation: 0.16080665588378906
run_asmooth: 0.6909115314483643
TSmap_estimator: 22.044519662857056
