data_preparation: 0.19035100936889648
run_asmooth: 1.1645450592041016
TSmap_estimator: 25.11390995979309
