data_preparation: 0.17112183570861816
run_asmooth: 0.6993741989135742
TSmap_estimator: 28.268633365631104
