data_preparation: 0.24780559539794922
run_asmooth: 1.4766042232513428
TSmap_estimator: 37.74034357070923
