data_preparation: 0.1648409366607666
run_asmooth: 0.6859645843505859
TSmap_estimator: 30.794650077819824
