data_preparation: 0.2999534606933594
run_asmooth: 1.4869239330291748
TSmap_estimator: 25.324490308761597
