data_preparation: 0.15557360649108887
run_asmooth: 0.7071409225463867
TSmap_estimator: 26.88446044921875
