data_preparation: 0.2843179702758789
run_asmooth: 1.5119993686676025
TSmap_estimator: 40.87424349784851
