data_preparation: 0.16736459732055664
run_asmooth: 0.71327805519104
TSmap_estimator: 29.297139644622803
