data_preparation: 0.21251392364501953
run_asmooth: 1.202223300933838
TSmap_estimator: 23.921087980270386
