data_preparation: 0.2175447940826416
run_asmooth: 1.0227646827697754
TSmap_estimator: 23.11201500892639
