data_preparation: 0.25443458557128906
run_asmooth: 1.5070617198944092
TSmap_estimator: 39.350261926651
