data_preparation: 0.2519693374633789
run_asmooth: 1.234675407409668
TSmap_estimator: 25.79783797264099
