data_preparation: 0.15580248832702637
run_asmooth: 0.7381436824798584
TSmap_estimator: 20.704384088516235
