data_preparation: 0.16476845741271973
run_asmooth: 0.6995241641998291
TSmap_estimator: 30.793729066848755
