data_preparation: 0.21658539772033691
run_asmooth: 1.0281603336334229
TSmap_estimator: 23.68426203727722
