data_preparation: 0.24744057655334473
run_asmooth: 1.3383944034576416
TSmap_estimator: 28.107248544692993
