data_preparation: 0.15347051620483398
run_asmooth: 0.7154819965362549
TSmap_estimator: 26.037012338638306
