data_preparation: 0.2153947353363037
run_asmooth: 1.2155535221099854
TSmap_estimator: 23.74750781059265
