data_preparation: 0.1567225456237793
run_asmooth: 0.8859162330627441
TSmap_estimator: 20.100950956344604
