data_preparation: 0.16811561584472656
run_asmooth: 0.683845043182373
TSmap_estimator: 27.676904916763306
