data_preparation: 0.16163945198059082
run_asmooth: 0.6929299831390381
TSmap_estimator: 22.120777130126953
