data_preparation: 0.16629314422607422
run_asmooth: 0.6688261032104492
TSmap_estimator: 30.769888401031494
