data_preparation: 0.16863155364990234
run_asmooth: 0.6871106624603271
TSmap_estimator: 30.95408821105957
