data_preparation: 0.21550774574279785
run_asmooth: 1.162653923034668
TSmap_estimator: 22.571107864379883
