data_preparation: 0.1619129180908203
run_asmooth: 0.6809759140014648
TSmap_estimator: 22.26981782913208
