data_preparation: 0.1661539077758789
run_asmooth: 0.7123856544494629
TSmap_estimator: 29.33195471763611
