data_preparation: 0.17103862762451172
run_asmooth: 1.0491478443145752
TSmap_estimator: 27.377976655960083
