data_preparation: 0.2166457176208496
run_asmooth: 1.0569720268249512
TSmap_estimator: 24.35667371749878
