data_preparation: 0.21712136268615723
run_asmooth: 1.0443224906921387
TSmap_estimator: 23.577359914779663
