data_preparation: 0.20968341827392578
run_asmooth: 1.1421833038330078
TSmap_estimator: 23.953948974609375
