data_preparation: 0.21261239051818848
run_asmooth: 1.182619571685791
TSmap_estimator: 24.235589742660522
