data_preparation: 0.16804862022399902
run_asmooth: 0.7127089500427246
TSmap_estimator: 31.21775507926941
