data_preparation: 0.27557873725891113
run_asmooth: 1.0043981075286865
TSmap_estimator: 26.094629287719727
