data_preparation: 0.23180675506591797
run_asmooth: 1.2210259437561035
TSmap_estimator: 23.892946243286133
