data_preparation: 0.26052308082580566
run_asmooth: 1.2957582473754883
TSmap_estimator: 28.046620845794678
