data_preparation: 0.2637181282043457
run_asmooth: 1.5275323390960693
TSmap_estimator: 38.19609570503235
