data_preparation: 0.23944354057312012
run_asmooth: 1.23464035987854
TSmap_estimator: 47.52749752998352
