data_preparation: 0.17187738418579102
run_asmooth: 0.7163381576538086
TSmap_estimator: 31.20240068435669
