data_preparation: 0.2801058292388916
run_asmooth: 1.4657375812530518
TSmap_estimator: 36.24103903770447
