data_preparation: 0.23082995414733887
run_asmooth: 1.3225772380828857
TSmap_estimator: 42.72898006439209
