data_preparation: 0.3013641834259033
run_asmooth: 1.8207719326019287
TSmap_estimator: 69.23075079917908
