data_preparation: 0.17357468605041504
run_asmooth: 0.7907030582427979
TSmap_estimator: 26.48569369316101
