data_preparation: 0.2661452293395996
run_asmooth: 1.4911785125732422
TSmap_estimator: 40.158475160598755
