data_preparation: 0.23064661026000977
run_asmooth: 1.2052645683288574
TSmap_estimator: 23.06860589981079
