data_preparation: 0.15505099296569824
run_asmooth: 0.7178692817687988
TSmap_estimator: 26.514010906219482
