data_preparation: 0.2506725788116455
run_asmooth: 1.339294672012329
TSmap_estimator: 26.05145812034607
