data_preparation: 0.22012686729431152
run_asmooth: 1.14841628074646
TSmap_estimator: 23.542712688446045
