data_preparation: 0.17203593254089355
run_asmooth: 0.723665714263916
TSmap_estimator: 32.814115047454834
