data_preparation: 0.13939261436462402
run_asmooth: 0.4868648052215576
TSmap_estimator: 16.630163431167603
