data_preparation: 0.21855998039245605
run_asmooth: 1.322599172592163
TSmap_estimator: 23.807284593582153
