data_preparation: 0.25013113021850586
run_asmooth: 1.2059688568115234
TSmap_estimator: 31.56312131881714
