data_preparation: 0.1654222011566162
run_asmooth: 0.8475325107574463
TSmap_estimator: 24.633891105651855
