data_preparation: 0.2500898838043213
run_asmooth: 1.3126211166381836
TSmap_estimator: 28.31913161277771
