data_preparation: 0.21650123596191406
run_asmooth: 1.2975716590881348
TSmap_estimator: 24.142519235610962
