data_preparation: 0.21660900115966797
run_asmooth: 1.1655147075653076
TSmap_estimator: 23.209357738494873
