data_preparation: 0.1639387607574463
run_asmooth: 0.6947505474090576
TSmap_estimator: 22.24547839164734
