data_preparation: 0.16210389137268066
run_asmooth: 0.6823136806488037
TSmap_estimator: 21.76003098487854
