data_preparation: 0.2883119583129883
run_asmooth: 1.5827248096466064
TSmap_estimator: 37.71376013755798
