data_preparation: 0.2505221366882324
run_asmooth: 1.3781042098999023
TSmap_estimator: 28.271345138549805
