data_preparation: 0.16551589965820312
run_asmooth: 0.6918351650238037
TSmap_estimator: 31.162256002426147
