data_preparation: 0.16095805168151855
run_asmooth: 0.7391796112060547
TSmap_estimator: 27.75222897529602
