data_preparation: 0.23447227478027344
run_asmooth: 1.0923359394073486
TSmap_estimator: 20.171031951904297
