data_preparation: 0.16496825218200684
run_asmooth: 0.7128074169158936
TSmap_estimator: 26.06076979637146
