data_preparation: 0.25835323333740234
run_asmooth: 1.2469842433929443
TSmap_estimator: 26.682465076446533
