data_preparation: 0.25785112380981445
run_asmooth: 1.5028748512268066
TSmap_estimator: 36.442018270492554
