data_preparation: 0.16554546356201172
run_asmooth: 0.805647611618042
TSmap_estimator: 24.377593278884888
