data_preparation: 0.15218710899353027
run_asmooth: 0.7173819541931152
TSmap_estimator: 25.952346086502075
