data_preparation: 0.2652304172515869
run_asmooth: 1.4669594764709473
TSmap_estimator: 38.50803852081299
