data_preparation: 0.15706610679626465
run_asmooth: 0.7263214588165283
TSmap_estimator: 21.493977785110474
