data_preparation: 0.23420381546020508
run_asmooth: 1.2953639030456543
TSmap_estimator: 21.90592074394226
