data_preparation: 0.17037200927734375
run_asmooth: 0.6912238597869873
TSmap_estimator: 27.79114532470703
