data_preparation: 0.16576290130615234
run_asmooth: 0.710554838180542
TSmap_estimator: 28.926684141159058
