data_preparation: 0.22078347206115723
run_asmooth: 1.189962387084961
TSmap_estimator: 23.787960290908813
