data_preparation: 0.23279666900634766
run_asmooth: 1.1644330024719238
TSmap_estimator: 24.544477701187134
