data_preparation: 0.16515731811523438
run_asmooth: 0.6758363246917725
TSmap_estimator: 31.51950216293335
