data_preparation: 0.15822410583496094
run_asmooth: 0.7161664962768555
TSmap_estimator: 20.972176551818848
