data_preparation: 0.16830945014953613
run_asmooth: 0.7233026027679443
TSmap_estimator: 22.102250337600708
