data_preparation: 0.23146700859069824
run_asmooth: 1.196298599243164
TSmap_estimator: 25.347232341766357
