data_preparation: 0.25455522537231445
run_asmooth: 1.43418288230896
TSmap_estimator: 32.01493763923645
