data_preparation: 0.26721739768981934
run_asmooth: 1.4622952938079834
TSmap_estimator: 32.17464780807495
