data_preparation: 0.1697235107421875
run_asmooth: 0.6832582950592041
TSmap_estimator: 31.021865606307983
