data_preparation: 0.16721177101135254
run_asmooth: 0.7077405452728271
TSmap_estimator: 29.586387157440186
