data_preparation: 0.2808644771575928
run_asmooth: 1.5805833339691162
TSmap_estimator: 55.041743993759155
