data_preparation: 0.2859218120574951
run_asmooth: 1.5905041694641113
TSmap_estimator: 40.01819944381714
