data_preparation: 0.15845608711242676
run_asmooth: 0.7301397323608398
TSmap_estimator: 19.436078548431396
