data_preparation: 0.15968894958496094
run_asmooth: 0.7533481121063232
TSmap_estimator: 20.978440046310425
