data_preparation: 0.16636943817138672
run_asmooth: 0.7326164245605469
TSmap_estimator: 22.45083999633789
