data_preparation: 0.16730356216430664
run_asmooth: 0.6995697021484375
TSmap_estimator: 31.447092294692993
