data_preparation: 0.2681558132171631
run_asmooth: 1.5554454326629639
TSmap_estimator: 38.72358226776123
