data_preparation: 0.21904993057250977
run_asmooth: 1.0834836959838867
TSmap_estimator: 23.513238191604614
