data_preparation: 0.17240047454833984
run_asmooth: 0.7434906959533691
TSmap_estimator: 29.897432804107666
