data_preparation: 0.2949838638305664
run_asmooth: 1.6140477657318115
TSmap_estimator: 37.866331577301025
