data_preparation: 0.23338794708251953
run_asmooth: 1.2574007511138916
TSmap_estimator: 24.672412633895874
