data_preparation: 0.16526150703430176
run_asmooth: 0.7557985782623291
TSmap_estimator: 25.293046712875366
