data_preparation: 0.24545979499816895
run_asmooth: 1.2244110107421875
TSmap_estimator: 40.318917751312256
