data_preparation: 0.28893089294433594
run_asmooth: 1.5562970638275146
TSmap_estimator: 25.076789379119873
