data_preparation: 0.2825582027435303
run_asmooth: 1.664010763168335
TSmap_estimator: 61.566656827926636
