data_preparation: 0.1652219295501709
run_asmooth: 0.701786994934082
TSmap_estimator: 31.085546493530273
