data_preparation: 0.15961027145385742
run_asmooth: 0.748542308807373
TSmap_estimator: 21.172969102859497
