data_preparation: 0.2823629379272461
run_asmooth: 1.6143081188201904
TSmap_estimator: 37.881088733673096
