data_preparation: 0.15134310722351074
run_asmooth: 0.6587581634521484
TSmap_estimator: 21.09822106361389
