data_preparation: 0.16274118423461914
run_asmooth: 0.6853518486022949
TSmap_estimator: 22.066716194152832
