data_preparation: 0.15700221061706543
run_asmooth: 0.7130734920501709
TSmap_estimator: 20.86249089241028
