data_preparation: 0.2829012870788574
run_asmooth: 1.4050612449645996
TSmap_estimator: 39.33529305458069
