data_preparation: 0.2720756530761719
run_asmooth: 1.3842051029205322
TSmap_estimator: 29.114084243774414
