data_preparation: 0.1724405288696289
run_asmooth: 0.7313385009765625
TSmap_estimator: 29.77713418006897
