data_preparation: 0.1535952091217041
run_asmooth: 0.7146363258361816
TSmap_estimator: 27.07539987564087
