data_preparation: 0.2511320114135742
run_asmooth: 1.396688461303711
TSmap_estimator: 29.479065418243408
