data_preparation: 0.2284383773803711
run_asmooth: 1.2232296466827393
TSmap_estimator: 43.26943278312683
