data_preparation: 0.16913914680480957
run_asmooth: 0.6911449432373047
TSmap_estimator: 32.602115869522095
