data_preparation: 0.16941332817077637
run_asmooth: 0.6929430961608887
TSmap_estimator: 31.396963834762573
