data_preparation: 0.2678248882293701
run_asmooth: 1.5676038265228271
TSmap_estimator: 41.19206428527832
