data_preparation: 0.2188401222229004
run_asmooth: 1.0782585144042969
TSmap_estimator: 24.54969334602356
