data_preparation: 0.16777396202087402
run_asmooth: 0.675800085067749
TSmap_estimator: 31.374911069869995
