data_preparation: 0.21324729919433594
run_asmooth: 1.1272377967834473
TSmap_estimator: 23.721323013305664
