data_preparation: 0.22333621978759766
run_asmooth: 1.1487493515014648
TSmap_estimator: 35.68160009384155
