data_preparation: 0.1668381690979004
run_asmooth: 0.6936471462249756
TSmap_estimator: 31.311167240142822
