data_preparation: 0.2901015281677246
run_asmooth: 1.5885627269744873
TSmap_estimator: 36.213871240615845
