data_preparation: 0.15982484817504883
run_asmooth: 0.716026782989502
TSmap_estimator: 26.3869047164917
