data_preparation: 0.16773509979248047
run_asmooth: 0.6975295543670654
TSmap_estimator: 26.26033067703247
