data_preparation: 0.2679908275604248
run_asmooth: 1.4605793952941895
TSmap_estimator: 33.292553663253784
