data_preparation: 0.16759133338928223
run_asmooth: 0.7105882167816162
TSmap_estimator: 26.141659021377563
