data_preparation: 0.17318034172058105
run_asmooth: 0.708019495010376
TSmap_estimator: 31.294097900390625
