data_preparation: 0.15773868560791016
run_asmooth: 0.6853101253509521
TSmap_estimator: 25.361660957336426
