data_preparation: 0.1535816192626953
run_asmooth: 0.7155723571777344
TSmap_estimator: 25.8940749168396
