data_preparation: 0.1613328456878662
run_asmooth: 0.6766164302825928
TSmap_estimator: 21.87258005142212
