data_preparation: 0.2463979721069336
run_asmooth: 1.3486313819885254
TSmap_estimator: 26.733739852905273
