data_preparation: 0.1654202938079834
run_asmooth: 0.7116525173187256
TSmap_estimator: 22.20720410346985
