data_preparation: 0.1725757122039795
run_asmooth: 0.7437679767608643
TSmap_estimator: 29.809199571609497
