data_preparation: 0.20964264869689941
run_asmooth: 1.147948980331421
TSmap_estimator: 38.78790640830994
