data_preparation: 0.164564847946167
run_asmooth: 0.6897056102752686
TSmap_estimator: 22.719766855239868
