data_preparation: 0.16237497329711914
run_asmooth: 0.7401332855224609
TSmap_estimator: 26.584030389785767
