data_preparation: 0.2911865711212158
run_asmooth: 0.7121231555938721
TSmap_estimator: 27.7739577293396
