data_preparation: 0.1558852195739746
run_asmooth: 0.7139129638671875
TSmap_estimator: 26.200276374816895
