data_preparation: 0.27323341369628906
run_asmooth: 1.340956687927246
TSmap_estimator: 48.90479612350464
