data_preparation: 0.25539112091064453
run_asmooth: 1.462235927581787
TSmap_estimator: 39.12780809402466
