data_preparation: 0.17586207389831543
run_asmooth: 0.7287039756774902
TSmap_estimator: 26.202000379562378
