data_preparation: 0.16459965705871582
run_asmooth: 0.7043983936309814
TSmap_estimator: 22.02753448486328
