data_preparation: 0.23038673400878906
run_asmooth: 1.3555610179901123
TSmap_estimator: 50.710755586624146
