data_preparation: 0.2773406505584717
run_asmooth: 1.4976537227630615
TSmap_estimator: 34.74183487892151
