data_preparation: 0.16715121269226074
run_asmooth: 0.8602173328399658
TSmap_estimator: 24.26119303703308
