data_preparation: 0.16338419914245605
run_asmooth: 0.6847622394561768
TSmap_estimator: 22.01320481300354
