data_preparation: 0.24463272094726562
run_asmooth: 1.327009916305542
TSmap_estimator: 28.30277395248413
