data_preparation: 0.16305899620056152
run_asmooth: 0.673041820526123
TSmap_estimator: 31.12377429008484
