data_preparation: 0.16685223579406738
run_asmooth: 0.702812671661377
TSmap_estimator: 22.07252860069275
