data_preparation: 0.1675119400024414
run_asmooth: 0.7231223583221436
TSmap_estimator: 29.20535969734192
