data_preparation: 0.16794061660766602
run_asmooth: 0.7203185558319092
TSmap_estimator: 22.28274917602539
