data_preparation: 0.21086692810058594
run_asmooth: 1.192997694015503
TSmap_estimator: 23.566415548324585
