data_preparation: 0.21349883079528809
run_asmooth: 0.9912054538726807
TSmap_estimator: 22.8903865814209
