data_preparation: 0.2283029556274414
run_asmooth: 1.2490592002868652
TSmap_estimator: 24.056224584579468
