data_preparation: 0.15626811981201172
run_asmooth: 0.7230386734008789
TSmap_estimator: 26.65581965446472
