data_preparation: 0.1707921028137207
run_asmooth: 0.7533550262451172
TSmap_estimator: 30.16096830368042
