data_preparation: 0.2095630168914795
run_asmooth: 1.1547281742095947
TSmap_estimator: 24.321649074554443
