data_preparation: 0.16352224349975586
run_asmooth: 0.6791703701019287
TSmap_estimator: 22.229018688201904
