data_preparation: 0.2606077194213867
run_asmooth: 1.2223632335662842
TSmap_estimator: 21.823053121566772
