data_preparation: 0.28765320777893066
run_asmooth: 1.7177724838256836
TSmap_estimator: 41.17539405822754
