data_preparation: 0.21014690399169922
run_asmooth: 1.2140774726867676
TSmap_estimator: 24.261943578720093
