data_preparation: 0.25463104248046875
run_asmooth: 1.2651185989379883
TSmap_estimator: 27.61115837097168
