data_preparation: 0.16991949081420898
run_asmooth: 0.709069013595581
TSmap_estimator: 31.315515756607056
