data_preparation: 0.22217369079589844
run_asmooth: 1.216888427734375
TSmap_estimator: 23.041368007659912
