data_preparation: 0.26547718048095703
run_asmooth: 0.9561400413513184
TSmap_estimator: 26.239569902420044
