data_preparation: 0.15448546409606934
run_asmooth: 0.7128989696502686
TSmap_estimator: 20.688546180725098
