data_preparation: 0.17029547691345215
run_asmooth: 0.7097165584564209
TSmap_estimator: 27.67404341697693
