data_preparation: 0.21675491333007812
run_asmooth: 1.2336883544921875
TSmap_estimator: 23.5566987991333
