data_preparation: 0.1576836109161377
run_asmooth: 0.7085549831390381
TSmap_estimator: 20.810508728027344
