data_preparation: 0.22257041931152344
run_asmooth: 1.1447131633758545
TSmap_estimator: 22.99966788291931
