data_preparation: 0.2167809009552002
run_asmooth: 1.0460929870605469
TSmap_estimator: 23.22665023803711
