data_preparation: 0.2712893486022949
run_asmooth: 1.522343397140503
TSmap_estimator: 40.213475942611694
