data_preparation: 0.15867900848388672
run_asmooth: 0.7398192882537842
TSmap_estimator: 19.366719722747803
