data_preparation: 0.16829490661621094
run_asmooth: 0.6935045719146729
TSmap_estimator: 31.194047927856445
