data_preparation: 0.27483034133911133
run_asmooth: 1.6359257698059082
TSmap_estimator: 60.99575400352478
