data_preparation: 0.2793734073638916
run_asmooth: 1.7957751750946045
TSmap_estimator: 40.79860305786133
