data_preparation: 0.2533857822418213
run_asmooth: 1.2255806922912598
TSmap_estimator: 45.73303532600403
