data_preparation: 0.16689515113830566
run_asmooth: 0.692103385925293
TSmap_estimator: 31.0236394405365
