data_preparation: 0.24883365631103516
run_asmooth: 1.3741953372955322
TSmap_estimator: 29.100727081298828
