data_preparation: 0.20723319053649902
run_asmooth: 1.0827593803405762
TSmap_estimator: 22.827940464019775
