data_preparation: 0.2874453067779541
run_asmooth: 1.6707327365875244
TSmap_estimator: 38.117231369018555
