data_preparation: 0.2660517692565918
run_asmooth: 1.3324453830718994
TSmap_estimator: 49.49939036369324
