data_preparation: 0.17049264907836914
run_asmooth: 0.7412168979644775
TSmap_estimator: 29.277793645858765
