data_preparation: 0.3582954406738281
run_asmooth: 1.3930835723876953
TSmap_estimator: 31.820924758911133
