data_preparation: 0.23479914665222168
run_asmooth: 1.5325524806976318
TSmap_estimator: 37.895275354385376
