data_preparation: 0.1613144874572754
run_asmooth: 0.7003340721130371
TSmap_estimator: 22.014750957489014
