data_preparation: 0.16262459754943848
run_asmooth: 0.6979601383209229
TSmap_estimator: 22.50035524368286
