data_preparation: 0.1770763397216797
run_asmooth: 0.6877295970916748
TSmap_estimator: 21.46598720550537
