data_preparation: 0.262279748916626
run_asmooth: 1.5090646743774414
TSmap_estimator: 38.26408100128174
