data_preparation: 0.2888607978820801
run_asmooth: 1.6215472221374512
TSmap_estimator: 38.98169445991516
