data_preparation: 0.2641866207122803
run_asmooth: 0.7079908847808838
TSmap_estimator: 27.358691215515137
