data_preparation: 0.16361784934997559
run_asmooth: 0.6912803649902344
TSmap_estimator: 22.167152643203735
