data_preparation: 0.17229557037353516
run_asmooth: 0.7103555202484131
TSmap_estimator: 31.325279235839844
