data_preparation: 0.2312633991241455
run_asmooth: 1.327333927154541
TSmap_estimator: 23.959036111831665
