data_preparation: 0.23510026931762695
run_asmooth: 1.2361886501312256
TSmap_estimator: 35.11857342720032
