data_preparation: 0.20812082290649414
run_asmooth: 1.181319236755371
TSmap_estimator: 23.281434059143066
