data_preparation: 0.38015031814575195
run_asmooth: 1.533496618270874
TSmap_estimator: 48.49746227264404
