data_preparation: 0.226759672164917
run_asmooth: 1.1517419815063477
TSmap_estimator: 23.938776969909668
