data_preparation: 0.154799222946167
run_asmooth: 0.7277407646179199
TSmap_estimator: 26.36264419555664
