data_preparation: 0.24909400939941406
run_asmooth: 1.2289090156555176
TSmap_estimator: 27.71086025238037
