data_preparation: 0.16522884368896484
run_asmooth: 0.6931130886077881
TSmap_estimator: 31.47403073310852
