data_preparation: 0.17403292655944824
run_asmooth: 0.7268533706665039
TSmap_estimator: 28.216500997543335
