data_preparation: 0.16913414001464844
run_asmooth: 0.7275872230529785
TSmap_estimator: 25.690361499786377
