data_preparation: 0.25499486923217773
run_asmooth: 1.3768179416656494
TSmap_estimator: 34.97748804092407
