data_preparation: 0.15771484375
run_asmooth: 0.740764856338501
TSmap_estimator: 25.814950227737427
