data_preparation: 0.16350531578063965
run_asmooth: 0.698706865310669
TSmap_estimator: 30.640796184539795
