data_preparation: 0.15540838241577148
run_asmooth: 0.7225427627563477
TSmap_estimator: 25.960331439971924
