data_preparation: 0.2774465084075928
run_asmooth: 1.2359788417816162
TSmap_estimator: 22.37304663658142
