data_preparation: 0.16968297958374023
run_asmooth: 0.7179269790649414
TSmap_estimator: 27.74022674560547
