data_preparation: 0.23137950897216797
run_asmooth: 1.1966462135314941
TSmap_estimator: 24.411529779434204
