data_preparation: 0.16719889640808105
run_asmooth: 0.8304979801177979
TSmap_estimator: 25.03874659538269
