data_preparation: 0.157639741897583
run_asmooth: 0.7275693416595459
TSmap_estimator: 20.835540771484375
