data_preparation: 0.1614513397216797
run_asmooth: 0.7034306526184082
TSmap_estimator: 22.04171323776245
