data_preparation: 0.16664576530456543
run_asmooth: 0.7075083255767822
TSmap_estimator: 26.082268476486206
