data_preparation: 0.2403419017791748
run_asmooth: 1.3053698539733887
TSmap_estimator: 25.746790885925293
