data_preparation: 0.21053504943847656
run_asmooth: 1.1463875770568848
TSmap_estimator: 24.789528846740723
