data_preparation: 0.1719036102294922
run_asmooth: 0.6873555183410645
TSmap_estimator: 27.645322799682617
