data_preparation: 0.21129155158996582
run_asmooth: 1.1429777145385742
TSmap_estimator: 23.081557989120483
