data_preparation: 0.29712963104248047
run_asmooth: 1.3990294933319092
TSmap_estimator: 28.733692169189453
