data_preparation: 0.15416979789733887
run_asmooth: 0.7091498374938965
TSmap_estimator: 20.851437091827393
