data_preparation: 0.1667039394378662
run_asmooth: 0.7247400283813477
TSmap_estimator: 29.47510313987732
