data_preparation: 0.17099308967590332
run_asmooth: 0.7264206409454346
TSmap_estimator: 29.88107967376709
