data_preparation: 0.22230863571166992
run_asmooth: 1.0899105072021484
TSmap_estimator: 23.83227515220642
