data_preparation: 0.1715376377105713
run_asmooth: 0.7205104827880859
TSmap_estimator: 26.221961736679077
