data_preparation: 0.17273473739624023
run_asmooth: 0.6858599185943604
TSmap_estimator: 28.507626056671143
