data_preparation: 0.16933631896972656
run_asmooth: 0.6953647136688232
TSmap_estimator: 28.90841054916382
