data_preparation: 0.16636157035827637
run_asmooth: 0.7193055152893066
TSmap_estimator: 26.20500922203064
