data_preparation: 0.17412328720092773
run_asmooth: 0.7272236347198486
TSmap_estimator: 31.514895915985107
