data_preparation: 0.16808319091796875
run_asmooth: 0.7336187362670898
TSmap_estimator: 29.748117923736572
