data_preparation: 0.1668252944946289
run_asmooth: 0.7180545330047607
TSmap_estimator: 29.304687976837158
