data_preparation: 0.16540122032165527
run_asmooth: 0.7024519443511963
TSmap_estimator: 28.305476665496826
