data_preparation: 0.2666769027709961
run_asmooth: 1.3915343284606934
TSmap_estimator: 30.213667154312134
