data_preparation: 0.2215747833251953
run_asmooth: 1.0418565273284912
TSmap_estimator: 24.05892014503479
