data_preparation: 0.21435046195983887
run_asmooth: 1.1752851009368896
TSmap_estimator: 22.812386989593506
