data_preparation: 0.1536083221435547
run_asmooth: 0.7120311260223389
TSmap_estimator: 26.06356143951416
