data_preparation: 0.1677541732788086
run_asmooth: 0.7205178737640381
TSmap_estimator: 26.26922869682312
