data_preparation: 0.2096118927001953
run_asmooth: 1.1353588104248047
TSmap_estimator: 22.43512272834778
