data_preparation: 0.22774100303649902
run_asmooth: 1.1666388511657715
TSmap_estimator: 23.786114931106567
