data_preparation: 0.16263270378112793
run_asmooth: 0.6793298721313477
TSmap_estimator: 22.43216872215271
