data_preparation: 0.2611269950866699
run_asmooth: 1.3351166248321533
TSmap_estimator: 29.538738012313843
