data_preparation: 0.22886013984680176
run_asmooth: 1.1633317470550537
TSmap_estimator: 23.769363164901733
