data_preparation: 0.16356229782104492
run_asmooth: 0.6814463138580322
TSmap_estimator: 22.23404574394226
