data_preparation: 0.2695157527923584
run_asmooth: 1.3348970413208008
TSmap_estimator: 28.921313285827637
