data_preparation: 0.15542173385620117
run_asmooth: 0.725574254989624
TSmap_estimator: 19.343591928482056
