data_preparation: 0.16977190971374512
run_asmooth: 0.7050173282623291
TSmap_estimator: 27.622498512268066
