data_preparation: 0.1528453826904297
run_asmooth: 0.7019810676574707
TSmap_estimator: 19.70299506187439
