data_preparation: 0.27793097496032715
run_asmooth: 1.4469192028045654
TSmap_estimator: 35.91912865638733
