data_preparation: 0.15067410469055176
run_asmooth: 0.7035017013549805
TSmap_estimator: 26.67120051383972
