data_preparation: 0.2342667579650879
run_asmooth: 1.3099610805511475
TSmap_estimator: 25.275571823120117
