data_preparation: 0.25035762786865234
run_asmooth: 1.2458877563476562
TSmap_estimator: 43.04686403274536
