data_preparation: 0.27384448051452637
run_asmooth: 1.3069055080413818
TSmap_estimator: 19.96134376525879
