data_preparation: 0.16939830780029297
run_asmooth: 0.693206787109375
TSmap_estimator: 30.65048861503601
