data_preparation: 0.3194100856781006
run_asmooth: 1.1894664764404297
TSmap_estimator: 29.307150840759277
