data_preparation: 0.17215251922607422
run_asmooth: 0.7272341251373291
TSmap_estimator: 26.093498706817627
