data_preparation: 0.16679787635803223
run_asmooth: 0.7250299453735352
TSmap_estimator: 26.83416223526001
