data_preparation: 0.212066650390625
run_asmooth: 1.1882288455963135
TSmap_estimator: 23.912692070007324
