data_preparation: 0.2867164611816406
run_asmooth: 1.408477544784546
TSmap_estimator: 37.06184101104736
