data_preparation: 0.3050956726074219
run_asmooth: 1.650141716003418
TSmap_estimator: 40.088555097579956
