data_preparation: 0.16888093948364258
run_asmooth: 0.7191662788391113
TSmap_estimator: 29.3254554271698
