data_preparation: 0.22067594528198242
run_asmooth: 1.1058943271636963
TSmap_estimator: 24.081942558288574
