data_preparation: 0.23453569412231445
run_asmooth: 1.2356805801391602
TSmap_estimator: 24.01151180267334
