data_preparation: 0.26224684715270996
run_asmooth: 1.290102481842041
TSmap_estimator: 27.83579444885254
