data_preparation: 0.27100443840026855
run_asmooth: 1.3957266807556152
TSmap_estimator: 29.68060064315796
