data_preparation: 0.25721144676208496
run_asmooth: 1.359679937362671
TSmap_estimator: 36.01890826225281
