data_preparation: 0.16834735870361328
run_asmooth: 0.6987838745117188
TSmap_estimator: 31.699942350387573
