data_preparation: 0.24818754196166992
run_asmooth: 1.234128713607788
TSmap_estimator: 39.08096647262573
