data_preparation: 0.21145057678222656
run_asmooth: 1.1769485473632812
TSmap_estimator: 23.099184274673462
