data_preparation: 0.1671435832977295
run_asmooth: 0.693230152130127
TSmap_estimator: 29.40994167327881
