data_preparation: 0.1653609275817871
run_asmooth: 0.6763310432434082
TSmap_estimator: 30.870041131973267
