data_preparation: 0.15606355667114258
run_asmooth: 0.7248408794403076
TSmap_estimator: 26.286895036697388
