data_preparation: 0.21555042266845703
run_asmooth: 1.1631183624267578
TSmap_estimator: 27.1462619304657
