data_preparation: 0.3215360641479492
run_asmooth: 1.6337683200836182
TSmap_estimator: 39.840816259384155
