data_preparation: 0.24072933197021484
run_asmooth: 1.4336967468261719
TSmap_estimator: 34.96319770812988
