data_preparation: 0.1670701503753662
run_asmooth: 0.7208888530731201
TSmap_estimator: 29.331205368041992
