data_preparation: 0.2186293601989746
run_asmooth: 1.062157154083252
TSmap_estimator: 24.58675980567932
