data_preparation: 0.17992281913757324
run_asmooth: 0.7911193370819092
TSmap_estimator: 30.722123384475708
