data_preparation: 0.27839207649230957
run_asmooth: 1.4230730533599854
TSmap_estimator: 38.98100519180298
