data_preparation: 0.17270231246948242
run_asmooth: 0.7374882698059082
TSmap_estimator: 29.467880725860596
