data_preparation: 0.1611328125
run_asmooth: 0.682450532913208
TSmap_estimator: 21.96968960762024
