data_preparation: 0.23701238632202148
run_asmooth: 1.1686382293701172
TSmap_estimator: 22.95523762702942
