data_preparation: 0.16293120384216309
run_asmooth: 0.7105298042297363
TSmap_estimator: 22.50516176223755
