data_preparation: 0.1683952808380127
run_asmooth: 0.7021193504333496
TSmap_estimator: 30.88938570022583
