data_preparation: 0.15611839294433594
run_asmooth: 0.7078070640563965
TSmap_estimator: 26.21747875213623
