data_preparation: 0.22549057006835938
run_asmooth: 1.1411352157592773
TSmap_estimator: 22.806790590286255
