data_preparation: 0.17357206344604492
run_asmooth: 0.7214987277984619
TSmap_estimator: 28.076761484146118
