data_preparation: 0.29445433616638184
run_asmooth: 1.1687853336334229
TSmap_estimator: 26.52194046974182
