data_preparation: 0.21886849403381348
run_asmooth: 1.378302812576294
TSmap_estimator: 61.719951152801514
