data_preparation: 0.23245668411254883
run_asmooth: 1.2231054306030273
TSmap_estimator: 24.198808670043945
