data_preparation: 0.1701207160949707
run_asmooth: 0.7230079174041748
TSmap_estimator: 29.25635266304016
