data_preparation: 0.16704940795898438
run_asmooth: 0.6859164237976074
TSmap_estimator: 32.18178939819336
