data_preparation: 0.18803167343139648
run_asmooth: 1.0665628910064697
TSmap_estimator: 22.45206570625305
