data_preparation: 0.15510940551757812
run_asmooth: 0.7133381366729736
TSmap_estimator: 25.680240631103516
