data_preparation: 0.2138073444366455
run_asmooth: 1.2338712215423584
TSmap_estimator: 27.280879735946655
