data_preparation: 0.16137433052062988
run_asmooth: 0.6934726238250732
TSmap_estimator: 22.21678590774536
