data_preparation: 0.21818065643310547
run_asmooth: 1.0800254344940186
TSmap_estimator: 23.856911182403564
