data_preparation: 0.20937180519104004
run_asmooth: 1.1594998836517334
TSmap_estimator: 23.62435531616211
