data_preparation: 0.2727489471435547
run_asmooth: 1.3499715328216553
TSmap_estimator: 29.39046573638916
