data_preparation: 0.16390299797058105
run_asmooth: 0.7139012813568115
TSmap_estimator: 29.224392890930176
