data_preparation: 0.22825884819030762
run_asmooth: 1.151686191558838
TSmap_estimator: 23.783807516098022
