data_preparation: 0.2497406005859375
run_asmooth: 1.242917537689209
TSmap_estimator: 26.38412880897522
