data_preparation: 0.23888111114501953
run_asmooth: 1.2113800048828125
TSmap_estimator: 44.68787741661072
