data_preparation: 0.2784700393676758
run_asmooth: 1.6687521934509277
TSmap_estimator: 38.30222463607788
