data_preparation: 0.25329136848449707
run_asmooth: 1.5589494705200195
TSmap_estimator: 40.418216943740845
