data_preparation: 0.17096877098083496
run_asmooth: 0.7099056243896484
TSmap_estimator: 31.13343334197998
