data_preparation: 0.22765254974365234
run_asmooth: 1.21407151222229
TSmap_estimator: 22.810147285461426
