data_preparation: 0.21436738967895508
run_asmooth: 1.0112109184265137
TSmap_estimator: 23.709392786026
