data_preparation: 0.2489161491394043
run_asmooth: 1.3745136260986328
TSmap_estimator: 27.53274965286255
