data_preparation: 0.17011308670043945
run_asmooth: 0.7108018398284912
TSmap_estimator: 26.09181046485901
