data_preparation: 0.21370649337768555
run_asmooth: 1.1547703742980957
TSmap_estimator: 23.41273522377014
