data_preparation: 0.24935150146484375
run_asmooth: 1.045332431793213
TSmap_estimator: 24.575183629989624
