data_preparation: 0.16359806060791016
run_asmooth: 0.7391140460968018
TSmap_estimator: 21.17046332359314
