data_preparation: 0.2537095546722412
run_asmooth: 1.407543659210205
TSmap_estimator: 28.790626287460327
