data_preparation: 0.2624166011810303
run_asmooth: 1.3609068393707275
TSmap_estimator: 49.717915534973145
