data_preparation: 0.2663748264312744
run_asmooth: 1.3427717685699463
TSmap_estimator: 20.429563522338867
