data_preparation: 0.15875864028930664
run_asmooth: 0.7189648151397705
TSmap_estimator: 26.490752935409546
