data_preparation: 0.26125597953796387
run_asmooth: 1.4097046852111816
TSmap_estimator: 28.059826612472534
