data_preparation: 0.27729034423828125
run_asmooth: 1.016721487045288
TSmap_estimator: 26.00898003578186
