data_preparation: 0.22667193412780762
run_asmooth: 1.1839678287506104
TSmap_estimator: 23.747896194458008
