data_preparation: 0.1650528907775879
run_asmooth: 0.8154098987579346
TSmap_estimator: 23.95772123336792
