data_preparation: 0.1525423526763916
run_asmooth: 0.7151985168457031
TSmap_estimator: 26.15694522857666
