data_preparation: 0.17018961906433105
run_asmooth: 0.7364623546600342
TSmap_estimator: 29.336053609848022
