data_preparation: 0.2683296203613281
run_asmooth: 1.4539833068847656
TSmap_estimator: 39.85473895072937
