data_preparation: 0.16790294647216797
run_asmooth: 0.9254140853881836
TSmap_estimator: 27.353522300720215
