data_preparation: 0.18196773529052734
run_asmooth: 0.7132539749145508
TSmap_estimator: 21.63105583190918
