data_preparation: 0.27509427070617676
run_asmooth: 1.2714450359344482
TSmap_estimator: 22.354169607162476
