data_preparation: 0.20366907119750977
run_asmooth: 1.1097002029418945
TSmap_estimator: 21.497005224227905
