data_preparation: 0.2536604404449463
run_asmooth: 1.46824312210083
TSmap_estimator: 39.28676414489746
