data_preparation: 0.16788625717163086
run_asmooth: 0.6872148513793945
TSmap_estimator: 28.968981981277466
