data_preparation: 0.24982762336730957
run_asmooth: 1.3941051959991455
TSmap_estimator: 29.79065990447998
