data_preparation: 0.1683804988861084
run_asmooth: 0.6752157211303711
TSmap_estimator: 28.728009462356567
