data_preparation: 0.21758532524108887
run_asmooth: 1.048987865447998
TSmap_estimator: 23.715008974075317
