data_preparation: 0.2734522819519043
run_asmooth: 1.0210273265838623
TSmap_estimator: 26.006977319717407
