data_preparation: 0.2765696048736572
run_asmooth: 1.372725248336792
TSmap_estimator: 30.260353088378906
