data_preparation: 0.268613338470459
run_asmooth: 1.3050734996795654
TSmap_estimator: 25.9802827835083
