data_preparation: 0.17530298233032227
run_asmooth: 0.7609009742736816
TSmap_estimator: 27.114464282989502
