data_preparation: 0.1709895133972168
run_asmooth: 0.7261271476745605
TSmap_estimator: 31.879443407058716
