data_preparation: 0.2905151844024658
run_asmooth: 1.4066028594970703
TSmap_estimator: 23.608259201049805
