data_preparation: 0.22037982940673828
run_asmooth: 1.2874643802642822
TSmap_estimator: 23.88528299331665
