data_preparation: 0.16228079795837402
run_asmooth: 0.6854565143585205
TSmap_estimator: 22.291015148162842
