data_preparation: 0.2199869155883789
run_asmooth: 1.0970630645751953
TSmap_estimator: 23.703742504119873
