data_preparation: 0.2661416530609131
run_asmooth: 1.3591313362121582
TSmap_estimator: 50.15244007110596
