data_preparation: 0.16739773750305176
run_asmooth: 0.7001230716705322
TSmap_estimator: 27.574779510498047
