data_preparation: 0.2580597400665283
run_asmooth: 1.2712430953979492
TSmap_estimator: 26.200299501419067
