data_preparation: 0.16426539421081543
run_asmooth: 0.7124860286712646
TSmap_estimator: 22.65250587463379
