data_preparation: 0.15751242637634277
run_asmooth: 0.7168869972229004
TSmap_estimator: 20.82123899459839
