data_preparation: 0.17003941535949707
run_asmooth: 0.7579917907714844
TSmap_estimator: 26.63650369644165
