data_preparation: 0.25473499298095703
run_asmooth: 1.3462204933166504
TSmap_estimator: 31.78397536277771
