data_preparation: 0.1658341884613037
run_asmooth: 0.7069008350372314
TSmap_estimator: 29.517947673797607
