data_preparation: 0.2186884880065918
run_asmooth: 1.2902452945709229
TSmap_estimator: 25.347012042999268
