data_preparation: 0.2995920181274414
run_asmooth: 1.7357325553894043
TSmap_estimator: 42.20927143096924
