data_preparation: 0.33943748474121094
run_asmooth: 1.3070003986358643
TSmap_estimator: 31.71912169456482
