data_preparation: 0.20431828498840332
run_asmooth: 1.1506845951080322
TSmap_estimator: 22.850064516067505
