data_preparation: 0.15877175331115723
run_asmooth: 0.7100605964660645
TSmap_estimator: 25.887985706329346
