data_preparation: 0.26096200942993164
run_asmooth: 1.542043685913086
TSmap_estimator: 55.63254761695862
