data_preparation: 0.1648552417755127
run_asmooth: 0.7113089561462402
TSmap_estimator: 25.82088875770569
