data_preparation: 0.22160720825195312
run_asmooth: 1.1554882526397705
TSmap_estimator: 23.528048992156982
