data_preparation: 0.22762465476989746
run_asmooth: 1.1727235317230225
TSmap_estimator: 25.10595440864563
