data_preparation: 0.252899169921875
run_asmooth: 1.2784173488616943
TSmap_estimator: 45.49163031578064
