data_preparation: 0.21798920631408691
run_asmooth: 1.0650286674499512
TSmap_estimator: 23.543462991714478
