data_preparation: 0.32825469970703125
run_asmooth: 1.247645616531372
TSmap_estimator: 27.38628363609314
