data_preparation: 0.15401411056518555
run_asmooth: 0.6684632301330566
TSmap_estimator: 20.560532093048096
