data_preparation: 0.16813969612121582
run_asmooth: 0.7120029926300049
TSmap_estimator: 29.642966747283936
