data_preparation: 0.2650778293609619
run_asmooth: 1.3399207592010498
TSmap_estimator: 50.131099462509155
