data_preparation: 0.24556589126586914
run_asmooth: 1.3184998035430908
TSmap_estimator: 25.751450777053833
