data_preparation: 0.24854755401611328
run_asmooth: 1.425969123840332
TSmap_estimator: 30.324826955795288
