data_preparation: 0.3120591640472412
run_asmooth: 1.1840744018554688
TSmap_estimator: 27.13807964324951
