data_preparation: 0.22195148468017578
run_asmooth: 1.2502920627593994
TSmap_estimator: 36.70670413970947
