data_preparation: 0.2167818546295166
run_asmooth: 1.0531435012817383
TSmap_estimator: 24.11055588722229
