data_preparation: 0.16369414329528809
run_asmooth: 0.663459300994873
TSmap_estimator: 27.315672636032104
