data_preparation: 0.2118213176727295
run_asmooth: 1.2552876472473145
TSmap_estimator: 25.05699872970581
