data_preparation: 0.15761804580688477
run_asmooth: 0.6813254356384277
TSmap_estimator: 21.0606107711792
