# Elapsed time   CPU (%)     Real (MB)   Virtual (MB)
       0.000        0.000        8.215       39.109
       0.504      164.700       78.652      319.379
       1.008      162.800      139.668      640.395
       1.511      101.200      171.645      677.863
       2.015      164.700      266.281      849.449
       2.519       99.300      243.676      826.754
       3.023      101.200      218.234      801.184
       3.527      180.600      291.543      851.906
       4.030       99.200      293.133      853.906
       4.534       99.200      294.695      854.906
       5.038       99.200      296.230      856.906
       5.542      101.200      297.816      858.906
       6.046      101.300      299.355      859.906
       6.550       99.300      300.902      861.906
       7.053       99.300      302.094      862.906
       7.557      101.200      303.621      864.906
       8.061       97.200      305.121      865.906
       8.565      103.200      306.562      867.906
       9.068       99.300      308.023      868.906
       9.572       99.300      309.484      869.906
      10.076       99.200      310.949      871.906
      10.580      101.200      312.430      872.906
      11.084       99.200      313.906      874.906
      11.588      101.200      315.391      875.906
      12.091       99.200      316.871      877.906
      12.595       99.300      318.355      878.906
      13.099      101.200      319.867      880.906
      13.603       99.300      321.426      882.906
      14.107      101.200      322.914      883.906
      14.610       99.200      324.500      885.906
      15.114       99.200      326.000      886.906
      15.618       99.300      327.586      888.906
      16.122      101.200      323.074      883.906
      16.625      178.700      305.258      865.434
      17.129      101.200      310.844      871.434
      17.633       99.200      312.453      873.434
      18.137      101.200      313.980      874.434
      18.641       99.200      315.539      876.434
      19.145       99.200      317.137      877.434
      19.648      101.200      318.633      879.434
      20.152       99.300      320.223      880.434
      20.656      101.200      321.738      882.434
      21.160       99.300      323.301      884.434
      21.664       99.200      324.789      885.434
      22.167      101.200      326.016      886.434
      22.671       99.200      327.496      888.434
      23.175       99.200      328.973      889.434
      23.679       99.300      330.441      891.434
      24.183      103.200      331.961      892.434
      24.686       99.200      333.504      894.434
      25.190       99.200      334.996      895.434
      25.694       99.300      336.582      897.434
      26.198      101.200      338.074      899.434
      26.702       99.200      339.668      900.434
      27.206       99.300      341.215      902.434
      27.709      101.200      342.766      903.434
      28.213       99.300      344.352      905.434
      28.717       99.200      345.953      907.434
      29.221      101.200      347.566      908.434
      29.725       99.200      254.043      813.816
