validation/lst1-dl3-crab/results/flux-points.ecsv
# %ECSV 1.0
# ---
# datatype:
# - {name: e_ref, unit: TeV, datatype: float64}
# - {name: e_min, unit: TeV, datatype: float64}
# - {name: e_max, unit: TeV, datatype: float64}
# - {name: e2dnde, unit: TeV / (s cm2), datatype: float64}
# - {name: e2dnde_err, unit: TeV / (s cm2), datatype: float64}
# - {name: e2dnde_errp, unit: TeV / (s cm2), datatype: float64}
# - {name: e2dnde_errn, unit: TeV / (s cm2), datatype: float64}
# - {name: e2dnde_ul, unit: TeV / (s cm2), datatype: float64}
# - {name: ts, unit: '', datatype: float64}
# - {name: sqrt_ts, unit: '', datatype: float64}
# - {name: npred, unit: '', datatype: string, subtype: 'float64[8]'}
# - {name: npred_excess, unit: '', datatype: string, subtype: 'float32[8]'}
# - {name: stat, datatype: float64}
# - {name: stat_null, unit: '', datatype: float64}
# - {name: stat_scan, datatype: string, subtype: 'float64[11]'}
# - {name: is_ul, datatype: bool}
# - {name: counts, unit: '', datatype: string, subtype: 'float64[8]'}
# - {name: success, unit: '', datatype: bool}
# - {name: norm_scan, unit: '', datatype: string, subtype: 'float64[11]'}
# meta: !!omap
# - {SED_TYPE: e2dnde}
# - {UL_CONF: 0.9544997}
# schema: astropy-2.0
e_ref e_min e_max e2dnde e2dnde_err e2dnde_errp e2dnde_errn e2dnde_ul ts sqrt_ts npred npred_excess stat stat_null stat_scan is_ul counts success norm_scan
0.012589254117941677 0.010000000000000004 0.01584893192461114 nan nan nan nan nan nan nan [NaN,NaN,NaN,NaN,NaN,NaN,NaN,NaN] [0.0,0.0,0.0,0.0,0.0,0.0,0.0,0.0] 0.0 0.0 [NaN,NaN,NaN,NaN,NaN,NaN,NaN,NaN,NaN,NaN,NaN] False [0.0,0.0,0.0,0.0,0.0,0.0,0.0,0.0] False [0.2,0.275945932292243,0.3807307877431757,0.5253055608807534,0.7247796636776955,0.9999999999999998,1.3797296614612147,1.9036539387158784,2.6265278044037665,3.623898318388476,4.999999999999999]
0.019952623149688802 0.01584893192461114 0.025118864315095794 nan nan nan nan nan nan nan [NaN,NaN,NaN,NaN,NaN,NaN,NaN,NaN] [0.0,0.0,0.0,0.0,0.0,0.0,0.0,0.0] 0.0 0.0 [NaN,NaN,NaN,NaN,NaN,NaN,NaN,NaN,NaN,NaN,NaN] False [0.0,0.0,0.0,0.0,0.0,0.0,0.0,0.0] False [0.2,0.275945932292243,0.3807307877431757,0.5253055608807534,0.7247796636776955,0.9999999999999998,1.3797296614612147,1.9036539387158784,2.6265278044037665,3.623898318388476,4.999999999999999]
0.0316227766016838 0.025118864315095794 0.03981071705534973 nan nan nan nan nan nan nan [NaN,NaN,NaN,NaN,NaN,NaN,NaN,NaN] [0.0,0.0,0.0,0.0,0.0,0.0,0.0,0.0] 0.0 0.0 [NaN,NaN,NaN,NaN,NaN,NaN,NaN,NaN,NaN,NaN,NaN] False [0.0,0.0,0.0,0.0,0.0,0.0,0.0,0.0] False [0.2,0.275945932292243,0.3807307877431757,0.5253055608807534,0.7247796636776955,0.9999999999999998,1.3797296614612147,1.9036539387158784,2.6265278044037665,3.623898318388476,4.999999999999999]
0.05011872336272723 0.03981071705534973 0.06309573444801932 nan nan nan nan nan nan nan [NaN,NaN,NaN,NaN,NaN,NaN,NaN,NaN] [0.0,0.0,0.0,0.0,0.0,0.0,0.0,0.0] 0.0 0.0 [NaN,NaN,NaN,NaN,NaN,NaN,NaN,NaN,NaN,NaN,NaN] False [0.0,0.0,0.0,0.0,0.0,0.0,0.0,0.0] False [0.2,0.275945932292243,0.3807307877431757,0.5253055608807534,0.7247796636776955,0.9999999999999998,1.3797296614612147,1.9036539387158784,2.6265278044037665,3.623898318388476,4.999999999999999]
0.07943282347242814 0.06309573444801932 0.10000000000000002 7.333835947082486e-11 1.6066033474173738e-11 1.606622443828076e-11 1.60659375574985e-11 1.054718771280518e-10 20.837987075035926 4.564864409271751 [7245.9314924864275,7698.893998265018,6582.826202412962,3452.186111908256,5283.092767641407,8777.464600671356,3050.9717923603507,7476.753050022169] [226.5519561767578,237.0880126953125,188.0860137939453,99.183349609375,153.7097930908203,244.14413452148438,82.87980651855469,192.59703063964844] 31.216896503901808 52.05488357893773 [45.45585010203649,43.278113306558225,40.56994687652332,37.39791176181461,34.0960307745554,31.58619103746605,32.01780365181912,40.02586758228426,65.17894563051232,126.70203608747397,262.51413466464146] False [7204.0,7871.0,6668.0,3376.0,5198.0,8929.0,2975.0,7325.0] True [0.2,0.275945932292243,0.3807307877431757,0.5253055608807534,0.7247796636776955,0.9999999999999998,1.3797296614612147,1.9036539387158784,2.6265278044037665,3.623898318388476,4.999999999999999]
0.12589254117941678 0.10000000000000002 0.15848931924611143 6.485460820178129e-11 9.57974862052163e-12 9.581106847134467e-12 9.578637357082536e-12 8.402049427078842e-11 45.86331016452823 6.7722455776890005 [1579.5150914944916,1925.868656210866,2035.8309198617808,1302.2373420193358,1153.8887580225648,3062.2060572555633,1185.9467166984018,3083.3338786128484] [177.03221130371094,183.70372009277344,147.87001037597656,76.21661376953125,120.5654067993164,188.41555786132812,64.13916015625,152.71255493164062] 15.889238738607673 61.7525489031359 [44.46599814916044,38.967210991770116,32.34378033840039,25.039879677777208,18.455695247441327,16.019414541788137,25.296051563316723,62.06114622466339,158.00613487751252,374.877578351221,829.2007252882067] False [1526.0,1936.0,2080.0,1332.0,1171.0,2981.0,1172.0,3165.0] True [0.2,0.275945932292243,0.3807307877431757,0.5253055608807534,0.7247796636776955,0.9999999999999998,1.3797296614612147,1.9036539387158784,2.6265278044037665,3.623898318388476,4.999999999999999]
0.19952623149688806 0.15848931924611143 0.25118864315095807 7.112161251077248e-11 4.454059846513221e-12 4.460375169594418e-12 4.448292490667358e-12 8.005988962810114e-11 257.9351691437814 16.060360181010306 [373.9586944275803,395.84514719245,326.7606909836936,196.79448933804184,255.72979137378223,457.1582176421412,196.90686274056398,494.41540297384734] [165.07980346679688,169.31092834472656,137.26136779785156,71.19577026367188,112.0159683227539,175.72120666503906,60.768314361572266,147.7991943359375] 4.1164866588301265 262.05165580261155 [172.16129661811783,142.90691416901245,107.05318734572757,66.29025857780562,26.818250353312123,4.343960051342947,32.82919148389328,177.4269510105064,549.2333469475393,1317.6417684449416,2720.202910845834] False [363.0,416.0,319.0,204.0,257.0,440.0,200.0,501.0] True [0.2,0.275945932292243,0.3807307877431757,0.5253055608807534,0.7247796636776955,0.9999999999999998,1.3797296614612147,1.9036539387158784,2.6265278044037665,3.623898318388476,4.999999999999999]
0.316227766016838 0.25118864315095807 0.3981071705534973 6.54955936259871e-11 3.3277782197419808e-12 3.341825208709418e-12 3.3145197829479194e-12 7.220884689570597e-11 405.775585146397 20.143872148780062 [179.43304881054718,188.6938201697825,153.14254517569248,87.33326123680489,133.85152342240124,204.9784565473108,83.35030830805897,183.27691248110517] [123.63480377197266,128.50987243652344,106.17339324951172,55.546470642089844,84.23639678955078,136.9859619140625,47.47531509399414,112.55753326416016] 9.961726966171227 415.73731211256825 [272.71099289267624,225.56092620656057,167.61979684722564,102.06363453015263,40.364797923763376,9.961798749426634,62.24109875605541,275.773580247445,755.8606075826871,1638.0045743525513,3099.039825795413] False [182.0,183.0,140.0,84.0,149.0,214.0,97.0,167.0] True [0.2,0.275945932292243,0.3807307877431757,0.5253055608807534,0.7247796636776955,0.9999999999999998,1.3797296614612147,1.9036539387158784,2.6265278044037665,3.623898318388476,4.999999999999999]
0.5011872336272724 0.3981071705534973 0.6309573444801934 5.635026725064414e-11 2.954422008625443e-12 2.9789040866118404e-12 2.931032821077663e-12 6.235843512299325e-11 396.425098136399 19.91042686976849 [104.62102652034596,99.08986746115986,89.07188767279851,46.527460010717526,72.61933296247558,110.40413874567406,44.91587102254539,96.84817621787425] [81.2203140258789,84.80541229248047,71.69575500488281,37.92001724243164,55.52975082397461,93.38751983642578,32.61906433105469,78.01313018798828] 4.563427250087585 400.9885253864866 [260.7699472297966,213.45010154340827,154.7862921448225,88.49271669933233,28.493986946389725,5.083143829820671,63.738847900970484,260.70330129373536,664.9168218148092,1365.2648954742936,2480.5801903843903] False [93.0,108.0,91.0,39.0,73.0,117.0,46.0,96.0] True [0.2,0.275945932292243,0.3807307877431757,0.5253055608807534,0.7247796636776955,0.9999999999999998,1.3797296614612147,1.9036539387158784,2.6265278044037665,3.623898318388476,4.999999999999999]
0.7943282347242816 0.6309573444801934 1.0 4.6597712328938914e-11 2.9163244006237075e-12 2.9550800166135356e-12 2.878958126569545e-12 5.258552542043192e-11 288.26310339910935 16.97831273710993 [50.04150229818056,57.693745239374095,51.05827794674543,25.651932098579106,39.889367230677145,64.012596354668,23.56128039155347,53.81780152562775] [47.663272857666016,50.38881301879883,43.30817794799805,23.025800704956055,32.762882232666016,56.62891387939453,19.953474044799805,48.705501556396484] 9.12868651718614 297.39178991629547 [196.53452911071602,161.7974609765402,118.27503137554923,68.76335500827103,24.82958665376566,9.842459133995874,52.84546859847863,186.48707082786012,450.95841339297704,899.2049436593443,1602.9747750359618] False [58.0,68.0,56.0,22.0,35.0,50.0,21.0,55.0] True [0.2,0.275945932292243,0.3807307877431757,0.5253055608807534,0.7247796636776955,0.9999999999999998,1.3797296614612147,1.9036539387158784,2.6265278044037665,3.623898318388476,4.999999999999999]
1.2589254117941675 1.0 1.584893192461114 4.370255986326133e-11 3.2760408114816343e-12 3.338728056265622e-12 3.2155045475361682e-12 5.0509275842086165e-11 214.65259047758948 14.651026942763755 [34.08609303599994,31.97201173412977,29.413595428786053,15.879853501928213,22.033494445891364,40.51172065715242,15.492315332740397,33.69681701201106] [29.848134994506836,31.97201156616211,27.724477767944336,14.803961753845215,20.662141799926758,36.359169006347656,12.908056259155273,31.894540786743164] 3.9401818708253913 218.59277234841488 [157.25996342246623,135.0999566681997,106.00561056272191,69.73101624210358,31.267979639791427,6.38724919873065,11.856398847156292,65.96763572573025,190.53675975954243,414.0660780171281,775.1300883664657] False [36.0,33.0,24.0,17.0,28.0,42.0,13.0,30.0] True [0.2,0.275945932292243,0.3807307877431757,0.5253055608807534,0.7247796636776955,0.9999999999999998,1.3797296614612147,1.9036539387158784,2.6265278044037665,3.623898318388476,4.999999999999999]
1.9952623149688808 1.584893192461114 2.5118864315095824 3.107549881273741e-11 3.352713255953013e-12 3.449335210995536e-12 3.260022895214458e-12 3.8174322731673243e-11 106.48894450383428 10.319348065834115 [14.035302351951598,15.146609874609004,15.108114081429246,7.034654739502788,9.737403099068409,18.66582976725831,7.273079691956828,17.922140794479617] [14.03530216217041,15.146610260009766,13.122323989868164,7.03465461730957,9.73740291595459,17.265716552734375,6.162034511566162,15.342707633972168] 5.56447636791801 112.05342087175228 [80.52505969013157,68.93405969539533,53.43196252120296,35.23453608435658,16.813435777259663,6.0787018522906795,11.24088449900231,40.90169891183908,105.65905795526638,219.52715762088098,401.55124991915284] False [17.0,10.0,15.0,5.0,11.0,24.0,8.0,15.0] True [0.2,0.275945932292243,0.3807307877431757,0.5253055608807534,0.7247796636776955,0.9999999999999998,1.3797296614612147,1.9036539387158784,2.6265278044037665,3.623898318388476,4.999999999999999]
3.1622776601683813 2.5118864315095824 3.9810717055349736 1.9210832772870066e-11 3.106919498092103e-12 3.2673690559917566e-12 2.9823834498617942e-12 2.6073975730774267e-11 43.4909261479525 6.5947650563119 [5.5933370210328555,7.138589621445963,5.389806365673413,2.8871347263207032,3.9107791554391844,7.089694903034943,3.123472225253226,6.293540565671857] [5.593337059020996,6.157634258270264,5.389806270599365,2.8871347904205322,3.9107792377471924,7.089694976806641,2.5281786918640137,6.2935404777526855] 7.318820077860015 50.80974622581252 [36.1328962653896,30.695557550344027,23.884602153857475,16.357148936025006,9.841574549169302,7.385610398604463,13.101673227246359,30.601796029964078,64.50786538501737,121.138278770429,209.1777281478224] False [5.0,7.0,8.0,2.0,7.0,4.0,1.0,7.0] True [0.2,0.275945932292243,0.3807307877431757,0.5253055608807534,0.7247796636776955,0.9999999999999998,1.3797296614612147,1.9036539387158784,2.6265278044037665,3.623898318388476,4.999999999999999]
5.011872336272725 3.9810717055349736 6.309573444801936 1.0332900257623284e-11 3.26754978987979e-12 3.6141723848766006e-12 2.9326282014631496e-12 1.7826802828701914e-11 12.664743533832075 3.558755896915673 [2.5,2.1243170802921054,1.8868139068655305,1.0083637387555928,1.3411174667190782,2.4779631095915295,0.8801198368514065,2.1812420085778434] [1.900078296661377,2.124317169189453,1.8868138790130615,1.0083637237548828,1.34111750125885,2.4779632091522217,0.8801198601722717,2.181241989135742] 8.129671882966287 20.794415416798362 [15.708404606189172,13.950671893291357,11.843830060220004,9.56462529959401,8.196429128098815,8.749537123820327,12.410064680829647,21.119002026148095,36.801889083079914,62.106941414663545,100.68798058316654] False [5.0,1.0,2.0,0.0,1.0,3.0,0.0,3.0] True [0.2,0.275945932292243,0.3807307877431757,0.5253055608807534,0.7247796636776955,0.9999999999999998,1.3797296614612147,1.9036539387158784,2.6265278044037665,3.623898318388476,4.999999999999999]
7.943282347242818 6.309573444801936 10.000000000000002 1.0593314715489348e-11 3.5311047927376258e-12 3.9283426131234475e-12 3.532803814086174e-12 1.9277456493947486e-11 8.060626581143186 2.839124263068312 [1.214872590729916,1.365094579919212,1.2496540386948787,0.6671140457999186,0.852566703582406,1.6423215546214573,0.5829589936281093,1.4381393417359671] [1.2148725986480713,1.365094542503357,1.2496540546417236,0.6671140193939209,0.8525667190551758,1.6423215866088867,0.582958996295929,1.4381393194198608] 4.416022668935831 12.476649250079017 [10.601458457383597,9.889392892498178,8.906934911720633,7.572758033009909,6.148724851401745,4.920160221675842,4.441939066852892,5.8566044122691885,10.008604879454525,17.93738780750416,31.07710952169476] False [1.0,2.0,1.0,1.0,0.0,3.0,0.0,1.0] True [0.2,0.275945932292243,0.3807307877431757,0.5253055608807534,0.7247796636776955,0.9999999999999998,1.3797296614612147,1.9036539387158784,2.6265278044037665,3.623898318388476,4.999999999999999]
12.589254117941675 10.000000000000002 15.848931924611144 2.5646204069834457e-17 1.468018990459852e-14 1.3025222512305187e-12 nan 5.210114617444026e-12 -1.968964756260405e-05 0.0 [1.8054542822123258e-06,2.0356499108856827e-06,0.5,1.0155215198599929e-06,1.2723444053565157e-06,2.4994784625351605e-06,8.931345075676139e-07,2.222573559887295e-06] [1.8054543033940718e-06,2.0356499135232298e-06,1.899332914945262e-06,1.0155215477425372e-06,1.2723444342555013e-06,2.4994785690068966e-06,8.931344837037614e-07,2.2225735847314354e-06] 1.3863140507674534 1.3862943611198908 [2.1054487370640196,2.378532984779635,2.7553154214306907,3.275173325195784,3.9924366947655345,4.982066240840534,6.347487479418612,8.316430224314425,11.274891126088477,15.601227909992001,21.814863621667005] True [0.0,0.0,1.0,0.0,0.0,0.0,0.0,0.0] True [0.2,0.275945932292243,0.3807307877431757,0.5253055608807534,0.7247796636776955,0.9999999999999998,1.3797296614612147,1.9036539387158784,2.6265278044037665,3.623898318388476,4.999999999999999]
19.952623149688815 15.848931924611144 25.118864315095824 4.885699395113565e-19 2.0800922662937396e-15 2.2480902340911125e-12 nan 8.992360947207581e-12 -2.1732665889118152e-07 0.0 [2.0846212624487456e-08,2.426305923250449e-08,2.2558655733544885e-08,1.2086924474812114e-08,1.5153227521932596e-08,2.971787469983459e-08,1.056924027599985e-08,0.5] [2.0846211867819875e-08,2.4263059117402008e-08,2.2558655388138504e-08,1.2086924350285244e-08,1.515322800571539e-08,2.9717874383550225e-08,1.0569240593838458e-08,2.6531864705248154e-08] 1.3862945784465497 1.3862943611198908 [1.6131784458654264,1.699333062556786,1.8182031426776768,1.9822117180807401,2.208499214298346,2.520714784847568,2.9514878683043677,3.545838268908821,4.365881145924139,5.497332814735684,7.176959042869862] True [0.0,0.0,0.0,0.0,0.0,0.0,0.0,1.0] True [0.2,0.275945932292243,0.3807307877431757,0.5253055608807534,0.7247796636776955,0.9999999999999998,1.3797296614612147,1.9036539387158784,2.6265278044037665,3.623898318388476,4.999999999999999]
31.622776601683817 25.118864315095824 39.810717055349734 nan nan nan nan nan nan nan [NaN,NaN,NaN,NaN,NaN,NaN,NaN,NaN] [0.0,0.0,0.0,0.0,0.0,0.0,0.0,0.0] 0.0 0.0 [NaN,NaN,NaN,NaN,NaN,NaN,NaN,NaN,NaN,NaN,NaN] False [0.0,0.0,0.0,0.0,0.0,0.0,0.0,0.0] False [0.2,0.275945932292243,0.3807307877431757,0.5253055608807534,0.7247796636776955,0.9999999999999998,1.3797296614612147,1.9036539387158784,2.6265278044037665,3.623898318388476,4.999999999999999]
50.11872336272726 39.810717055349734 63.095734448019364 nan nan nan nan nan nan nan [NaN,NaN,NaN,NaN,NaN,NaN,NaN,NaN] [0.0,0.0,0.0,0.0,0.0,0.0,0.0,0.0] 0.0 0.0 [NaN,NaN,NaN,NaN,NaN,NaN,NaN,NaN,NaN,NaN,NaN] False [0.0,0.0,0.0,0.0,0.0,0.0,0.0,0.0] False [0.2,0.275945932292243,0.3807307877431757,0.5253055608807534,0.7247796636776955,0.9999999999999998,1.3797296614612147,1.9036539387158784,2.6265278044037665,3.623898318388476,4.999999999999999]
79.4328234724282 63.095734448019364 100.00000000000004 nan nan nan nan nan nan nan [NaN,NaN,NaN,NaN,NaN,NaN,NaN,NaN] [0.0,0.0,0.0,0.0,0.0,0.0,0.0,0.0] 0.0 0.0 [NaN,NaN,NaN,NaN,NaN,NaN,NaN,NaN,NaN,NaN,NaN] False [0.0,0.0,0.0,0.0,0.0,0.0,0.0,0.0] False [0.2,0.275945932292243,0.3807307877431757,0.5253055608807534,0.7247796636776955,0.9999999999999998,1.3797296614612147,1.9036539387158784,2.6265278044037665,3.623898318388476,4.999999999999999]
