validation/lst1-dl3-crab/results/flux-points.ecsv
# %ECSV 1.0
# ---
# datatype:
# - {name: e_ref, unit: TeV, datatype: float64}
# - {name: e_min, unit: TeV, datatype: float64}
# - {name: e_max, unit: TeV, datatype: float64}
# - {name: e2dnde, unit: erg / (s cm2), datatype: float64}
# - {name: e2dnde_err, unit: erg / (s cm2), datatype: float64}
# - {name: e2dnde_errp, unit: erg / (s cm2), datatype: float64}
# - {name: e2dnde_errn, unit: erg / (s cm2), datatype: float64}
# - {name: e2dnde_ul, unit: erg / (s cm2), datatype: float64}
# - {name: e2dnde_sensitivity, unit: erg / (s cm2), datatype: float64}
# - {name: ts, unit: '', datatype: float64}
# - {name: sqrt_ts, unit: '', datatype: float64}
# - {name: npred, unit: '', datatype: string, subtype: 'float64[8]'}
# - {name: npred_excess, unit: '', datatype: string, subtype: 'float32[8]'}
# - {name: stat, datatype: float64}
# - {name: stat_null, unit: '', datatype: float64}
# - {name: stat_scan, datatype: string, subtype: 'float64[11]'}
# - {name: is_ul, datatype: bool}
# - {name: counts, unit: '', datatype: string, subtype: 'float64[8]'}
# - {name: success, unit: '', datatype: bool}
# - {name: norm_scan, unit: '', datatype: string, subtype: 'float64[11]'}
# meta: !!omap
# - {SED_TYPE: e2dnde}
# - {UL_CONF: 0.9544997}
# schema: astropy-2.0
e_ref e_min e_max e2dnde e2dnde_err e2dnde_errp e2dnde_errn e2dnde_ul e2dnde_sensitivity ts sqrt_ts npred npred_excess stat stat_null stat_scan is_ul counts success norm_scan
0.012589254117941677 0.010000000000000004 0.01584893192461114 nan nan nan nan nan nan nan nan [NaN,NaN,NaN,NaN,NaN,NaN,NaN,NaN] [0.0,0.0,0.0,0.0,0.0,0.0,0.0,0.0] 0.0 0.0 [NaN,NaN,NaN,NaN,NaN,NaN,NaN,NaN,NaN,NaN,NaN] False [0.0,0.0,0.0,0.0,0.0,0.0,0.0,0.0] False [0.2,0.275945932292243,0.3807307877431757,0.5253055608807534,0.7247796636776955,0.9999999999999998,1.3797296614612147,1.9036539387158784,2.6265278044037665,3.623898318388476,4.999999999999999]
0.019952623149688802 0.01584893192461114 0.025118864315095794 nan nan nan nan nan nan nan nan [NaN,NaN,NaN,NaN,NaN,NaN,NaN,NaN] [0.0,0.0,0.0,0.0,0.0,0.0,0.0,0.0] 0.0 0.0 [NaN,NaN,NaN,NaN,NaN,NaN,NaN,NaN,NaN,NaN,NaN] False [0.0,0.0,0.0,0.0,0.0,0.0,0.0,0.0] False [0.2,0.275945932292243,0.3807307877431757,0.5253055608807534,0.7247796636776955,0.9999999999999998,1.3797296614612147,1.9036539387158784,2.6265278044037665,3.623898318388476,4.999999999999999]
0.0316227766016838 0.025118864315095794 0.03981071705534973 nan nan nan nan nan nan nan nan [NaN,NaN,NaN,NaN,NaN,NaN,NaN,NaN] [0.0,0.0,0.0,0.0,0.0,0.0,0.0,0.0] 0.0 0.0 [NaN,NaN,NaN,NaN,NaN,NaN,NaN,NaN,NaN,NaN,NaN] False [0.0,0.0,0.0,0.0,0.0,0.0,0.0,0.0] False [0.2,0.275945932292243,0.3807307877431757,0.5253055608807534,0.7247796636776955,0.9999999999999998,1.3797296614612147,1.9036539387158784,2.6265278044037665,3.623898318388476,4.999999999999999]
0.05011872336272723 0.03981071705534973 0.06309573444801932 nan nan nan nan nan nan nan nan [NaN,NaN,NaN,NaN,NaN,NaN,NaN,NaN] [0.0,0.0,0.0,0.0,0.0,0.0,0.0,0.0] 0.0 0.0 [NaN,NaN,NaN,NaN,NaN,NaN,NaN,NaN,NaN,NaN,NaN] False [0.0,0.0,0.0,0.0,0.0,0.0,0.0,0.0] False [0.2,0.275945932292243,0.3807307877431757,0.5253055608807534,0.7247796636776955,0.9999999999999998,1.3797296614612147,1.9036539387158784,2.6265278044037665,3.623898318388476,4.999999999999999]
0.07943282347242814 0.06309573444801932 0.10000000000000002 1.17501088777736e-10 2.5740622864348542e-11 2.5741077387718156e-11 2.5740355641940947e-11 1.6898468595773122e-10 1.3934342346933623e-10 20.837986246988294 4.564864318573806 [7245.931501266042,7698.89400485792,6582.826200544747,3452.1861135547933,5283.092772285009,8777.464603825008,3050.971794295436,7476.753059295978] [226.55197143554688,237.08802795410156,188.0860137939453,99.18335723876953,153.7097930908203,244.14414978027344,82.87981414794922,192.5970458984375] 31.21689733194944 52.05488357893773 [45.4558223632921,43.27807809803926,40.569904130650684,37.397863887192216,34.09598585801723,31.58616930365679,32.01785026057041,40.02607766134315,65.1795127861551,126.70334565533267,262.51694143837085] False [7204.0,7871.0,6668.0,3376.0,5198.0,8929.0,2975.0,7325.0] True [0.2,0.275945932292243,0.3807307877431757,0.5253055608807534,0.7247796636776955,0.9999999999999998,1.3797296614612147,1.9036539387158784,2.6265278044037665,3.623898318388476,4.999999999999999]
0.12589254117941678 0.10000000000000002 0.15848931924611143 1.0390859500496742e-10 1.5348444867333624e-11 1.53506341575636e-11 1.5346677542690163e-11 1.3461574730133363e-10 5.628007489309522e-11 45.863309356391255 6.772245518023638 [1579.51509689129,1925.8686572888985,2035.830914196903,1302.2373390235557,1153.8887599036896,3062.2060495717283,1185.9467140320571,3083.3338748122274] [177.03221130371094,183.70372009277344,147.8699951171875,76.21661376953125,120.5654067993164,188.41554260253906,64.13915252685547,152.71253967285156] 15.889239546744648 61.7525489031359 [44.46595048199379,38.96715190984105,32.3437115536035,25.03980901886098,18.455643914949178,16.0194315292174,25.29624179289749,62.061724426461296,158.0075263026265,374.8806001641933,829.2068942549631] False [1526.0,1936.0,2080.0,1332.0,1171.0,2981.0,1172.0,3165.0] True [0.2,0.275945932292243,0.3807307877431757,0.5253055608807534,0.7247796636776955,0.9999999999999998,1.3797296614612147,1.9036539387158784,2.6265278044037665,3.623898318388476,4.999999999999999]
0.19952623149688806 0.15848931924611143 0.25118864315095807 1.1394943682492417e-10 7.136188634726967e-12 7.146312058432367e-12 7.1269534464635416e-12 1.282701413960236e-10 1.0022414573732238e-11 257.9351691898505 16.060360182444555 [373.95870233486954,395.84515018126774,326.7606882193887,196.7944875821157,255.72979520304133,457.1582134259462,196.90686131520948,494.41539837348125] [165.07980346679688,169.31092834472656,137.26136779785156,71.19576263427734,112.0159683227539,175.72120666503906,60.768310546875,147.79917907714844] 4.116486612761037 262.05165580261155 [172.16118311064156,142.90677150202237,107.05301741467838,66.2900760673233,26.818098349840056,4.343939178378605,32.829507695877965,177.42797882585455,549.2356906695832,1317.6463073098894,2720.210844219306] False [363.0,416.0,319.0,204.0,257.0,440.0,200.0,501.0] True [0.2,0.275945932292243,0.3807307877431757,0.5253055608807534,0.7247796636776955,0.9999999999999998,1.3797296614612147,1.9036539387158784,2.6265278044037665,3.623898318388476,4.999999999999999]
0.316227766016838 0.25118864315095807 0.3981071705534973 1.0493554696096741e-10 5.331690194496826e-12 5.35419615303928e-12 5.3104480212525155e-12 1.1569136826982739e-10 5.2030821415688656e-12 405.775587055413 20.143872196164594 [179.4330560235358,188.69382270570281,153.1425429136364,87.33325985525875,133.85152667165656,204.97845352618685,83.35030703207109,183.27690754904256] [123.63481140136719,128.50987243652344,106.17339324951172,55.546470642089844,84.23639678955078,136.9859619140625,47.475311279296875,112.55752563476562] 9.961725057155263 415.73731211256825 [272.71106565967443,225.56101798419263,167.61990607529265,102.0637501209012,40.36488828106326,9.961796651737245,62.240890290579614,275.77300402920616,755.8594541643888,1638.0025735456222,3099.0366207540856] False [182.0,183.0,140.0,84.0,149.0,214.0,97.0,167.0] True [0.2,0.275945932292243,0.3807307877431757,0.5253055608807534,0.7247796636776955,0.9999999999999998,1.3797296614612147,1.9036539387158784,2.6265278044037665,3.623898318388476,4.999999999999999]
0.5011872336272724 0.3981071705534973 0.6309573444801934 9.02831065879194e-11 4.733508342165325e-12 4.772731864331333e-12 4.696033620460026e-12 9.990925573369156e-11 4.214241629604577e-12 396.4250972220966 19.910426846808097 [104.62103156107652,99.08986936929183,89.07188581911882,46.52745881639603,72.61933543692727,110.40413600776249,44.915869952228405,96.84817236139368] [81.22032165527344,84.80541229248047,71.69574737548828,37.92001724243164,55.529754638671875,93.38751220703125,32.61906433105469,78.01312255859375] 4.563428164389933 400.9885253864866 [260.7703061738014,213.4505591988958,154.78684108099696,88.49329167690004,28.494402895927323,5.083066578820308,63.737836693379506,260.7008250490921,664.9122138146397,1365.2572777616556,2480.5683765914464] False [93.0,108.0,91.0,39.0,73.0,117.0,46.0,96.0] True [0.2,0.275945932292243,0.3807307877431757,0.5253055608807534,0.7247796636776955,0.9999999999999998,1.3797296614612147,1.9036539387158784,2.6265278044037665,3.623898318388476,4.999999999999999]
0.7943282347242816 0.6309573444801934 1.0 7.465777893763977e-11 4.6724675090876424e-12 4.734561070783705e-12 4.612600333646265e-12 8.425131649288844e-11 4.5878823440141214e-12 288.26310525309793 16.97831279170866 [50.04150465315248,57.69374547957872,51.05827634737447,25.651931054784963,39.88936819246517,64.01259385117683,23.56127939715269,53.817798417581116] [47.66327667236328,50.38881301879883,43.30817413330078,23.025798797607422,32.76288604736328,56.628910064697266,19.953474044799805,48.70549774169922] 9.128684663197546 297.39178991629547 [196.53501851382373,161.79809121213944,118.27579482054769,68.76415379122658,24.8301332105232,9.84231320349059,52.84414027673823,186.4839872390652,450.9528397484788,899.195894462749,1602.960905772281] False [58.0,68.0,56.0,22.0,35.0,50.0,21.0,55.0] True [0.2,0.275945932292243,0.3807307877431757,0.5253055608807534,0.7247796636776955,0.9999999999999998,1.3797296614612147,1.9036539387158784,2.6265278044037665,3.623898318388476,4.999999999999999]
1.2589254117941675 1.0 1.584893192461114 7.001922593646179e-11 5.248796441836293e-12 5.349232508313103e-12 5.151806664368479e-12 8.092478817905789e-11 5.6896545142995475e-12 214.65259188302076 14.651026990727331 [34.08609470550411,31.972012749575075,29.413594912319965,15.879853121400608,22.033495362908692,40.511719809327516,15.492314911377465,33.69681546703565] [29.84813690185547,31.972013473510742,27.724477767944336,14.803960800170898,20.66214370727539,36.359169006347656,12.908055305480957,31.89453887939453] 3.9401804653941355 218.59277234841488 [157.26042497225237,135.1005714956187,106.00640362468503,69.7319636122568,31.268808240654387,6.387552714909951,11.855755619309214,65.9655737127923,190.5326836857975,414.05919202602547,775.1193069963279] False [36.0,33.0,24.0,17.0,28.0,42.0,13.0,30.0] True [0.2,0.275945932292243,0.3807307877431757,0.5253055608807534,0.7247796636776955,0.9999999999999998,1.3797296614612147,1.9036539387158784,2.6265278044037665,3.623898318388476,4.999999999999999]
1.9952623149688808 1.584893192461114 2.5118864315095824 4.97884357361035e-11 5.371638576630449e-12 5.526444073038753e-12 5.223132320224203e-12 6.116200526880636e-11 8.003175701410496e-12 106.48894485755298 10.31934808297273 [14.035303150342394,15.14661019433735,15.108113819928763,7.034654493881169,9.737403644243274,18.665829270653415,7.2730794463091755,17.92213988735324] [14.035303115844727,15.146610260009766,13.122323989868164,7.03465461730957,9.737403869628906,17.265716552734375,6.162034034729004,15.342706680297852] 5.564476014199295 112.05342087175228 [80.52538603149901,68.93450040618369,53.43253480293916,35.235154757786006,16.813965006455383,6.078836880835883,11.24036271688847,40.90021180683753,105.65620880712265,219.522412421883,401.5438786054076] False [17.0,10.0,15.0,5.0,11.0,24.0,8.0,15.0] True [0.2,0.275945932292243,0.3807307877431757,0.5253055608807534,0.7247796636776955,0.9999999999999998,1.3797296614612147,1.9036539387158784,2.6265278044037665,3.623898318388476,4.999999999999999]
3.1622776601683813 2.5118864315095824 3.9810717055349736 3.0779140524247346e-11 4.977832721710928e-12 5.234901541026204e-12 4.778304272187814e-12 4.17751082034094e-11 1.3614726999648203e-11 43.490926405141465 6.594765075811379 [5.593336842035934,7.138589386036138,5.3898059405168235,2.8871344815867857,3.910779014571908,7.089694307851846,3.1234720037227754,6.293539950495098] [5.593337059020996,6.1576337814331055,5.389805793762207,2.887134552001953,3.9107789993286133,7.089694499969482,2.5281784534454346,6.293540000915527] 7.318819820671049 50.80974622581252 [36.13309269251645,30.695822585723697,23.884910630875126,16.35746572139922,9.841794775637243,7.3855659514225644,13.101209615476144,30.600746092182934,64.50600173346373,121.13528949633768,209.1731839464711] False [5.0,7.0,8.0,2.0,7.0,4.0,1.0,7.0] True [0.2,0.275945932292243,0.3807307877431757,0.5253055608807534,0.7247796636776955,0.9999999999999998,1.3797296614612147,1.9036539387158784,2.6265278044037665,3.623898318388476,4.999999999999999]
5.011872336272725 3.9810717055349736 6.309573444801936 1.655512724567777e-11 5.235190626271054e-12 5.790541099735757e-12 4.698587216584612e-12 2.8561679799146485e-11 2.1612082164772914e-11 12.664743480402294 3.5587558894088667 [2.5,2.124317174774914,1.8868138900145537,1.0083637267273038,1.3411174934581414,2.4779630824124115,0.8801198276900325,2.1812419760545834] [1.900078296661377,2.124317169189453,1.8868138790130615,1.0083637237548828,1.34111750125885,2.4779629707336426,0.880119800567627,2.181241989135742] 8.129671936396068 20.794415416798362 [15.70848788252448,13.95077400023523,11.843948129015345,9.564734750633153,8.196456034964404,8.749445967770656,12.40975463982152,21.118381900453752,36.80084112434642,62.105303161995835,100.68552788444873] False [5.0,1.0,2.0,0.0,1.0,3.0,0.0,3.0] True [0.2,0.275945932292243,0.3807307877431757,0.5253055608807534,0.7247796636776955,0.9999999999999998,1.3797296614612147,1.9036539387158784,2.6265278044037665,3.623898318388476,4.999999999999999]
7.943282347242818 6.309573444801936 10.000000000000002 1.6972307733328785e-11 5.6574357333984804e-12 6.293896432127866e-12 5.660173883430087e-12 3.0885879668308416e-11 3.3941066179418386e-11 8.060626716506118 2.839124286907165 [1.214869159647772,1.36509079950693,1.2496505322924747,0.6671121661342622,0.8525643120809722,1.6423169298077123,0.5829573457077359,1.4381352702560324] [1.2148691415786743,1.3650908470153809,1.249650478363037,0.6671121716499329,0.8525643348693848,1.6423169374465942,0.5829573273658752,1.4381352663040161] 4.416022533572899 12.476649250079017 [10.601496650142476,9.889445588180457,8.907007617516502,7.572852009556174,6.148809532161254,4.920226464651834,4.4419189715769285,5.856437485391983,10.00823536466185,17.93673877615545,31.07607483306282] False [1.0,2.0,1.0,1.0,0.0,3.0,0.0,1.0] True [0.2,0.275945932292243,0.3807307877431757,0.5253055608807534,0.7247796636776955,0.9999999999999998,1.3797296614612147,1.9036539387158784,2.6265278044037665,3.623898318388476,4.999999999999999]
12.589254117941675 10.000000000000002 15.848931924611144 1.6626200825750627e-19 1.7117664343157212e-15 2.0868697661730994e-12 1.5058366052703058e-12 8.347479111140474e-12 5.431060521428222e-11 -7.967052395585483e-08 0.0 [7.305437320037681e-09,8.236881743575416e-09,0.5,4.109120459353958e-09,5.148306674897793e-09,1.0113678489668477e-08,3.6139039143890062e-09,8.993233692440194e-09] [7.305437144111693e-09,8.23688139917067e-09,7.6853003960764e-09,4.109120599338212e-09,5.1483066698665425e-09,1.0113678783341129e-08,3.6139038428473214e-09,8.993233713283644e-09] 1.3862944407904148 1.3862943611198908 [2.1054314375782512,2.378509116165992,2.7552824891964702,3.275127887615412,3.9923740031881496,4.981979743411692,6.347368136350397,8.316250168151875,11.274624462343393,15.600841751196393,21.814312592005784] True [0.0,0.0,1.0,0.0,0.0,0.0,0.0,0.0] True [0.2,0.275945932292243,0.3807307877431757,0.5253055608807534,0.7247796636776955,0.9999999999999998,1.3797296614612147,1.9036539387158784,2.6265278044037665,3.623898318388476,4.999999999999999]
19.952623149688815 15.848931924611144 25.118864315095824 2.5391204647111946e-17 2.183547426319465e-14 3.601836088885015e-12 2.4200918782622064e-12 1.4407344759683878e-11 8.727876948465572e-11 -7.049516973944847e-06 0.0 [6.761974127864362e-07,7.870311556857775e-07,7.317447326861094e-07,3.920687204588435e-07,4.915316520470586e-07,9.639713677648697e-07,3.4283895193696945e-07,0.5] [6.761974304936302e-07,7.870311833357846e-07,7.317447057175741e-07,3.920687277059187e-07,4.915316367259948e-07,9.639713880460477e-07,3.4283894478903676e-07,8.606255050835898e-07] 1.3863014106368647 1.3862943611198908 [1.6131720724649903,1.6993242689871608,1.8181910099288343,1.9821949781672874,2.208476117743224,2.5206829178453893,2.951443900456239,3.5457776051646075,4.365797446356874,5.497217122162639,7.176778215765319] True [0.0,0.0,0.0,0.0,0.0,0.0,0.0,1.0] True [0.2,0.275945932292243,0.3807307877431757,0.5253055608807534,0.7247796636776955,0.9999999999999998,1.3797296614612147,1.9036539387158784,2.6265278044037665,3.623898318388476,4.999999999999999]
31.622776601683817 25.118864315095824 39.810717055349734 nan nan nan nan nan nan nan nan [NaN,NaN,NaN,NaN,NaN,NaN,NaN,NaN] [0.0,0.0,0.0,0.0,0.0,0.0,0.0,0.0] 0.0 0.0 [NaN,NaN,NaN,NaN,NaN,NaN,NaN,NaN,NaN,NaN,NaN] False [0.0,0.0,0.0,0.0,0.0,0.0,0.0,0.0] False [0.2,0.275945932292243,0.3807307877431757,0.5253055608807534,0.7247796636776955,0.9999999999999998,1.3797296614612147,1.9036539387158784,2.6265278044037665,3.623898318388476,4.999999999999999]
50.11872336272726 39.810717055349734 63.095734448019364 nan nan nan nan nan nan nan nan [NaN,NaN,NaN,NaN,NaN,NaN,NaN,NaN] [0.0,0.0,0.0,0.0,0.0,0.0,0.0,0.0] 0.0 0.0 [NaN,NaN,NaN,NaN,NaN,NaN,NaN,NaN,NaN,NaN,NaN] False [0.0,0.0,0.0,0.0,0.0,0.0,0.0,0.0] False [0.2,0.275945932292243,0.3807307877431757,0.5253055608807534,0.7247796636776955,0.9999999999999998,1.3797296614612147,1.9036539387158784,2.6265278044037665,3.623898318388476,4.999999999999999]
79.4328234724282 63.095734448019364 100.00000000000004 nan nan nan nan nan nan nan nan [NaN,NaN,NaN,NaN,NaN,NaN,NaN,NaN] [0.0,0.0,0.0,0.0,0.0,0.0,0.0,0.0] 0.0 0.0 [NaN,NaN,NaN,NaN,NaN,NaN,NaN,NaN,NaN,NaN,NaN] False [0.0,0.0,0.0,0.0,0.0,0.0,0.0,0.0] False [0.2,0.275945932292243,0.3807307877431757,0.5253055608807534,0.7247796636776955,0.9999999999999998,1.3797296614612147,1.9036539387158784,2.6265278044037665,3.623898318388476,4.999999999999999]
