validation/lst1-dl3-crab/results/flux-points.ecsv
# %ECSV 1.0
# ---
# datatype:
# - {name: e_ref, unit: TeV, datatype: float64}
# - {name: e_min, unit: TeV, datatype: float64}
# - {name: e_max, unit: TeV, datatype: float64}
# - {name: e2dnde, unit: erg / (s cm2), datatype: float64}
# - {name: e2dnde_err, unit: erg / (s cm2), datatype: float64}
# - {name: e2dnde_errp, unit: erg / (s cm2), datatype: float64}
# - {name: e2dnde_errn, unit: erg / (s cm2), datatype: float64}
# - {name: e2dnde_ul, unit: erg / (s cm2), datatype: float64}
# - {name: e2dnde_sensitivity, unit: erg / (s cm2), datatype: float64}
# - {name: ts, unit: '', datatype: float64}
# - {name: sqrt_ts, unit: '', datatype: float64}
# - {name: npred, unit: '', datatype: string, subtype: 'float64[8]'}
# - {name: npred_excess, unit: '', datatype: string, subtype: 'float32[8]'}
# - {name: stat, datatype: float64}
# - {name: stat_null, unit: '', datatype: float64}
# - {name: stat_scan, datatype: string, subtype: 'float64[11]'}
# - {name: is_ul, datatype: bool}
# - {name: counts, unit: '', datatype: string, subtype: 'float64[8]'}
# - {name: success, unit: '', datatype: bool}
# - {name: norm_scan, unit: '', datatype: string, subtype: 'float64[11]'}
# meta: !!omap
# - {SED_TYPE: e2dnde}
# - {UL_CONF: 0.9544997}
# schema: astropy-2.0
e_ref e_min e_max e2dnde e2dnde_err e2dnde_errp e2dnde_errn e2dnde_ul e2dnde_sensitivity ts sqrt_ts npred npred_excess stat stat_null stat_scan is_ul counts success norm_scan
0.012589254117941677 0.010000000000000004 0.01584893192461114 nan nan nan nan nan nan nan nan [NaN,NaN,NaN,NaN,NaN,NaN,NaN,NaN] [0.0,0.0,0.0,0.0,0.0,0.0,0.0,0.0] 0.0 0.0 [NaN,NaN,NaN,NaN,NaN,NaN,NaN,NaN,NaN,NaN,NaN] False [0.0,0.0,0.0,0.0,0.0,0.0,0.0,0.0] False [0.2,0.275945932292243,0.3807307877431757,0.5253055608807534,0.7247796636776955,0.9999999999999998,1.3797296614612147,1.9036539387158784,2.6265278044037665,3.623898318388476,4.999999999999999]
0.019952623149688802 0.01584893192461114 0.025118864315095794 nan nan nan nan nan nan nan nan [NaN,NaN,NaN,NaN,NaN,NaN,NaN,NaN] [0.0,0.0,0.0,0.0,0.0,0.0,0.0,0.0] 0.0 0.0 [NaN,NaN,NaN,NaN,NaN,NaN,NaN,NaN,NaN,NaN,NaN] False [0.0,0.0,0.0,0.0,0.0,0.0,0.0,0.0] False [0.2,0.275945932292243,0.3807307877431757,0.5253055608807534,0.7247796636776955,0.9999999999999998,1.3797296614612147,1.9036539387158784,2.6265278044037665,3.623898318388476,4.999999999999999]
0.0316227766016838 0.025118864315095794 0.03981071705534973 nan nan nan nan nan nan nan nan [NaN,NaN,NaN,NaN,NaN,NaN,NaN,NaN] [0.0,0.0,0.0,0.0,0.0,0.0,0.0,0.0] 0.0 0.0 [NaN,NaN,NaN,NaN,NaN,NaN,NaN,NaN,NaN,NaN,NaN] False [0.0,0.0,0.0,0.0,0.0,0.0,0.0,0.0] False [0.2,0.275945932292243,0.3807307877431757,0.5253055608807534,0.7247796636776955,0.9999999999999998,1.3797296614612147,1.9036539387158784,2.6265278044037665,3.623898318388476,4.999999999999999]
0.05011872336272723 0.03981071705534973 0.06309573444801932 nan nan nan nan nan nan nan nan [NaN,NaN,NaN,NaN,NaN,NaN,NaN,NaN] [0.0,0.0,0.0,0.0,0.0,0.0,0.0,0.0] 0.0 0.0 [NaN,NaN,NaN,NaN,NaN,NaN,NaN,NaN,NaN,NaN,NaN] False [0.0,0.0,0.0,0.0,0.0,0.0,0.0,0.0] False [0.2,0.275945932292243,0.3807307877431757,0.5253055608807534,0.7247796636776955,0.9999999999999998,1.3797296614612147,1.9036539387158784,2.6265278044037665,3.623898318388476,4.999999999999999]
0.07943282347242814 0.06309573444801932 0.10000000000000002 1.1749828236072523e-10 2.573998473085161e-11 2.5740542712069935e-11 2.573956108253733e-11 1.689805272173242e-10 1.3923599113397541e-10 20.838058736466337 4.564872258504758 [7245.931745407913,7698.894280640208,6582.826750434228,3452.186208582474,5283.0929880778285,8777.464885858391,3050.9718108532534,7476.7526977286725] [226.5524444580078,237.0885772705078,188.08709716796875,99.18354034423828,153.71022033691406,244.14471435546875,82.87984466552734,192.59634399414062] 31.216824842471397 52.05488357893773 [45.45689895453688,43.279443844920024,40.57156069367193,37.399715825362364,34.09771543634997,31.58698398510751,32.015982605167665,40.017807207404985,65.1572708171152,126.65207225187623,262.40714274505444] False [7204.0,7871.0,6668.0,3376.0,5198.0,8929.0,2975.0,7325.0] True [0.2,0.275945932292243,0.3807307877431757,0.5253055608807534,0.7247796636776955,0.9999999999999998,1.3797296614612147,1.9036539387158784,2.6265278044037665,3.623898318388476,4.999999999999999]
0.12589254117941678 0.10000000000000002 0.15848931924611143 1.0390687413940402e-10 1.534823165794011e-11 1.535037617957944e-11 1.5346419652724203e-11 1.3461350612625442e-10 5.633218521766863e-11 45.86332767782369 6.772246870708694 [1579.514900328052,1925.8686143612217,2035.8311307143717,1302.2374419392374,1153.8886947872613,3062.206318990718,1185.9467947781577,3083.333887577814] [177.0318603515625,183.70362854003906,147.87042236328125,76.21681213378906,120.5652847290039,188.41604614257812,64.1393051147461,152.7125701904297] 15.889221225312212 61.7525489031359 [44.467494538352184,38.969065963825415,32.345940466864704,25.042099832673557,18.457311146306893,16.018890613187978,25.29009879149453,62.04303280856402,157.96252835938867,374.78285787724235,829.0073332243883] False [1526.0,1936.0,2080.0,1332.0,1171.0,2981.0,1172.0,3165.0] True [0.2,0.275945932292243,0.3807307877431757,0.5253055608807534,0.7247796636776955,0.9999999999999998,1.3797296614612147,1.9036539387158784,2.6265278044037665,3.623898318388476,4.999999999999999]
0.19952623149688806 0.15848931924611143 0.25118864315095807 1.1394843421034309e-10 7.136125452447624e-12 7.146250030880414e-12 7.12689162735042e-12 1.282690287327743e-10 1.0022337333645016e-11 257.9351634329205 16.06036000321663 [373.9584833908233,395.8450744371596,326.7607814493209,196.79454202610083,255.7296920289616,457.15834741243884,196.9068977656366,494.4154606143677] [165.07948303222656,169.31080627441406,137.26150512695312,71.19585418701172,112.01580810546875,175.72140502929688,60.76837158203125,147.79928588867188] 4.116492369691059 262.05165580261155 [172.16410669919924,142.91044626259145,107.05739468261709,66.2947779342312,26.82201567817583,4.344481383442599,32.821371869341874,177.40152061406843,549.1753456251035,1317.5294251779865,2720.006522993395] False [363.0,416.0,319.0,204.0,257.0,440.0,200.0,501.0] True [0.2,0.275945932292243,0.3807307877431757,0.5253055608807534,0.7247796636776955,0.9999999999999998,1.3797296614612147,1.9036539387158784,2.6265278044037665,3.623898318388476,4.999999999999999]
0.316227766016838 0.25118864315095807 0.3981071705534973 1.0493517324128747e-10 5.331671092844201e-12 5.354177294482356e-12 5.310429329792733e-12 1.15690957001015e-10 5.202975167983939e-12 405.7755520744382 20.143871327886263 [179.43290838491427,188.6937774608105,153.14259628727046,87.33328965992322,133.85146273746827,204.97852116983478,83.35033175911704,183.27698518534407] [123.6346206665039,128.5098114013672,106.17345428466797,55.5465087890625,84.2363052368164,136.98605346679688,47.47534942626953,112.55763244628906] 9.961760038130024 415.73731211256825 [272.709067724552,225.5584974801336,167.61690512964117,102.06057189127444,40.36239817588978,9.961836888463608,62.24658244788361,275.78876875642925,755.8910265893721,1638.0573510525023,3099.1243732507] False [182.0,183.0,140.0,84.0,149.0,214.0,97.0,167.0] True [0.2,0.275945932292243,0.3807307877431757,0.5253055608807534,0.7247796636776955,0.9999999999999998,1.3797296614612147,1.9036539387158784,2.6265278044037665,3.623898318388476,4.999999999999999]
0.5011872336272724 0.3981071705534973 0.6309573444801934 9.028307780044722e-11 4.733505277714894e-12 4.772730042683337e-12 4.69603182092641e-12 9.990921830133195e-11 4.209700059054593e-12 396.42511178757155 19.910427212583148 [104.62096233602884,99.08985075181752,89.07191381714367,46.52747548838565,72.61930312411198,110.40417547376217,44.91588396040616,96.84821882434348] [81.2202377319336,84.8053970336914,71.69578552246094,37.92003631591797,55.52971267700195,93.38755798339844,32.61907958984375,78.01318359375] 4.5634135989150195 400.9885253864866 [260.7634896916404,213.44186828583975,154.77641701139268,88.48237366226053,28.486506000647154,5.084537615037277,63.75704667851193,260.74786062251565,664.9997379222849,1365.4019654799745,2480.7927606889734] False [93.0,108.0,91.0,39.0,73.0,117.0,46.0,96.0] True [0.2,0.275945932292243,0.3807307877431757,0.5253055608807534,0.7247796636776955,0.9999999999999998,1.3797296614612147,1.9036539387158784,2.6265278044037665,3.623898318388476,4.999999999999999]
0.7943282347242816 0.6309573444801934 1.0 7.465792404944645e-11 4.6724760403469505e-12 4.734568937177806e-12 4.6126080031970124e-12 8.42514563733538e-11 4.584363128205412e-12 288.2630923050948 16.97831241039859 [50.04149138900705,57.693752938643684,51.05829433386167,25.651941829232303,39.889364421673704,64.01262034647716,23.561288922732537,53.81782550457192] [47.66326141357422,50.38882064819336,43.308197021484375,23.02581214904785,32.76287841796875,56.628936767578125,19.95348358154297,48.705528259277344] 9.128697611200678 297.39178991629547 [196.5279886725602,161.78903774929051,118.26482613109796,68.75267393490532,24.822272651625994,9.844396432742968,52.863203086435846,186.528256361058,451.03286693990776,899.3258317148012,1603.1600606984534] False [58.0,68.0,56.0,22.0,35.0,50.0,21.0,55.0] True [0.2,0.275945932292243,0.3807307877431757,0.5253055608807534,0.7247796636776955,0.9999999999999998,1.3797296614612147,1.9036539387158784,2.6265278044037665,3.623898318388476,4.999999999999999]
1.2589254117941675 1.0 1.584893192461114 7.001939799018701e-11 5.248809710893168e-12 5.349245646822566e-12 5.151819324444374e-12 8.092498627852594e-11 5.698968796679189e-12 214.6525887864287 14.651026885049003 [34.08609002481933,31.972013895997815,29.413597248820135,15.879854071935071,22.033492819626765,40.51172231509454,15.492315581112626,33.696816595189446] [29.84813117980957,31.972013473510742,27.72447967529297,14.803961753845215,20.662139892578125,36.359169006347656,12.908056259155273,31.894540786743164] 3.9401835619861814 218.59277234841488 [157.2556261086376,135.09417857705665,105.99815638344936,69.72210853782587,31.260185623672932,6.384387426257149,11.862431236790648,65.98699719947939,190.57504280999828,414.1307594878776,775.2313658477786] False [36.0,33.0,24.0,17.0,28.0,42.0,13.0,30.0] True [0.2,0.275945932292243,0.3807307877431757,0.5253055608807534,0.7247796636776955,0.9999999999999998,1.3797296614612147,1.9036539387158784,2.6265278044037665,3.623898318388476,4.999999999999999]
1.9952623149688808 1.584893192461114 2.5118864315095824 4.978853232137058e-11 5.3716491118835904e-12 5.526454807792327e-12 5.223142479117413e-12 6.116212293928754e-11 8.001404910434189e-12 106.48894509471715 10.319348094463969 [14.035304973790664,15.146612994110424,15.108113900578807,7.034653998093487,9.73740563524817,18.665828462946816,7.273078697489833,17.9221363603154] [14.03530502319336,15.146613121032715,13.122323989868164,7.034654140472412,9.737405776977539,17.265714645385742,6.1620330810546875,15.342702865600586] 5.564475777035128 112.05342087175228 [80.52316071708108,68.93149477876207,53.428631310029445,35.23093337322096,16.810352837861586,6.07791408920877,11.243916513522105,40.91034286031986,105.67561914982622,219.55473954459012,401.5940956896885] False [17.0,10.0,15.0,5.0,11.0,24.0,8.0,15.0] True [0.2,0.275945932292243,0.3807307877431757,0.5253055608807534,0.7247796636776955,0.9999999999999998,1.3797296614612147,1.9036539387158784,2.6265278044037665,3.623898318388476,4.999999999999999]
3.1622776601683813 2.5118864315095824 3.9810717055349736 3.077915958325906e-11 4.977835689960786e-12 5.234903458378454e-12 4.778305605048729e-12 4.1775123874191166e-11 1.3642952187171177e-11 43.49092823815444 6.594765214786228 [5.593339195156401,7.1385921485093515,5.38980700630386,2.8871348759228437,3.9107808106412345,7.089695351892224,3.123472188737543,6.29353993672999] [5.593338966369629,6.157637119293213,5.389807224273682,2.8871347904205322,3.910780906677246,7.089695453643799,2.5281786918640137,6.293540000915527] 7.3188179876580755 50.80974622581252 [36.1324016519139,30.69489018801641,23.883824900989435,16.3563507273639,9.841018377035908,7.38571960032326,13.102837628836696,30.604436609774194,64.51255472366367,121.14580224081371,209.18916670016463] False [5.0,7.0,8.0,2.0,7.0,4.0,1.0,7.0] True [0.2,0.275945932292243,0.3807307877431757,0.5253055608807534,0.7247796636776955,0.9999999999999998,1.3797296614612147,1.9036539387158784,2.6265278044037665,3.623898318388476,4.999999999999999]
5.011872336272725 3.9810717055349736 6.309573444801936 1.6555097642170375e-11 5.235181263260498e-12 5.790530794003271e-12 4.698578813733512e-12 2.856162903617801e-11 2.160982374976198e-11 12.664742089832218 3.5587556940357987 [2.5,2.1243183134953356,1.8868136374736146,1.008363551803867,1.3411175663678974,2.4779626958116374,0.8801197118822072,2.181241577651539] [1.9000781774520874,2.1243183612823486,1.8868136405944824,1.0083636045455933,1.3411176204681396,2.4779627323150635,0.8801197409629822,2.181241512298584] 8.129673326966143 20.794415416798362 [15.708449545223052,13.950727399819831,11.843894764711642,9.56468588826587,8.196445097866732,8.749489226969665,12.409898192024674,21.11866751397913,36.80132274409182,62.10605521733682,100.68665306780247] False [5.0,1.0,2.0,0.0,1.0,3.0,0.0,3.0] True [0.2,0.275945932292243,0.3807307877431757,0.5253055608807534,0.7247796636776955,0.9999999999999998,1.3797296614612147,1.9036539387158784,2.6265278044037665,3.623898318388476,4.999999999999999]
7.943282347242818 6.309573444801936 10.000000000000002 1.6972118526513238e-11 5.657372664394203e-12 6.293868018273577e-12 5.6601483816798855e-12 3.088574180076215e-11 3.3976870283017214e-11 8.060628173577221 2.8391245435128805 [1.2148605040088307,1.365082518100297,1.249642376714505,0.6671076752270061,0.8525585756169499,1.6423059214964773,0.582953339016651,1.4381253623222507] [1.2148605585098267,1.3650825023651123,1.2496423721313477,0.6671077013015747,0.8525585532188416,1.6423059701919556,0.5829533338546753,1.4381253719329834] 4.416021076501795 12.476649250079017 [10.601587334425176,9.889570707975125,8.90718024900844,7.573075091194088,6.149010133716344,4.920382774255552,4.441870107670782,5.856039664421505,10.007356077279137,17.93519519528278,31.07361470675815] False [1.0,2.0,1.0,1.0,0.0,3.0,0.0,1.0] True [0.2,0.275945932292243,0.3807307877431757,0.5253055608807534,0.7247796636776955,0.9999999999999998,1.3797296614612147,1.9036539387158784,2.6265278044037665,3.623898318388476,4.999999999999999]
12.589254117941675 10.000000000000002 15.848931924611144 -1.4577049105328052e-27 3.95238030260747e-14 2.086853238810713e-12 1.5058241779882523e-12 8.347412955242837e-12 5.430408111604083e-11 -6.661338147750939e-16 -0.0 [0.0,0.0,0.5,0.0,0.0,0.0,0.0,0.0] [-6.405101019736959e-17,-7.221759233153822e-17,-6.73815966855327e-17,-3.602708726486112e-17,-4.5138200470724453e-17,-8.867260361282699e-17,-3.168521622957028e-17,-7.884897357092273e-17] 1.3862943611198915 1.3862943611198908 [2.1053449168067746,2.3783897408912535,2.7551177835890686,3.27490063840347,3.9920604607098893,4.981547139554309,6.346771259976704,8.315350161113999,11.273292082051611,15.598912812701375,21.811560564462972] True [0.0,0.0,1.0,0.0,0.0,0.0,0.0,0.0] True [0.2,0.275945932292243,0.3807307877431757,0.5253055608807534,0.7247796636776955,0.9999999999999998,1.3797296614612147,1.9036539387158784,2.6265278044037665,3.623898318388476,4.999999999999999]
19.952623149688815 15.848931924611144 25.118864315095824 2.210604727049118e-17 2.0708530418671568e-14 3.601804879377297e-12 2.4200251218108526e-12 1.4407219566802671e-11 8.72839530791454e-11 -6.137491621593938e-06 0.0 [5.887144311923211e-07,6.852099796666341e-07,6.370770064011444e-07,3.413457416218716e-07,4.2793988364262537e-07,8.392598283884419e-07,2.984849751036276e-07,0.5] [5.887144425287261e-07,6.852099545540113e-07,6.370769938257581e-07,3.413457534406916e-07,4.2793988086486934e-07,8.392598260797968e-07,2.9848496296835947e-07,7.492860163438309e-07] 1.3863004986115124 1.3862943611198908 [1.613124100776965,1.6992580810262807,1.8180996884359768,1.982068979194863,2.208302273223657,2.52044305940526,2.951112960651841,3.545320997700321,4.365167451494752,5.4963463917504125,7.175419520531392] True [0.0,0.0,0.0,0.0,0.0,0.0,0.0,1.0] True [0.2,0.275945932292243,0.3807307877431757,0.5253055608807534,0.7247796636776955,0.9999999999999998,1.3797296614612147,1.9036539387158784,2.6265278044037665,3.623898318388476,4.999999999999999]
31.622776601683817 25.118864315095824 39.810717055349734 nan nan nan nan nan nan nan nan [NaN,NaN,NaN,NaN,NaN,NaN,NaN,NaN] [0.0,0.0,0.0,0.0,0.0,0.0,0.0,0.0] 0.0 0.0 [NaN,NaN,NaN,NaN,NaN,NaN,NaN,NaN,NaN,NaN,NaN] False [0.0,0.0,0.0,0.0,0.0,0.0,0.0,0.0] False [0.2,0.275945932292243,0.3807307877431757,0.5253055608807534,0.7247796636776955,0.9999999999999998,1.3797296614612147,1.9036539387158784,2.6265278044037665,3.623898318388476,4.999999999999999]
50.11872336272726 39.810717055349734 63.095734448019364 nan nan nan nan nan nan nan nan [NaN,NaN,NaN,NaN,NaN,NaN,NaN,NaN] [0.0,0.0,0.0,0.0,0.0,0.0,0.0,0.0] 0.0 0.0 [NaN,NaN,NaN,NaN,NaN,NaN,NaN,NaN,NaN,NaN,NaN] False [0.0,0.0,0.0,0.0,0.0,0.0,0.0,0.0] False [0.2,0.275945932292243,0.3807307877431757,0.5253055608807534,0.7247796636776955,0.9999999999999998,1.3797296614612147,1.9036539387158784,2.6265278044037665,3.623898318388476,4.999999999999999]
79.4328234724282 63.095734448019364 100.00000000000004 nan nan nan nan nan nan nan nan [NaN,NaN,NaN,NaN,NaN,NaN,NaN,NaN] [0.0,0.0,0.0,0.0,0.0,0.0,0.0,0.0] 0.0 0.0 [NaN,NaN,NaN,NaN,NaN,NaN,NaN,NaN,NaN,NaN,NaN] False [0.0,0.0,0.0,0.0,0.0,0.0,0.0,0.0] False [0.2,0.275945932292243,0.3807307877431757,0.5253055608807534,0.7247796636776955,0.9999999999999998,1.3797296614612147,1.9036539387158784,2.6265278044037665,3.623898318388476,4.999999999999999]
