validation/lst1-dl3-crab/results/flux-points.ecsv
# %ECSV 1.0
# ---
# datatype:
# - {name: e_ref, unit: TeV, datatype: float64}
# - {name: e_min, unit: TeV, datatype: float64}
# - {name: e_max, unit: TeV, datatype: float64}
# - {name: e2dnde, unit: erg / (s cm2), datatype: float64}
# - {name: e2dnde_err, unit: erg / (s cm2), datatype: float64}
# - {name: e2dnde_errp, unit: erg / (s cm2), datatype: float64}
# - {name: e2dnde_errn, unit: erg / (s cm2), datatype: float64}
# - {name: e2dnde_ul, unit: erg / (s cm2), datatype: float64}
# - {name: e2dnde_sensitivity, unit: erg / (s cm2), datatype: float64}
# - {name: ts, unit: '', datatype: float64}
# - {name: sqrt_ts, unit: '', datatype: float64}
# - {name: npred, unit: '', datatype: string, subtype: 'float64[8]'}
# - {name: npred_excess, unit: '', datatype: string, subtype: 'float32[8]'}
# - {name: stat, datatype: float64}
# - {name: stat_null, unit: '', datatype: float64}
# - {name: stat_scan, datatype: string, subtype: 'float64[11]'}
# - {name: is_ul, datatype: bool}
# - {name: counts, unit: '', datatype: string, subtype: 'float64[8]'}
# - {name: success, unit: '', datatype: bool}
# - {name: norm_scan, unit: '', datatype: string, subtype: 'float64[11]'}
# meta: !!omap
# - {SED_TYPE: e2dnde}
# - {UL_CONF: 0.9544997}
# schema: astropy-2.0
e_ref e_min e_max e2dnde e2dnde_err e2dnde_errp e2dnde_errn e2dnde_ul e2dnde_sensitivity ts sqrt_ts npred npred_excess stat stat_null stat_scan is_ul counts success norm_scan
0.012589254117941677 0.010000000000000004 0.01584893192461114 nan nan nan nan nan nan nan nan [NaN,NaN,NaN,NaN,NaN,NaN,NaN,NaN] [0.0,0.0,0.0,0.0,0.0,0.0,0.0,0.0] 0.0 0.0 [NaN,NaN,NaN,NaN,NaN,NaN,NaN,NaN,NaN,NaN,NaN] False [0.0,0.0,0.0,0.0,0.0,0.0,0.0,0.0] False [0.2,0.275945932292243,0.3807307877431757,0.5253055608807534,0.7247796636776955,0.9999999999999998,1.3797296614612147,1.9036539387158784,2.6265278044037665,3.623898318388476,4.999999999999999]
0.019952623149688802 0.01584893192461114 0.025118864315095794 nan nan nan nan nan nan nan nan [NaN,NaN,NaN,NaN,NaN,NaN,NaN,NaN] [0.0,0.0,0.0,0.0,0.0,0.0,0.0,0.0] 0.0 0.0 [NaN,NaN,NaN,NaN,NaN,NaN,NaN,NaN,NaN,NaN,NaN] False [0.0,0.0,0.0,0.0,0.0,0.0,0.0,0.0] False [0.2,0.275945932292243,0.3807307877431757,0.5253055608807534,0.7247796636776955,0.9999999999999998,1.3797296614612147,1.9036539387158784,2.6265278044037665,3.623898318388476,4.999999999999999]
0.0316227766016838 0.025118864315095794 0.03981071705534973 nan nan nan nan nan nan nan nan [NaN,NaN,NaN,NaN,NaN,NaN,NaN,NaN] [0.0,0.0,0.0,0.0,0.0,0.0,0.0,0.0] 0.0 0.0 [NaN,NaN,NaN,NaN,NaN,NaN,NaN,NaN,NaN,NaN,NaN] False [0.0,0.0,0.0,0.0,0.0,0.0,0.0,0.0] False [0.2,0.275945932292243,0.3807307877431757,0.5253055608807534,0.7247796636776955,0.9999999999999998,1.3797296614612147,1.9036539387158784,2.6265278044037665,3.623898318388476,4.999999999999999]
0.05011872336272723 0.03981071705534973 0.06309573444801932 nan nan nan nan nan nan nan nan [NaN,NaN,NaN,NaN,NaN,NaN,NaN,NaN] [0.0,0.0,0.0,0.0,0.0,0.0,0.0,0.0] 0.0 0.0 [NaN,NaN,NaN,NaN,NaN,NaN,NaN,NaN,NaN,NaN,NaN] False [0.0,0.0,0.0,0.0,0.0,0.0,0.0,0.0] False [0.2,0.275945932292243,0.3807307877431757,0.5253055608807534,0.7247796636776955,0.9999999999999998,1.3797296614612147,1.9036539387158784,2.6265278044037665,3.623898318388476,4.999999999999999]
0.07943282347242814 0.06309573444801932 0.10000000000000002 1.175001798094305e-10 2.5740447602799014e-11 2.5740879799176022e-11 2.5740157611294845e-11 1.6898347296933086e-10 1.3923864815086983e-10 20.838016608497128 4.564867644137903 [7245.931534516418,7698.894032691593,6582.826331597793,3452.1861019636985,5283.092808439576,8777.46459951456,3050.971756795305,7476.7528071299175] [226.55203247070312,237.0880889892578,188.08627319335938,99.18333435058594,153.70986938476562,244.14413452148438,82.8797378540039,192.5965576171875] 31.216866970440606 52.05488357893773 [45.45629521117371,43.278677970403805,40.57063178844692,37.398677476274315,34.09674595356046,31.586528065570747,32.01703189739783,40.022449046664406,65.16975146526238,126.68084060680121,262.46874522886355] False [7204.0,7871.0,6668.0,3376.0,5198.0,8929.0,2975.0,7325.0] True [0.2,0.275945932292243,0.3807307877431757,0.5253055608807534,0.7247796636776955,0.9999999999999998,1.3797296614612147,1.9036539387158784,2.6265278044037665,3.623898318388476,4.999999999999999]
0.12589254117941673 0.10000000000000002 0.1584893192461114 1.03908197398856e-10 1.5348363051138146e-11 1.5350574863279856e-11 1.534661836836665e-11 1.3461523071124393e-10 5.633292413941152e-11 45.86331187176984 6.772245703735936 [1579.5150420035432,1925.8686446641575,2035.8309776223632,1302.2373665679322,1153.8887426182182,3062.206123043817,1185.9467329314632,3083.333848908298] [177.03211975097656,183.7036895751953,147.8701171875,76.21666717529297,120.56537628173828,188.41567993164062,64.13919067382812,152.71249389648438] 15.889237031366065 61.7525489031359 [44.46673414808174,38.9681235600583,32.34484345556848,25.04097329535216,18.456493663888978,16.019164484692737,25.293139167937625,62.05226769040746,157.98474588949102,374.83110037864026,829.1058038319861] False [1526.0,1936.0,2080.0,1332.0,1171.0,2981.0,1172.0,3165.0] True [0.2,0.275945932292243,0.3807307877431757,0.5253055608807534,0.7247796636776955,0.9999999999999998,1.3797296614612147,1.9036539387158784,2.6265278044037665,3.623898318388476,4.999999999999999]
0.199526231496888 0.1584893192461114 0.25118864315095807 1.1394934817579767e-10 7.136179668881665e-12 7.14630732230139e-12 7.126948724946746e-12 1.2827005605926027e-10 1.0022417368524964e-11 257.9351666066532 16.06036010202303 [373.9586476450529,395.84512759500944,326.7607048302327,196.79449689286764,255.72976850855625,457.1582365414257,196.90686476151404,494.41538335904124] [165.07972717285156,169.31089782714844,137.2613983154297,71.1957778930664,112.01593017578125,175.7212371826172,60.768314361572266,147.7991485595703] 4.116489195958366 262.05165580261155 [172.1638084316105,142.91007124168254,107.05694777035933,66.29429754131024,26.82161474880286,4.344423633279348,32.822195718864805,177.40419987431278,549.1814393274685,1317.5411840449424,2720.0270021740403] False [363.0,416.0,319.0,204.0,257.0,440.0,200.0,501.0] True [0.2,0.275945932292243,0.3807307877431757,0.5253055608807534,0.7247796636776955,0.9999999999999998,1.3797296614612147,1.9036539387158784,2.6265278044037665,3.623898318388476,4.999999999999999]
0.31622776601683794 0.25118864315095807 0.3981071705534973 1.0493567476839888e-10 5.331696749714286e-12 5.354202661953475e-12 5.310454476481437e-12 1.1569150866639027e-10 5.20300016355657e-12 405.7755854021292 20.143872155127703 [179.43304227438762,188.69382166743225,153.14255148834383,87.33326359446352,133.85152189009122,204.97846303093527,83.35030899110774,183.27690568439715] [123.63479614257812,128.50987243652344,106.17340087890625,55.54647445678711,84.23638916015625,136.9859619140625,47.47531509399414,112.55752563476562] 9.961726710439052 415.73731211256825 [272.7140207290762,225.56474783037868,167.62435062516158,102.06846501434086,40.36860011169597,9.961790912833635,62.23256702124081,275.74985355821286,755.8130369037046,1637.922006720009,3098.9075314991233] False [182.0,183.0,140.0,84.0,149.0,214.0,97.0,167.0] True [0.2,0.275945932292243,0.3807307877431757,0.5253055608807534,0.7247796636776955,0.9999999999999998,1.3797296614612147,1.9036539387158784,2.6265278044037665,3.623898318388476,4.999999999999999]
0.5011872336272724 0.3981071705534973 0.6309573444801932 9.028330518871892e-11 4.73351788815158e-12 4.772742477788113e-12 4.696044062738593e-12 9.990947786977424e-11 4.209712167093351e-12 396.4250968828072 19.9104268382877 [104.62103728945088,99.08987420456307,89.07188271889419,46.52745624569761,72.61933881198611,110.4041306811224,44.91586729223716,96.84816140453975] [81.22032928466797,84.805419921875,71.69574737548828,37.920013427734375,55.52975845336914,93.38750457763672,32.61906051635742,78.01311492919922] 4.563428503679347 400.9885253864866 [260.7732278497949,213.4542840330967,154.79130823099032,88.49796956526734,28.497784383133364,5.082430435284664,63.729593214916264,260.6806482809792,664.8746727004834,1365.1952204974275,2480.4721391333883] False [93.0,108.0,91.0,39.0,73.0,117.0,46.0,96.0] True [0.2,0.275945932292243,0.3807307877431757,0.5253055608807534,0.7247796636776955,0.9999999999999998,1.3797296614612147,1.9036539387158784,2.6265278044037665,3.623898318388476,4.999999999999999]
0.7943282347242815 0.6309573444801932 1.0 7.465795893948095e-11 4.672478989926668e-12 4.734573035074247e-12 4.612611984126842e-12 8.42515298446859e-11 4.5843669057870864e-12 288.26311452334835 16.978313064711358 [50.041513652806614,57.6937471943942,51.05826826715841,25.651925528052708,39.88937168459677,64.0125807905638,23.561274006929867,53.817781289528085] [47.66328430175781,50.38881301879883,43.30816650390625,23.025793075561523,32.76288986206055,56.6288948059082,19.953468322753906,48.70547866821289] 9.128675392947116 297.39178991629547 [196.53804795818726,161.80199258317577,118.28052118498675,68.76909969527206,24.83351851507426,9.841412499422702,52.835921414665194,186.46490464038396,450.91834571557223,899.1398896113523,1602.8750686830954] False [58.0,68.0,56.0,22.0,35.0,50.0,21.0,55.0] True [0.2,0.275945932292243,0.3807307877431757,0.5253055608807534,0.7247796636776955,0.9999999999999998,1.3797296614612147,1.9036539387158784,2.6265278044037665,3.623898318388476,4.999999999999999]
1.2589254117941675 1.0 1.584893192461114 7.001936355744421e-11 5.248806900000788e-12 5.349242997680626e-12 5.151816757370933e-12 8.09249476577354e-11 5.6989659823163346e-12 214.65260238271284 14.651027349053473 [34.08610657189756,31.97202197831699,29.413591584233423,15.879850290462638,22.033501880890306,40.51171369533178,15.492311591060107,33.69680264532601] [29.8481502532959,31.972021102905273,27.72447395324707,14.80395793914795,20.662151336669922,36.359161376953125,12.908052444458008,31.8945255279541] 3.9401699657020473 218.59277234841488 [157.26345600507392,135.10460905584813,106.0116114911039,69.7381843182627,31.274249021144414,6.38954526437341,11.85153054819314,65.95203079690621,190.50591338166876,414.0139674813971,775.0484993707796] False [36.0,33.0,24.0,17.0,28.0,42.0,13.0,30.0] True [0.2,0.275945932292243,0.3807307877431757,0.5253055608807534,0.7247796636776955,0.9999999999999998,1.3797296614612147,1.9036539387158784,2.6265278044037665,3.623898318388476,4.999999999999999]
1.9952623149688808 1.584893192461114 2.5118864315095824 4.978846507036048e-11 5.371642160391908e-12 5.526447860102845e-12 5.223135947596025e-12 6.116204346222189e-11 8.001394084710418e-12 106.48894802587049 10.319348236486183 [14.035310866436511,15.146614285693678,15.108111526048223,7.034652071763628,9.737409297673658,18.665824467074785,7.2730769064356995,17.922130152291814] [14.035310745239258,15.146614074707031,13.122321128845215,7.034652233123779,9.737409591674805,17.265710830688477,6.162031173706055,15.342696189880371] 5.56447284588179 112.05342087175228 [80.52784473020398,68.93782066096261,53.43684622989142,35.23981549614109,16.817952025847966,6.079854372222506,11.236431134084489,40.88900589185919,105.63473870521268,219.48665374308212,401.48832950664183] False [17.0,10.0,15.0,5.0,11.0,24.0,8.0,15.0] True [0.2,0.275945932292243,0.3807307877431757,0.5253055608807534,0.7247796636776955,0.9999999999999998,1.3797296614612147,1.9036539387158784,2.6265278044037665,3.623898318388476,4.999999999999999]
3.162277660168381 2.5118864315095824 3.9810717055349736 3.077908731765646e-11 4.977824210523901e-12 5.234895512546454e-12 4.778298031353229e-12 4.1775060608827874e-11 1.3642931124821913e-11 43.4909295682764 6.594765315633029 [5.593335799132908,7.138588088846108,5.389802138378962,2.887132207292859,3.9107782280297325,7.089688812055434,3.123469878479554,6.293533837812905] [5.5933356285095215,6.157632350921631,5.389801979064941,2.887132167816162,3.910778284072876,7.089688777923584,2.5281763076782227,6.293533802032471] 7.318816657536114 50.80974622581252 [36.13480052620213,30.69812700283812,23.887592637048048,16.36022004801272,9.843709423259215,7.385179166054506,13.09717835064378,30.59161699479911,64.48979780136241,121.10929885518752,209.133674022509] False [5.0,7.0,8.0,2.0,7.0,4.0,1.0,7.0] True [0.2,0.275945932292243,0.3807307877431757,0.5253055608807534,0.7247796636776955,0.9999999999999998,1.3797296614612147,1.9036539387158784,2.6265278044037665,3.623898318388476,4.999999999999999]
5.011872336272725 3.9810717055349736 6.309573444801936 1.6555076546562265e-11 5.235174595661126e-12 5.79052331349837e-12 4.698572847525102e-12 2.8561591960320968e-11 2.160979749402898e-11 12.664742301325097 3.5587557237502403 [2.5,2.1243185759029055,1.8868136131596018,1.008363532077101,1.3411177606114224,2.4779626469331086,0.8801196883723437,2.1812414886288383] [1.900078535079956,2.1243185997009277,1.8868136405944824,1.0083634853363037,1.3411177396774292,2.4779627323150635,0.8801196813583374,2.181241512298584] 8.129673115473265 20.794415416798362 [15.709312965038915,13.951785812608044,11.845118345683707,9.565819965856782,8.196723567143945,8.7485438160532,12.406683912242348,21.112238810306575,36.7904590044334,62.08907232697906,100.66122740372187] False [5.0,1.0,2.0,0.0,1.0,3.0,0.0,3.0] True [0.2,0.275945932292243,0.3807307877431757,0.5253055608807534,0.7247796636776955,0.9999999999999998,1.3797296614612147,1.9036539387158784,2.6265278044037665,3.623898318388476,4.999999999999999]
7.943282347242818 6.309573444801936 10.000000000000002 1.6971687011376818e-11 5.6572288254084344e-12 6.29386166458449e-12 5.660145007019313e-12 3.0885716324060534e-11 3.3976849386172686e-11 8.060628718354874 2.839124639454012 [1.2148307366464222,1.3650490175581316,1.2496115931994365,0.6670912407513372,0.8525376632251691,1.6422654620720936,0.5829389712133746,1.4380898761431489] [1.214830756187439,1.3650490045547485,1.2496116161346436,0.6670912504196167,0.8525376915931702,1.6422654390335083,0.5829389691352844,1.4380898475646973] 4.416020531724143 12.476649250079017 [10.601920968080222,9.890031032225055,8.90781537202996,7.573896168513422,6.149750292731715,4.920962319241504,4.441695690411083,5.854582765487061,10.004129700337767,17.929527417049947,31.064578454747952] False [1.0,2.0,1.0,1.0,0.0,3.0,0.0,1.0] True [0.2,0.275945932292243,0.3807307877431757,0.5253055608807534,0.7247796636776955,0.9999999999999998,1.3797296614612147,1.9036539387158784,2.6265278044037665,3.623898318388476,4.999999999999999]
12.589254117941675 10.000000000000002 15.848931924611144 4.2084401754915984e-19 2.0665103945694287e-15 2.0868530385040594e-12 1.5058247983097272e-12 8.347412574860247e-12 5.431112309286596e-11 -2.0166442449287558e-07 0.0 [1.849173356590126e-08,2.0849449364792865e-08,0.5,1.0401133964726987e-08,1.3031543535196114e-08,2.5600061767268765e-08,9.147622485783737e-09,2.2763948119776214e-08] [1.8491734365966295e-08,2.08494501663381e-08,1.945327987584733e-08,1.0401134176163396e-08,1.3031543844022053e-08,2.5600062514286037e-08,9.147622215266438e-09,2.276394894806799e-08] 1.3862945627843153 1.3862943611198908 [2.1052191241566454,2.3782161810406772,2.754878317915189,3.2745702405103168,3.991604600936622,4.980918176303666,6.345903460723821,8.314040692586401,11.271352422912374,15.596103660882886,21.807551747804496] True [0.0,0.0,1.0,0.0,0.0,0.0,0.0,0.0] True [0.2,0.275945932292243,0.3807307877431757,0.5253055608807534,0.7247796636776955,0.9999999999999998,1.3797296614612147,1.9036539387158784,2.6265278044037665,3.623898318388476,4.999999999999999]
19.952623149688815 15.848931924611144 25.118864315095824 2.2667980163073117e-17 2.089006867320925e-14 3.601806668408851e-12 2.4200266339002196e-12 1.440722621964715e-11 8.728401058867648e-11 -6.2935029472299675e-06 0.0 [6.036792616126604e-07,7.026275724028385e-07,6.532709603499435e-07,3.50022461225403e-07,4.3881788776360557e-07,8.605931014106636e-07,3.060722077798895e-07,0.5] [6.036792683516978e-07,7.02627573900827e-07,6.532709448947571e-07,3.500224750041525e-07,4.3881789224542445e-07,8.605931043348392e-07,3.060721951442247e-07,7.683319722673332e-07] 1.386300654622838 1.3862943611198908 [1.6130865189569874,1.6992062282745266,1.8180281456563527,1.9819702694997527,2.20816608052944,2.520255150305374,2.9508536968930694,3.5449632838022023,4.3646739030192006,5.495664280218348,7.17435210216627] True [0.0,0.0,0.0,0.0,0.0,0.0,0.0,1.0] True [0.2,0.275945932292243,0.3807307877431757,0.5253055608807534,0.7247796636776955,0.9999999999999998,1.3797296614612147,1.9036539387158784,2.6265278044037665,3.623898318388476,4.999999999999999]
31.622776601683817 25.118864315095824 39.810717055349734 nan nan nan nan nan nan nan nan [NaN,NaN,NaN,NaN,NaN,NaN,NaN,NaN] [0.0,0.0,0.0,0.0,0.0,0.0,0.0,0.0] 0.0 0.0 [NaN,NaN,NaN,NaN,NaN,NaN,NaN,NaN,NaN,NaN,NaN] False [0.0,0.0,0.0,0.0,0.0,0.0,0.0,0.0] False [0.2,0.275945932292243,0.3807307877431757,0.5253055608807534,0.7247796636776955,0.9999999999999998,1.3797296614612147,1.9036539387158784,2.6265278044037665,3.623898318388476,4.999999999999999]
50.11872336272726 39.810717055349734 63.095734448019364 nan nan nan nan nan nan nan nan [NaN,NaN,NaN,NaN,NaN,NaN,NaN,NaN] [0.0,0.0,0.0,0.0,0.0,0.0,0.0,0.0] 0.0 0.0 [NaN,NaN,NaN,NaN,NaN,NaN,NaN,NaN,NaN,NaN,NaN] False [0.0,0.0,0.0,0.0,0.0,0.0,0.0,0.0] False [0.2,0.275945932292243,0.3807307877431757,0.5253055608807534,0.7247796636776955,0.9999999999999998,1.3797296614612147,1.9036539387158784,2.6265278044037665,3.623898318388476,4.999999999999999]
79.43282347242818 63.095734448019364 100.00000000000004 nan nan nan nan nan nan nan nan [NaN,NaN,NaN,NaN,NaN,NaN,NaN,NaN] [0.0,0.0,0.0,0.0,0.0,0.0,0.0,0.0] 0.0 0.0 [NaN,NaN,NaN,NaN,NaN,NaN,NaN,NaN,NaN,NaN,NaN] False [0.0,0.0,0.0,0.0,0.0,0.0,0.0,0.0] False [0.2,0.275945932292243,0.3807307877431757,0.5253055608807534,0.7247796636776955,0.9999999999999998,1.3797296614612147,1.9036539387158784,2.6265278044037665,3.623898318388476,4.999999999999999]
