n_iterations: 10
n_sources: 10
simulations: 0.09775710105895996
npred computation: 55.42862153053284
