n_iterations: 10
n_sources: 10
simulations: 0.04673910140991211
npred computation: 12.771015405654907
