n_iterations: 10
n_sources: 10
simulations: 0.07396245002746582
npred computation: 47.26809287071228
