n_iterations: 10
n_sources: 10
simulations: 0.06508946418762207
npred computation: 36.83889150619507
