n_iterations: 10
n_sources: 10
simulations: 0.055094003677368164
npred computation: 18.121476650238037
