n_iterations: 10
n_sources: 10
simulations: 0.05276203155517578
npred computation: 17.395668029785156
