n_iterations: 10
n_sources: 10
simulations: 0.06703352928161621
npred computation: 47.003748655319214
