n_iterations: 10
n_sources: 10
simulations: 0.0823359489440918
npred computation: 51.76968765258789
