n_iterations: 10
n_sources: 10
simulations: 0.08742094039916992
npred computation: 46.43483805656433
