n_iterations: 10
n_sources: 10
simulations: 0.05485177040100098
npred computation: 4.612405776977539
