n_iterations: 10
n_sources: 10
simulations: 0.0585939884185791
npred computation: 3.7845633029937744
