n_iterations: 10
n_sources: 10
simulations: 0.06373381614685059
npred computation: 43.67997932434082
