n_iterations: 10
n_sources: 10
simulations: 0.10010528564453125
npred computation: 55.79814910888672
