n_iterations: 10
n_sources: 10
simulations: 0.06325674057006836
npred computation: 36.46112275123596
