n_iterations: 10
n_sources: 10
simulations: 0.044440269470214844
npred computation: 12.531569480895996
