n_iterations: 10
n_sources: 10
simulations: 0.059687137603759766
npred computation: 4.0563085079193115
