n_iterations: 10
n_sources: 10
simulations: 0.0508885383605957
npred computation: 13.58774733543396
