n_iterations: 10
n_sources: 10
simulations: 0.06460452079772949
npred computation: 33.42059898376465
