n_iterations: 10
n_sources: 10
simulations: 0.06239509582519531
npred computation: 13.04916763305664
