n_iterations: 10
n_sources: 10
simulations: 0.06961345672607422
npred computation: 45.45678162574768
