n_iterations: 10
n_sources: 10
simulations: 0.04796099662780762
npred computation: 12.924426794052124
