n_iterations: 10
n_sources: 10
simulations: 0.11529350280761719
npred computation: 61.42725610733032
