n_iterations: 10
n_sources: 10
simulations: 0.052722930908203125
npred computation: 17.08301091194153
