n_iterations: 10
n_sources: 10
simulations: 0.07366704940795898
npred computation: 53.997878551483154
