n_iterations: 10
n_sources: 10
simulations: 0.07537722587585449
npred computation: 49.22433280944824
