n_iterations: 10
n_sources: 10
simulations: 0.053490400314331055
npred computation: 13.26750373840332
