n_iterations: 10
n_sources: 10
simulations: 0.05414748191833496
npred computation: 17.25614619255066
