n_iterations: 10
n_sources: 10
simulations: 0.07126712799072266
npred computation: 40.14698529243469
