n_iterations: 10
n_sources: 10
simulations: 0.0543360710144043
npred computation: 13.261084079742432
