n_iterations: 10
n_sources: 10
simulations: 0.056210994720458984
npred computation: 13.82153058052063
