n_iterations: 10
n_sources: 10
simulations: 0.05310320854187012
npred computation: 13.46220850944519
