n_iterations: 10
n_sources: 10
simulations: 0.045108795166015625
npred computation: 12.793089866638184
