n_iterations: 10
n_sources: 10
simulations: 0.047919511795043945
npred computation: 13.036324739456177
