n_iterations: 10
n_sources: 10
simulations: 0.05948281288146973
npred computation: 39.26350140571594
