n_iterations: 10
n_sources: 10
simulations: 0.06673407554626465
npred computation: 38.305137395858765
