n_iterations: 10
n_sources: 10
simulations: 0.07351088523864746
npred computation: 44.786712884902954
