n_iterations: 10
n_sources: 10
simulations: 0.04706001281738281
npred computation: 12.815001726150513
