n_iterations: 10
n_sources: 10
simulations: 0.05156970024108887
npred computation: 13.108750581741333
