n_iterations: 10
n_sources: 10
simulations: 0.05437660217285156
npred computation: 17.54487442970276
