n_iterations: 10
n_sources: 10
simulations: 0.08355975151062012
npred computation: 50.224846839904785
