n_iterations: 10
n_sources: 10
simulations: 0.05929875373840332
npred computation: 4.034561634063721
