n_iterations: 10
n_sources: 10
simulations: 0.053632259368896484
npred computation: 13.275789976119995
