n_iterations: 10
n_sources: 10
simulations: 0.07105517387390137
npred computation: 46.92946243286133
