n_iterations: 10
n_sources: 10
simulations: 0.05059337615966797
npred computation: 3.5524747371673584
