n_iterations: 10
n_sources: 10
simulations: 0.06474494934082031
npred computation: 38.37451887130737
