n_iterations: 10
n_sources: 10
simulations: 0.053972482681274414
npred computation: 13.085009813308716
