n_iterations: 10
n_sources: 10
simulations: 0.06687808036804199
npred computation: 44.97003746032715
