n_iterations: 10
n_sources: 10
simulations: 0.10596323013305664
npred computation: 61.92765665054321
