n_iterations: 10
n_sources: 10
simulations: 0.05470085144042969
npred computation: 4.832616806030273
