n_iterations: 10
n_sources: 10
simulations: 0.13439488410949707
npred computation: 32.53964281082153
