n_iterations: 10
n_sources: 10
simulations: 0.05423879623413086
npred computation: 12.961072206497192
