n_iterations: 10
n_sources: 10
simulations: 0.05056190490722656
npred computation: 3.574923038482666
