n_iterations: 10
n_sources: 10
simulations: 0.05385017395019531
npred computation: 12.950220584869385
