n_iterations: 10
n_sources: 10
simulations: 0.05492210388183594
npred computation: 13.336870908737183
