n_iterations: 10
n_sources: 10
simulations: 0.08451533317565918
npred computation: 52.959301233291626
