n_iterations: 10
n_sources: 10
simulations: 0.05378150939941406
npred computation: 13.081629514694214
