n_iterations: 10
n_sources: 10
simulations: 0.11170148849487305
npred computation: 59.9886999130249
