n_iterations: 10
n_sources: 10
simulations: 0.07439756393432617
npred computation: 53.278067111968994
