n_iterations: 10
n_sources: 10
simulations: 0.04595828056335449
npred computation: 12.80311918258667
