n_iterations: 10
n_sources: 10
simulations: 0.0508575439453125
npred computation: 3.5281848907470703
