n_iterations: 10
n_sources: 10
simulations: 0.06149721145629883
npred computation: 43.91416621208191
