n_iterations: 10
n_sources: 10
simulations: 0.048531293869018555
npred computation: 12.99261474609375
