n_iterations: 10
n_sources: 10
simulations: 0.08139681816101074
npred computation: 60.06856107711792
