n_iterations: 10
n_sources: 10
simulations: 0.05458235740661621
npred computation: 13.42530107498169
