n_iterations: 10
n_sources: 10
simulations: 0.04945492744445801
npred computation: 12.55631136894226
