n_iterations: 10
n_sources: 10
simulations: 0.054062843322753906
npred computation: 13.634790420532227
