n_iterations: 10
n_sources: 10
simulations: 0.047119140625
npred computation: 13.0443696975708
