n_iterations: 10
n_sources: 10
simulations: 0.052616119384765625
npred computation: 12.643765687942505
