n_iterations: 10
n_sources: 10
simulations: 0.04870748519897461
npred computation: 12.894490003585815
