n_iterations: 10
n_sources: 10
simulations: 0.07086658477783203
npred computation: 43.91004681587219
