n_iterations: 10
n_sources: 10
simulations: 0.08485150337219238
npred computation: 52.719367027282715
