n_iterations: 10
n_sources: 10
simulations: 0.058866024017333984
npred computation: 3.942448854446411
