n_iterations: 10
n_sources: 10
simulations: 0.0966498851776123
npred computation: 56.69066619873047
