n_iterations: 10
n_sources: 10
simulations: 0.054291725158691406
npred computation: 13.311851978302002
