n_iterations: 10
n_sources: 10
simulations: 0.047502756118774414
npred computation: 13.235068321228027
