n_iterations: 10
n_sources: 10
simulations: 0.053862571716308594
npred computation: 3.5813400745391846
