n_iterations: 10
n_sources: 10
simulations: 0.055145978927612305
npred computation: 17.505921602249146
