n_iterations: 10
n_sources: 10
simulations: 0.04590964317321777
npred computation: 11.874243974685669
