n_iterations: 10
n_sources: 10
simulations: 0.07114911079406738
npred computation: 46.42628026008606
