n_iterations: 10
n_sources: 10
simulations: 0.05192422866821289
npred computation: 13.291021347045898
