n_iterations: 10
n_sources: 10
simulations: 0.05488014221191406
npred computation: 13.336763381958008
