n_iterations: 10
n_sources: 10
simulations: 0.045433998107910156
npred computation: 12.713131427764893
