n_iterations: 10
n_sources: 10
simulations: 0.0696415901184082
npred computation: 39.95664978027344
