n_iterations: 10
n_sources: 10
simulations: 0.07076001167297363
npred computation: 46.77726173400879
