n_iterations: 10
n_sources: 10
simulations: 0.09197807312011719
npred computation: 41.87671422958374
