n_iterations: 10
n_sources: 10
simulations: 0.07928347587585449
npred computation: 47.69270372390747
