n_iterations: 10
n_sources: 10
simulations: 0.049221038818359375
npred computation: 13.468854904174805
