n_iterations: 10
n_sources: 10
simulations: 0.1724379062652588
npred computation: 13.200881481170654
