n_iterations: 10
n_sources: 10
simulations: 0.07858657836914062
npred computation: 56.98522353172302
