n_iterations: 10
n_sources: 10
simulations: 0.05254340171813965
npred computation: 13.557717084884644
