n_iterations: 10
n_sources: 10
simulations: 0.08525824546813965
npred computation: 49.081701040267944
