n_iterations: 10
n_sources: 10
simulations: 0.06654238700866699
npred computation: 41.25096273422241
