n_iterations: 10
n_sources: 10
simulations: 0.06842660903930664
npred computation: 36.777944803237915
