n_iterations: 10
n_sources: 10
simulations: 0.04592466354370117
npred computation: 13.016229391098022
