n_iterations: 10
n_sources: 10
simulations: 0.04921889305114746
npred computation: 13.105865716934204
