n_iterations: 10
n_sources: 10
simulations: 0.052164554595947266
npred computation: 13.46903920173645
