n_iterations: 10
n_sources: 10
simulations: 0.0620427131652832
npred computation: 41.96070837974548
