n_iterations: 10
n_sources: 10
simulations: 0.06679773330688477
npred computation: 51.034671783447266
