n_iterations: 10
n_sources: 10
simulations: 0.08741068840026855
npred computation: 53.84499740600586
