n_iterations: 10
n_sources: 10
simulations: 0.06040525436401367
npred computation: 4.074164628982544
