n_iterations: 10
n_sources: 10
simulations: 0.05183529853820801
npred computation: 13.487628936767578
