n_iterations: 10
n_sources: 10
simulations: 0.06071281433105469
npred computation: 28.37482237815857
