n_iterations: 10
n_sources: 10
simulations: 0.0914146900177002
npred computation: 50.718013525009155
