n_iterations: 10
n_sources: 10
simulations: 0.04624748229980469
npred computation: 12.6224844455719
