n_iterations: 10
n_sources: 10
simulations: 0.053887128829956055
npred computation: 13.381029844284058
