n_iterations: 10
n_sources: 10
simulations: 0.08191967010498047
npred computation: 51.9756977558136
