n_iterations: 10
n_sources: 10
simulations: 0.053719282150268555
npred computation: 13.15895390510559
