n_iterations: 10
n_sources: 10
simulations: 0.04502439498901367
npred computation: 12.753088474273682
