n_iterations: 10
n_sources: 10
simulations: 0.07663822174072266
npred computation: 50.722132205963135
