n_iterations: 10
n_sources: 10
simulations: 0.0758676528930664
npred computation: 50.57258343696594
