n_iterations: 10
n_sources: 10
simulations: 0.052552223205566406
npred computation: 13.381314277648926
