n_iterations: 10
n_sources: 10
simulations: 0.08262467384338379
npred computation: 51.23829174041748
