n_iterations: 10
n_sources: 10
simulations: 0.04854893684387207
npred computation: 12.917322397232056
