n_iterations: 10
n_sources: 10
simulations: 0.04808807373046875
npred computation: 14.480724096298218
