n_iterations: 10
n_sources: 10
simulations: 0.05935502052307129
npred computation: 3.9816646575927734
