n_iterations: 10
n_sources: 10
simulations: 0.04820728302001953
npred computation: 13.100791215896606
