n_iterations: 10
n_sources: 10
simulations: 0.04748392105102539
npred computation: 12.627574443817139
