n_iterations: 10
n_sources: 10
simulations: 0.08669924736022949
npred computation: 40.05766177177429
