n_iterations: 10
n_sources: 10
simulations: 0.047332763671875
npred computation: 12.993065595626831
