n_iterations: 10
n_sources: 10
simulations: 0.0722651481628418
npred computation: 52.095011949539185
