n_iterations: 10
n_sources: 10
simulations: 0.05319547653198242
npred computation: 13.808430671691895
