n_iterations: 10
n_sources: 10
simulations: 0.06332945823669434
npred computation: 38.410030126571655
