n_iterations: 10
n_sources: 10
simulations: 0.0532221794128418
npred computation: 13.188048362731934
