n_iterations: 10
n_sources: 10
simulations: 0.0991978645324707
npred computation: 60.51113247871399
