n_iterations: 10
n_sources: 10
simulations: 0.1138460636138916
npred computation: 65.3875823020935
