n_iterations: 10
n_sources: 10
simulations: 0.05224418640136719
npred computation: 17.649455785751343
