n_iterations: 10
n_sources: 10
simulations: 0.053185224533081055
npred computation: 3.7302327156066895
