n_iterations: 10
n_sources: 10
simulations: 0.04643607139587402
npred computation: 12.42604947090149
