n_iterations: 10
n_sources: 10
simulations: 0.06491994857788086
npred computation: 32.741291999816895
