n_iterations: 10
n_sources: 10
simulations: 0.05524110794067383
npred computation: 18.086222887039185
