n_iterations: 10
n_sources: 10
simulations: 0.05092048645019531
npred computation: 13.284296035766602
