n_iterations: 10
n_sources: 10
simulations: 0.06653356552124023
npred computation: 48.79050588607788
