n_iterations: 10
n_sources: 10
simulations: 0.05850720405578613
npred computation: 3.900491952896118
