n_iterations: 10
n_sources: 10
simulations: 0.051331520080566406
npred computation: 34.38747596740723
