n_iterations: 10
n_sources: 10
simulations: 0.05364274978637695
npred computation: 13.120776176452637
