n_iterations: 10
n_sources: 10
simulations: 0.055074214935302734
npred computation: 18.043102741241455
