n_iterations: 10
n_sources: 10
simulations: 0.0525665283203125
npred computation: 13.083222389221191
