n_iterations: 10
n_sources: 10
simulations: 0.06940722465515137
npred computation: 48.74898052215576
