n_iterations: 10
n_sources: 10
simulations: 0.05205106735229492
npred computation: 53.159459829330444
