n_iterations: 10
n_sources: 10
simulations: 0.035556793212890625
npred computation: 9.01768946647644
