n_iterations: 10
n_sources: 10
simulations: 0.05420565605163574
npred computation: 13.19377851486206
