n_iterations: 10
n_sources: 10
simulations: 0.09137797355651855
npred computation: 42.39552450180054
