n_iterations: 10
n_sources: 10
simulations: 0.07465887069702148
npred computation: 50.019845724105835
