n_iterations: 10
n_sources: 10
simulations: 0.04548501968383789
npred computation: 12.709420442581177
