n_iterations: 10
n_sources: 10
simulations: 0.09669184684753418
npred computation: 56.0372953414917
