n_iterations: 10
n_sources: 10
simulations: 0.054781436920166016
npred computation: 13.511216163635254
