n_iterations: 10
n_sources: 10
simulations: 0.04740023612976074
npred computation: 12.137140035629272
