n_iterations: 10
n_sources: 10
simulations: 0.05198812484741211
npred computation: 12.98601245880127
