n_iterations: 10
n_sources: 10
simulations: 0.06241655349731445
npred computation: 4.051002740859985
