n_iterations: 10
n_sources: 10
simulations: 0.053026676177978516
npred computation: 13.330236911773682
