n_iterations: 10
n_sources: 10
simulations: 0.053029537200927734
npred computation: 13.096875190734863
