n_iterations: 10
n_sources: 10
simulations: 0.0522913932800293
npred computation: 12.962267637252808
