n_iterations: 10
n_sources: 10
simulations: 0.055574893951416016
npred computation: 13.356443643569946
