n_iterations: 10
n_sources: 10
simulations: 0.0776357650756836
npred computation: 51.22520327568054
