n_iterations: 10
n_sources: 10
simulations: 0.06597280502319336
npred computation: 47.35100555419922
