n_iterations: 10
n_sources: 10
simulations: 0.052686452865600586
npred computation: 13.46951961517334
