n_iterations: 10
n_sources: 10
simulations: 0.07753658294677734
npred computation: 50.45693826675415
