n_iterations: 10
n_sources: 10
simulations: 0.059934139251708984
npred computation: 33.52404737472534
