n_iterations: 10
n_sources: 10
simulations: 0.04560518264770508
npred computation: 12.810235738754272
