n_iterations: 10
n_sources: 10
simulations: 0.053876638412475586
npred computation: 13.408687114715576
