n_iterations: 10
n_sources: 10
simulations: 0.06881570816040039
npred computation: 41.397509813308716
