n_iterations: 10
n_sources: 10
simulations: 0.0977783203125
npred computation: 57.47645092010498
