n_iterations: 10
n_sources: 10
simulations: 0.06153440475463867
npred computation: 48.76534414291382
