n_iterations: 10
n_sources: 10
simulations: 0.05398845672607422
npred computation: 13.486422538757324
