n_iterations: 10
n_sources: 10
simulations: 0.05315399169921875
npred computation: 13.057348251342773
