n_iterations: 10
n_sources: 10
simulations: 0.06332826614379883
npred computation: 30.882474422454834
