n_iterations: 10
n_sources: 10
simulations: 0.05436420440673828
npred computation: 13.444767236709595
