n_iterations: 10
n_sources: 10
simulations: 0.05313849449157715
npred computation: 13.406620025634766
