n_iterations: 10
n_sources: 10
simulations: 0.15062737464904785
npred computation: 12.73159146308899
