n_iterations: 10
n_sources: 10
simulations: 0.07003259658813477
npred computation: 44.337512493133545
