n_iterations: 10
n_sources: 10
simulations: 0.05332756042480469
npred computation: 13.334134817123413
