n_iterations: 10
n_sources: 10
simulations: 0.054216861724853516
npred computation: 13.157798051834106
