n_iterations: 10
n_sources: 10
simulations: 0.05119514465332031
npred computation: 13.237098693847656
