n_iterations: 10
n_sources: 10
simulations: 0.055425167083740234
npred computation: 14.487258672714233
