n_iterations: 10
n_sources: 10
simulations: 0.07153916358947754
npred computation: 51.97012448310852
