n_iterations: 10
n_sources: 10
simulations: 0.04734063148498535
npred computation: 12.355466604232788
