n_iterations: 10
n_sources: 10
simulations: 0.05560421943664551
npred computation: 56.431941747665405
