n_iterations: 10
n_sources: 10
simulations: 0.05485081672668457
npred computation: 17.44632863998413
