n_iterations: 10
n_sources: 10
simulations: 0.05464529991149902
npred computation: 4.0430381298065186
