n_iterations: 10
n_sources: 10
simulations: 0.07084298133850098
npred computation: 41.906291246414185
