n_iterations: 10
n_sources: 10
simulations: 0.05661416053771973
npred computation: 27.319737195968628
