n_iterations: 10
n_sources: 10
simulations: 0.07140684127807617
npred computation: 46.42288517951965
