n_iterations: 10
n_sources: 10
simulations: 0.05350542068481445
npred computation: 13.463878154754639
