n_iterations: 10
n_sources: 10
simulations: 0.05296802520751953
npred computation: 17.59493136405945
