n_iterations: 10
n_sources: 10
simulations: 0.055463552474975586
npred computation: 13.406121253967285
