n_iterations: 10
n_sources: 10
simulations: 0.05277228355407715
npred computation: 13.141935348510742
