n_iterations: 10
n_sources: 10
simulations: 0.0661611557006836
npred computation: 49.919923305511475
