n_iterations: 10
n_sources: 10
simulations: 0.062143802642822266
npred computation: 41.045642137527466
