n_iterations: 10
n_sources: 10
simulations: 0.052704572677612305
npred computation: 12.940808773040771
