n_iterations: 10
n_sources: 10
simulations: 0.06443023681640625
npred computation: 4.232115983963013
