n_iterations: 10
n_sources: 10
simulations: 0.05228757858276367
npred computation: 12.91396188735962
