n_iterations: 10
n_sources: 10
simulations: 0.04941749572753906
npred computation: 13.235121488571167
