n_iterations: 10
n_sources: 10
simulations: 0.06451034545898438
npred computation: 42.914133071899414
