n_iterations: 10
n_sources: 10
simulations: 0.09761500358581543
npred computation: 55.09923720359802
