n_iterations: 10
n_sources: 10
simulations: 0.05451059341430664
npred computation: 13.284353494644165
