n_iterations: 10
n_sources: 10
simulations: 0.062162160873413086
npred computation: 32.76329779624939
