n_iterations: 10
n_sources: 10
simulations: 0.051750898361206055
npred computation: 13.037755727767944
