n_iterations: 10
n_sources: 10
simulations: 0.06811404228210449
npred computation: 50.70932984352112
