n_iterations: 10
n_sources: 10
simulations: 0.0961759090423584
npred computation: 50.18722200393677
