n_iterations: 10
n_sources: 10
simulations: 0.054227352142333984
npred computation: 17.858498334884644
