n_iterations: 10
n_sources: 10
simulations: 0.055193424224853516
npred computation: 17.518208742141724
