n_iterations: 10
n_sources: 10
simulations: 0.055207014083862305
npred computation: 13.23247241973877
