n_iterations: 10
n_sources: 10
simulations: 0.04518914222717285
npred computation: 11.96279239654541
