n_iterations: 10
n_sources: 10
simulations: 0.056670427322387695
npred computation: 3.8164002895355225
