n_iterations: 10
n_sources: 10
simulations: 0.05338025093078613
npred computation: 17.32417917251587
