n_iterations: 10
n_sources: 10
simulations: 0.06139636039733887
npred computation: 29.442413806915283
