n_iterations: 10
n_sources: 10
simulations: 0.050809383392333984
npred computation: 12.44276738166809
