n_iterations: 10
n_sources: 10
simulations: 0.06750655174255371
npred computation: 51.68563103675842
