n_iterations: 10
n_sources: 10
simulations: 0.05156278610229492
npred computation: 13.232028245925903
