n_iterations: 10
n_sources: 10
simulations: 0.06378698348999023
npred computation: 49.69913101196289
