n_iterations: 10
n_sources: 10
simulations: 0.051897525787353516
npred computation: 12.811916828155518
