n_iterations: 10
n_sources: 10
simulations: 0.05234074592590332
npred computation: 13.278682947158813
