n_iterations: 10
n_sources: 10
simulations: 0.0990915298461914
npred computation: 56.37036085128784
