n_iterations: 10
n_sources: 10
simulations: 0.04726886749267578
npred computation: 13.019741296768188
