n_iterations: 10
n_sources: 10
simulations: 0.06935310363769531
npred computation: 53.53412413597107
