n_iterations: 10
n_sources: 10
simulations: 0.05633115768432617
npred computation: 17.29560089111328
