n_iterations: 10
n_sources: 10
simulations: 0.09844541549682617
npred computation: 57.35768747329712
