n_iterations: 10
n_sources: 10
simulations: 0.061614990234375
npred computation: 34.14488434791565
