n_iterations: 10
n_sources: 10
simulations: 0.05487203598022461
npred computation: 13.798590660095215
