n_iterations: 10
n_sources: 10
simulations: 0.07178044319152832
npred computation: 50.864337682724
