n_iterations: 10
n_sources: 10
simulations: 0.06615281105041504
npred computation: 38.33346724510193
