n_iterations: 10
n_sources: 10
simulations: 0.04796719551086426
npred computation: 13.096281051635742
