n_iterations: 10
n_sources: 10
simulations: 0.049288272857666016
npred computation: 13.119030952453613
