n_iterations: 10
n_sources: 10
simulations: 0.0720975399017334
npred computation: 49.553340673446655
