n_iterations: 10
n_sources: 10
simulations: 0.06223320960998535
npred computation: 39.678767919540405
