n_iterations: 10
n_sources: 10
simulations: 0.18172597885131836
npred computation: 39.1980664730072
