n_iterations: 10
n_sources: 10
simulations: 0.052565813064575195
npred computation: 13.005418300628662
