n_iterations: 10
n_sources: 10
simulations: 0.07788681983947754
npred computation: 49.61111068725586
