n_iterations: 10
n_sources: 10
simulations: 0.0814371109008789
npred computation: 52.630043745040894
