n_iterations: 10
n_sources: 10
simulations: 0.047647953033447266
npred computation: 12.919167280197144
