n_iterations: 10
n_sources: 10
simulations: 0.0737161636352539
npred computation: 47.111663579940796
