n_iterations: 10
n_sources: 10
simulations: 0.04962468147277832
npred computation: 12.967487335205078
