n_iterations: 10
n_sources: 10
simulations: 0.10274958610534668
npred computation: 59.83934140205383
