n_iterations: 10
n_sources: 10
simulations: 0.08568310737609863
npred computation: 48.86695623397827
