n_iterations: 10
n_sources: 10
simulations: 0.07353734970092773
npred computation: 49.308167695999146
