n_iterations: 10
n_sources: 10
simulations: 0.05338692665100098
npred computation: 13.644875526428223
