n_iterations: 10
n_sources: 10
simulations: 0.07032012939453125
npred computation: 43.90958786010742
