n_iterations: 10
n_sources: 10
simulations: 0.047863006591796875
npred computation: 13.045974969863892
