n_iterations: 10
n_sources: 10
simulations: 0.0547182559967041
npred computation: 3.7065436840057373
