n_iterations: 10
n_sources: 10
simulations: 0.08937478065490723
npred computation: 50.65926265716553
