n_iterations: 10
n_sources: 10
simulations: 0.045667409896850586
npred computation: 12.81229567527771
