n_iterations: 10
n_sources: 10
simulations: 0.06278038024902344
npred computation: 30.2664475440979
