n_iterations: 10
n_sources: 10
simulations: 0.08684420585632324
npred computation: 51.84368085861206
