n_iterations: 10
n_sources: 10
simulations: 0.06716346740722656
npred computation: 39.470136642456055
