n_iterations: 10
n_sources: 10
simulations: 0.07088041305541992
npred computation: 43.90772724151611
