n_iterations: 10
n_sources: 10
simulations: 0.06728100776672363
npred computation: 51.82991051673889
