n_iterations: 10
n_sources: 10
simulations: 0.09947752952575684
npred computation: 53.15557360649109
