n_iterations: 10
n_sources: 10
simulations: 0.05102872848510742
npred computation: 13.338010311126709
