n_iterations: 10
n_sources: 10
simulations: 0.054088592529296875
npred computation: 13.326177597045898
