n_iterations: 10
n_sources: 10
simulations: 0.06793379783630371
npred computation: 41.777459144592285
