n_iterations: 10
n_sources: 10
simulations: 0.09492993354797363
npred computation: 49.81191372871399
