n_iterations: 10
n_sources: 10
simulations: 0.10556197166442871
npred computation: 59.23280620574951
