n_iterations: 10
n_sources: 10
simulations: 0.06317448616027832
npred computation: 30.595486164093018
