n_iterations: 10
n_sources: 10
simulations: 0.05199694633483887
npred computation: 13.210178852081299
