n_iterations: 10
n_sources: 10
simulations: 0.04840421676635742
npred computation: 12.24359917640686
