n_iterations: 10
n_sources: 10
simulations: 0.060663461685180664
npred computation: 4.036186695098877
