n_iterations: 10
n_sources: 10
simulations: 0.06510472297668457
npred computation: 37.94120693206787
