n_iterations: 10
n_sources: 10
simulations: 0.053586721420288086
npred computation: 17.69020104408264
