n_iterations: 10
n_sources: 10
simulations: 0.08618474006652832
npred computation: 51.907849073410034
