n_iterations: 10
n_sources: 10
simulations: 0.04831647872924805
npred computation: 12.46176528930664
