n_iterations: 10
n_sources: 10
simulations: 0.0703427791595459
npred computation: 46.491779804229736
