n_iterations: 10
n_sources: 10
simulations: 0.053521156311035156
npred computation: 12.934178829193115
