n_iterations: 10
n_sources: 10
simulations: 0.05124378204345703
npred computation: 13.261757612228394
