n_iterations: 10
n_sources: 10
simulations: 0.10058450698852539
npred computation: 53.39038443565369
