n_iterations: 10
n_sources: 10
simulations: 0.06006646156311035
npred computation: 4.053346633911133
