n_iterations: 10
n_sources: 10
simulations: 0.056044816970825195
npred computation: 17.918338298797607
