n_iterations: 10
n_sources: 10
simulations: 0.11602067947387695
npred computation: 29.922086477279663
