n_iterations: 10
n_sources: 10
simulations: 0.04685854911804199
npred computation: 12.528222560882568
