n_iterations: 10
n_sources: 10
simulations: 0.0689091682434082
npred computation: 44.035579204559326
