n_iterations: 10
n_sources: 10
simulations: 0.07457971572875977
npred computation: 52.277745723724365
