n_iterations: 10
n_sources: 10
simulations: 0.05418825149536133
npred computation: 13.145879983901978
