n_iterations: 10
n_sources: 10
simulations: 0.05522418022155762
npred computation: 4.671789646148682
