n_iterations: 10
n_sources: 10
simulations: 0.048253536224365234
npred computation: 12.802789688110352
