n_iterations: 10
n_sources: 10
simulations: 0.04720354080200195
npred computation: 12.571911811828613
