n_iterations: 10
n_sources: 10
simulations: 0.046530961990356445
npred computation: 12.395873546600342
