n_iterations: 10
n_sources: 10
simulations: 0.06020331382751465
npred computation: 39.55433201789856
