n_iterations: 10
n_sources: 10
simulations: 0.05584287643432617
npred computation: 13.545252561569214
