n_iterations: 10
n_sources: 10
simulations: 0.07732343673706055
npred computation: 66.2572705745697
