n_iterations: 10
n_sources: 10
simulations: 0.06039285659790039
npred computation: 33.1197612285614
