n_iterations: 10
n_sources: 10
simulations: 0.044376373291015625
npred computation: 11.730118036270142
