n_iterations: 10
n_sources: 10
simulations: 0.06728172302246094
npred computation: 42.54624128341675
