n_iterations: 10
n_sources: 10
simulations: 0.05391192436218262
npred computation: 13.137529373168945
