n_iterations: 10
n_sources: 10
simulations: 0.057381629943847656
npred computation: 3.854116916656494
