n_iterations: 10
n_sources: 10
simulations: 0.047774553298950195
npred computation: 13.129138231277466
