n_iterations: 10
n_sources: 10
simulations: 0.0927572250366211
npred computation: 58.51563811302185
