n_iterations: 10
n_sources: 10
simulations: 0.05642437934875488
npred computation: 3.866602659225464
