n_iterations: 10
n_sources: 10
simulations: 0.05399823188781738
npred computation: 13.848658084869385
