n_iterations: 10
n_sources: 10
simulations: 0.051110267639160156
npred computation: 13.195546865463257
