n_iterations: 10
n_sources: 10
simulations: 0.0663292407989502
npred computation: 39.21110939979553
