n_iterations: 10
n_sources: 10
simulations: 0.046260833740234375
npred computation: 12.704063177108765
