n_iterations: 10
n_sources: 10
simulations: 0.07349324226379395
npred computation: 53.88122797012329
