n_iterations: 10
n_sources: 10
simulations: 0.0589749813079834
npred computation: 4.044902324676514
