n_iterations: 10
n_sources: 10
simulations: 0.07416844367980957
npred computation: 45.46223545074463
