n_iterations: 10
n_sources: 10
simulations: 0.04097175598144531
npred computation: 51.31158375740051
