n_iterations: 10
n_sources: 10
simulations: 0.05616307258605957
npred computation: 13.426309823989868
