n_iterations: 10
n_sources: 10
simulations: 0.04621434211730957
npred computation: 13.204107999801636
