n_iterations: 10
n_sources: 10
simulations: 0.1324450969696045
npred computation: 32.367329835891724
