n_iterations: 10
n_sources: 10
simulations: 0.0468592643737793
npred computation: 12.64987564086914
