n_iterations: 10
n_sources: 10
simulations: 0.05592036247253418
npred computation: 13.677505016326904
