n_iterations: 10
n_sources: 10
simulations: 0.0547938346862793
npred computation: 13.159619331359863
