n_iterations: 10
n_sources: 10
simulations: 0.08272552490234375
npred computation: 52.04955053329468
