n_iterations: 10
n_sources: 10
simulations: 0.06937456130981445
npred computation: 37.36626172065735
