n_iterations: 10
n_sources: 10
simulations: 0.05401325225830078
npred computation: 13.217915534973145
