n_iterations: 10
n_sources: 10
simulations: 0.07835555076599121
npred computation: 38.47178244590759
