n_iterations: 10
n_sources: 10
simulations: 0.059731245040893555
npred computation: 3.993485927581787
