n_iterations: 10
n_sources: 10
simulations: 0.05364227294921875
npred computation: 13.081899166107178
