n_iterations: 10
n_sources: 10
simulations: 0.052405357360839844
npred computation: 12.898178815841675
