n_iterations: 10
n_sources: 10
simulations: 0.08863520622253418
npred computation: 50.93862581253052
