n_iterations: 10
n_sources: 10
simulations: 0.05241847038269043
npred computation: 13.192755460739136
