n_iterations: 10
n_sources: 10
simulations: 0.046277523040771484
npred computation: 12.948732376098633
