n_iterations: 10
n_sources: 10
simulations: 0.04732704162597656
npred computation: 12.967574119567871
