n_iterations: 10
n_sources: 10
simulations: 0.08492612838745117
npred computation: 52.554136753082275
