n_iterations: 10
n_sources: 10
simulations: 0.04769158363342285
npred computation: 12.97909426689148
