n_iterations: 10
n_sources: 10
simulations: 0.0559689998626709
npred computation: 3.8174445629119873
