n_iterations: 10
n_sources: 10
simulations: 0.05450797080993652
npred computation: 13.53517484664917
