n_iterations: 10
n_sources: 10
simulations: 0.07269883155822754
npred computation: 46.19091010093689
