n_iterations: 10
n_sources: 10
simulations: 0.06343889236450195
npred computation: 4.1240668296813965
