n_iterations: 10
n_sources: 10
simulations: 0.0516505241394043
npred computation: 12.82554292678833
