n_iterations: 10
n_sources: 10
simulations: 0.06230640411376953
npred computation: 4.098275184631348
