n_iterations: 10
n_sources: 10
simulations: 0.07134151458740234
npred computation: 46.8573100566864
