n_iterations: 10
n_sources: 10
simulations: 0.04706430435180664
npred computation: 12.716798067092896
