n_iterations: 10
n_sources: 10
simulations: 0.055489301681518555
npred computation: 13.288102388381958
