n_iterations: 10
n_sources: 10
simulations: 0.0523989200592041
npred computation: 13.479986906051636
