n_iterations: 10
n_sources: 10
simulations: 0.059351205825805664
npred computation: 3.967853307723999
