n_iterations: 10
n_sources: 10
simulations: 0.06429266929626465
npred computation: 4.267803192138672
