n_iterations: 10
n_sources: 10
simulations: 0.07125353813171387
npred computation: 44.5328049659729
