n_iterations: 10
n_sources: 10
simulations: 0.04771780967712402
npred computation: 14.656080722808838
