n_iterations: 10
n_sources: 10
simulations: 0.055261850357055664
npred computation: 13.665775299072266
