n_iterations: 10
n_sources: 10
simulations: 0.08278226852416992
npred computation: 48.4361412525177
