n_iterations: 10
n_sources: 10
simulations: 0.04866743087768555
npred computation: 14.45400094985962
