n_iterations: 10
n_sources: 10
simulations: 0.14103341102600098
npred computation: 34.878464698791504
