n_iterations: 10
n_sources: 10
simulations: 0.08250904083251953
npred computation: 51.45898938179016
