n_iterations: 10
n_sources: 10
simulations: 0.054273128509521484
npred computation: 13.19249939918518
