n_iterations: 10
n_sources: 10
simulations: 0.10043740272521973
npred computation: 59.56897282600403
