n_iterations: 10
n_sources: 10
simulations: 0.06035876274108887
npred computation: 4.164284944534302
