n_iterations: 10
n_sources: 10
simulations: 0.05391502380371094
npred computation: 17.16253685951233
