n_iterations: 10
n_sources: 10
simulations: 0.04756617546081543
npred computation: 12.960808038711548
