n_iterations: 10
n_sources: 10
simulations: 0.05336642265319824
npred computation: 13.177109479904175
