n_iterations: 10
n_sources: 10
simulations: 0.06064867973327637
npred computation: 4.07017970085144
