n_iterations: 10
n_sources: 10
simulations: 0.07370305061340332
npred computation: 50.88134551048279
