n_iterations: 10
n_sources: 10
simulations: 0.07674813270568848
npred computation: 56.82628798484802
