n_iterations: 10
n_sources: 10
simulations: 0.06096935272216797
npred computation: 3.9761033058166504
