n_iterations: 10
n_sources: 10
simulations: 0.04667401313781738
npred computation: 12.107516765594482
