n_iterations: 10
n_sources: 10
simulations: 0.05383491516113281
npred computation: 13.575967788696289
