n_iterations: 10
n_sources: 10
simulations: 0.0515596866607666
npred computation: 13.309453964233398
