n_iterations: 10
n_sources: 10
simulations: 0.05367851257324219
npred computation: 13.443492650985718
