n_iterations: 10
n_sources: 10
simulations: 0.04514193534851074
npred computation: 12.667957782745361
