n_iterations: 10
n_sources: 10
simulations: 0.05164623260498047
npred computation: 13.30102014541626
