n_iterations: 10
n_sources: 10
simulations: 0.060282230377197266
npred computation: 4.035079479217529
