n_iterations: 10
n_sources: 10
simulations: 0.055085182189941406
npred computation: 13.392728328704834
