n_iterations: 10
n_sources: 10
simulations: 0.0671992301940918
npred computation: 43.10391902923584
