n_iterations: 10
n_sources: 10
simulations: 0.06714057922363281
npred computation: 52.78915023803711
