n_iterations: 10
n_sources: 10
simulations: 0.05372309684753418
npred computation: 12.820602178573608
