n_iterations: 10
n_sources: 10
simulations: 0.07100486755371094
npred computation: 51.12565469741821
