n_iterations: 10
n_sources: 10
simulations: 0.04748845100402832
npred computation: 12.643024206161499
