n_iterations: 10
n_sources: 10
simulations: 0.07905364036560059
npred computation: 49.6534366607666
