n_iterations: 10
n_sources: 10
simulations: 0.05505943298339844
npred computation: 4.1168437004089355
