n_iterations: 10
n_sources: 10
simulations: 0.07454609870910645
npred computation: 52.9186065196991
