n_iterations: 10
n_sources: 10
simulations: 0.1258857250213623
npred computation: 29.111432313919067
