n_iterations: 10
n_sources: 10
simulations: 0.08707594871520996
npred computation: 49.98357343673706
