n_iterations: 10
n_sources: 10
simulations: 0.05321979522705078
npred computation: 13.35690975189209
