n_iterations: 10
n_sources: 10
simulations: 0.05244708061218262
npred computation: 13.389180660247803
