n_iterations: 10
n_sources: 10
simulations: 0.07956671714782715
npred computation: 50.798744440078735
