n_iterations: 10
n_sources: 10
simulations: 0.07351803779602051
npred computation: 53.618698835372925
