n_iterations: 10
n_sources: 10
simulations: 0.054215431213378906
npred computation: 4.511264085769653
