n_iterations: 10
n_sources: 10
simulations: 0.05190753936767578
npred computation: 3.537700891494751
