n_iterations: 10
n_sources: 10
simulations: 0.05724215507507324
npred computation: 3.8499252796173096
