n_iterations: 10
n_sources: 10
simulations: 0.05731964111328125
npred computation: 3.8668994903564453
