n_iterations: 10
n_sources: 10
simulations: 0.0702352523803711
npred computation: 51.541321992874146
