n_iterations: 10
n_sources: 10
simulations: 0.06187009811401367
npred computation: 4.150233507156372
