n_iterations: 10
n_sources: 10
simulations: 0.05717134475708008
npred computation: 3.886080265045166
