n_iterations: 10
n_sources: 10
simulations: 0.055710554122924805
npred computation: 17.246030807495117
