n_iterations: 10
n_sources: 10
simulations: 0.044933319091796875
npred computation: 11.773568391799927
