n_iterations: 10
n_sources: 10
simulations: 0.05411028861999512
npred computation: 17.621241331100464
