n_iterations: 10
n_sources: 10
simulations: 0.042318105697631836
npred computation: 51.11669445037842
