n_iterations: 10
n_sources: 10
simulations: 0.1835620403289795
npred computation: 41.22970199584961
