n_iterations: 10
n_sources: 10
simulations: 0.06883358955383301
npred computation: 50.960689067840576
