n_iterations: 10
n_sources: 10
simulations: 0.05184626579284668
npred computation: 13.3991060256958
