n_iterations: 10
n_sources: 10
simulations: 0.04913616180419922
npred computation: 12.511677742004395
