n_iterations: 10
n_sources: 10
simulations: 0.04928755760192871
npred computation: 13.252223014831543
