n_iterations: 10
n_sources: 10
simulations: 0.06315112113952637
npred computation: 37.1792938709259
