n_iterations: 10
n_sources: 10
simulations: 0.05245208740234375
npred computation: 13.215546369552612
