n_iterations: 10
n_sources: 10
simulations: 0.051544189453125
npred computation: 13.053625583648682
