n_iterations: 10
n_sources: 10
simulations: 0.05356121063232422
npred computation: 17.533477783203125
