n_iterations: 10
n_sources: 10
simulations: 0.07117724418640137
npred computation: 50.68456053733826
