n_iterations: 10
n_sources: 10
simulations: 0.053008079528808594
npred computation: 13.293368816375732
