n_iterations: 10
n_sources: 10
simulations: 0.06196022033691406
npred computation: 4.172997713088989
