n_iterations: 10
n_sources: 10
simulations: 0.0529332160949707
npred computation: 13.065605163574219
