n_iterations: 10
n_sources: 10
simulations: 0.06826996803283691
npred computation: 37.45815658569336
