n_iterations: 10
n_sources: 10
simulations: 0.06941843032836914
npred computation: 45.37609004974365
