n_iterations: 10
n_sources: 10
simulations: 0.09308934211730957
npred computation: 47.049527168273926
