n_iterations: 10
n_sources: 10
simulations: 0.045701026916503906
npred computation: 12.159305810928345
