n_iterations: 10
n_sources: 10
simulations: 0.0545046329498291
npred computation: 13.652529001235962
