n_iterations: 10
n_sources: 10
simulations: 0.06305527687072754
npred computation: 4.203312635421753
