n_iterations: 10
n_sources: 10
simulations: 0.08251643180847168
npred computation: 49.46998453140259
