n_iterations: 10
n_sources: 10
simulations: 0.05465579032897949
npred computation: 13.0234055519104
