n_iterations: 10
n_sources: 10
simulations: 0.04542374610900879
npred computation: 12.824700593948364
