n_iterations: 10
n_sources: 10
simulations: 0.11624979972839355
npred computation: 59.453609228134155
