n_iterations: 10
n_sources: 10
simulations: 0.054764509201049805
npred computation: 13.1979398727417
