n_iterations: 10
n_sources: 10
simulations: 0.03528761863708496
npred computation: 46.08741903305054
