n_iterations: 10
n_sources: 10
simulations: 0.06583452224731445
npred computation: 49.197670221328735
