n_iterations: 10
n_sources: 10
simulations: 0.04617714881896973
npred computation: 12.290030717849731
