n_iterations: 10
n_sources: 10
simulations: 0.07247686386108398
npred computation: 46.06024742126465
