n_iterations: 10
n_sources: 10
simulations: 0.06072521209716797
npred computation: 4.074935436248779
