n_iterations: 10
n_sources: 10
simulations: 0.07857418060302734
npred computation: 38.29141926765442
