n_iterations: 10
n_sources: 10
simulations: 0.05138587951660156
npred computation: 3.7122702598571777
