n_iterations: 10
n_sources: 10
simulations: 0.06002616882324219
npred computation: 44.11643099784851
