n_iterations: 10
n_sources: 10
simulations: 0.05912923812866211
npred computation: 38.65615773200989
