n_iterations: 10
n_sources: 10
simulations: 0.07483172416687012
npred computation: 45.250550270080566
