n_iterations: 10
n_sources: 10
simulations: 0.07795548439025879
npred computation: 50.047916650772095
