n_iterations: 10
n_sources: 10
simulations: 0.06783175468444824
npred computation: 55.7436797618866
