n_iterations: 10
n_sources: 10
simulations: 0.04812026023864746
npred computation: 12.994748592376709
