n_iterations: 10
n_sources: 10
simulations: 0.0959932804107666
npred computation: 57.77450704574585
