n_iterations: 10
n_sources: 10
simulations: 0.07479190826416016
npred computation: 52.55698490142822
