n_iterations: 10
n_sources: 10
simulations: 0.10670018196105957
npred computation: 64.95121693611145
