n_iterations: 10
n_sources: 10
simulations: 0.053185462951660156
npred computation: 13.398356199264526
