n_iterations: 10
n_sources: 10
simulations: 0.10376238822937012
npred computation: 57.94991707801819
