n_iterations: 10
n_sources: 10
simulations: 0.05339694023132324
npred computation: 17.391899824142456
