n_iterations: 10
n_sources: 10
simulations: 0.07716608047485352
npred computation: 50.804190158843994
