n_iterations: 10
n_sources: 10
simulations: 0.057482242584228516
npred computation: 3.8528850078582764
