n_iterations: 10
n_sources: 10
simulations: 0.04670596122741699
npred computation: 12.789971351623535
