n_iterations: 10
n_sources: 10
simulations: 0.05106234550476074
npred computation: 3.5970611572265625
