n_iterations: 10
n_sources: 10
simulations: 0.048470258712768555
npred computation: 12.446120977401733
