n_iterations: 10
n_sources: 10
simulations: 0.0708918571472168
npred computation: 51.39487028121948
