n_iterations: 10
n_sources: 10
simulations: 0.06068563461303711
npred computation: 40.590521812438965
