n_iterations: 10
n_sources: 10
simulations: 0.08579468727111816
npred computation: 52.53912377357483
