n_iterations: 10
n_sources: 10
simulations: 0.05459737777709961
npred computation: 17.316357612609863
