n_iterations: 10
n_sources: 10
simulations: 0.04556870460510254
npred computation: 12.668751001358032
