n_iterations: 10
n_sources: 10
simulations: 0.04750967025756836
npred computation: 12.920004606246948
