n_iterations: 10
n_sources: 10
simulations: 0.06218147277832031
npred computation: 4.063143491744995
