n_iterations: 10
n_sources: 10
simulations: 0.06347370147705078
npred computation: 35.95086646080017
