n_iterations: 10
n_sources: 10
simulations: 0.060709238052368164
npred computation: 29.987334966659546
