n_iterations: 10
n_sources: 10
simulations: 0.07130670547485352
npred computation: 49.802661418914795
