n_iterations: 10
n_sources: 10
simulations: 0.04664039611816406
npred computation: 12.869467973709106
