n_iterations: 10
n_sources: 10
simulations: 0.04823446273803711
npred computation: 13.086580276489258
