n_iterations: 10
n_sources: 10
simulations: 0.061431169509887695
npred computation: 4.1798622608184814
