n_iterations: 10
n_sources: 10
simulations: 0.0449674129486084
npred computation: 12.612019300460815
