n_iterations: 10
n_sources: 10
simulations: 0.05701899528503418
npred computation: 3.8613038063049316
