n_iterations: 10
n_sources: 10
simulations: 0.045386314392089844
npred computation: 12.73032283782959
