n_iterations: 10
n_sources: 10
simulations: 0.048024892807006836
npred computation: 12.93384337425232
