n_iterations: 10
n_sources: 10
simulations: 0.05947089195251465
npred computation: 3.9724507331848145
