n_iterations: 10
n_sources: 10
simulations: 0.04694366455078125
npred computation: 13.062620401382446
