n_iterations: 10
n_sources: 10
simulations: 0.061299800872802734
npred computation: 42.392000913619995
