n_iterations: 10
n_sources: 10
simulations: 0.08474898338317871
npred computation: 48.652493715286255
