n_iterations: 10
n_sources: 10
simulations: 0.055754899978637695
npred computation: 13.088928937911987
