n_iterations: 10
n_sources: 10
simulations: 0.05212879180908203
npred computation: 13.688345909118652
