n_iterations: 10
n_sources: 10
simulations: 0.0660867691040039
npred computation: 38.79511022567749
