n_iterations: 10
n_sources: 10
simulations: 0.06647372245788574
npred computation: 50.166001081466675
