n_iterations: 10
n_sources: 10
simulations: 0.053029775619506836
npred computation: 13.261464357376099
