n_iterations: 10
n_sources: 10
simulations: 0.16633152961730957
npred computation: 37.540650367736816
