n_iterations: 10
n_sources: 10
simulations: 0.054438114166259766
npred computation: 13.313261270523071
