n_iterations: 10
n_sources: 10
simulations: 0.0491330623626709
npred computation: 12.476481676101685
