n_iterations: 10
n_sources: 10
simulations: 0.05396676063537598
npred computation: 13.394102096557617
