n_iterations: 10
n_sources: 10
simulations: 0.05089569091796875
npred computation: 13.296425104141235
