n_iterations: 10
n_sources: 10
simulations: 0.05392742156982422
npred computation: 13.412421464920044
