n_iterations: 10
n_sources: 10
simulations: 0.06650400161743164
npred computation: 43.91588807106018
