n_iterations: 10
n_sources: 10
simulations: 0.07055139541625977
npred computation: 51.23869824409485
