n_iterations: 10
n_sources: 10
simulations: 0.06450891494750977
npred computation: 40.271427392959595
