n_iterations: 10
n_sources: 10
simulations: 0.06543421745300293
npred computation: 38.2778103351593
