n_iterations: 10
n_sources: 10
simulations: 0.06521892547607422
npred computation: 33.66697978973389
