n_iterations: 10
n_sources: 10
simulations: 0.054245948791503906
npred computation: 12.894667148590088
