n_iterations: 10
n_sources: 10
simulations: 0.05420207977294922
npred computation: 13.159372568130493
