n_iterations: 10
n_sources: 10
simulations: 0.05252861976623535
npred computation: 13.063259840011597
