n_iterations: 10
n_sources: 10
simulations: 0.07210803031921387
npred computation: 45.85531735420227
