n_iterations: 10
n_sources: 10
simulations: 0.06250810623168945
npred computation: 34.48702549934387
