n_iterations: 10
n_sources: 10
simulations: 0.041153669357299805
npred computation: 51.289386510849
