n_iterations: 10
n_sources: 10
simulations: 0.06803274154663086
npred computation: 45.423702001571655
