n_iterations: 10
n_sources: 10
simulations: 0.07303643226623535
npred computation: 44.332536935806274
