n_iterations: 10
n_sources: 10
simulations: 0.0639352798461914
npred computation: 44.46529698371887
