n_iterations: 10
n_sources: 10
simulations: 0.05547904968261719
npred computation: 13.600941896438599
