n_iterations: 10
n_sources: 10
simulations: 0.052979230880737305
npred computation: 12.969147682189941
