n_iterations: 10
n_sources: 10
simulations: 0.05930352210998535
npred computation: 4.03686785697937
