n_iterations: 10
n_sources: 10
simulations: 0.14277434349060059
npred computation: 34.95914053916931
