n_iterations: 10
n_sources: 10
simulations: 0.05954861640930176
npred computation: 3.9572737216949463
