n_iterations: 10
n_sources: 10
simulations: 0.053307533264160156
npred computation: 13.504629850387573
