n_iterations: 10
n_sources: 10
simulations: 0.04645824432373047
npred computation: 12.819840669631958
