n_iterations: 10
n_sources: 10
simulations: 0.05427217483520508
npred computation: 13.109928607940674
