n_iterations: 10
n_sources: 10
simulations: 0.05211758613586426
npred computation: 13.018601179122925
