n_iterations: 10
n_sources: 10
simulations: 0.047830820083618164
npred computation: 13.04466962814331
