n_iterations: 10
n_sources: 10
simulations: 0.04995131492614746
npred computation: 3.5445377826690674
