n_iterations: 10
n_sources: 10
simulations: 0.09833168983459473
npred computation: 55.66066861152649
