n_iterations: 10
n_sources: 10
simulations: 0.05180096626281738
npred computation: 13.4008150100708
