n_iterations: 10
n_sources: 10
simulations: 0.05916452407836914
npred computation: 3.9680917263031006
