n_iterations: 10
n_sources: 10
simulations: 0.04490184783935547
npred computation: 12.714827299118042
