n_iterations: 10
n_sources: 10
simulations: 0.11053848266601562
npred computation: 63.96489238739014
