n_iterations: 10
n_sources: 10
simulations: 0.0733480453491211
npred computation: 51.37425112724304
