n_iterations: 10
n_sources: 10
simulations: 0.046891212463378906
npred computation: 13.05480170249939
