n_iterations: 10
n_sources: 10
simulations: 0.0856027603149414
npred computation: 53.00760078430176
