n_iterations: 10
n_sources: 10
simulations: 0.04552960395812988
npred computation: 12.226673603057861
