n_iterations: 10
n_sources: 10
simulations: 0.04990577697753906
npred computation: 13.072977066040039
