n_iterations: 10
n_sources: 10
simulations: 0.0662076473236084
npred computation: 49.626347064971924
