n_iterations: 10
n_sources: 10
simulations: 0.06112074851989746
npred computation: 34.0015070438385
