n_iterations: 10
n_sources: 10
simulations: 0.053497314453125
npred computation: 13.497621297836304
