n_iterations: 10
n_sources: 10
simulations: 0.06736373901367188
npred computation: 37.1125807762146
