n_iterations: 10
n_sources: 10
simulations: 0.05245685577392578
npred computation: 13.397078514099121
