n_iterations: 10
n_sources: 10
simulations: 0.09066081047058105
npred computation: 54.327707290649414
