n_iterations: 10
n_sources: 10
simulations: 0.04870748519897461
npred computation: 13.038702011108398
