n_iterations: 10
n_sources: 10
simulations: 0.04729509353637695
npred computation: 12.294419527053833
