n_iterations: 10
n_sources: 10
simulations: 0.07415390014648438
npred computation: 54.83222699165344
