n_iterations: 10
n_sources: 10
simulations: 0.04442763328552246
npred computation: 12.767362117767334
