n_iterations: 10
n_sources: 10
simulations: 0.07534527778625488
npred computation: 54.57143521308899
