n_iterations: 10
n_sources: 10
simulations: 0.05289912223815918
npred computation: 13.159626722335815
