n_iterations: 10
n_sources: 10
simulations: 0.04683494567871094
npred computation: 12.549057722091675
