n_iterations: 10
n_sources: 10
simulations: 0.05269885063171387
npred computation: 13.19115161895752
