n_iterations: 10
n_sources: 10
simulations: 0.0533299446105957
npred computation: 13.40621542930603
