n_iterations: 10
n_sources: 10
simulations: 0.06793212890625
npred computation: 45.88668751716614
