n_iterations: 10
n_sources: 10
simulations: 0.05237746238708496
npred computation: 13.332328796386719
