n_iterations: 10
n_sources: 10
simulations: 0.05281472206115723
npred computation: 13.419945478439331
