n_iterations: 10
n_sources: 10
simulations: 0.04780888557434082
npred computation: 12.443291425704956
