n_iterations: 10
n_sources: 10
simulations: 0.052124977111816406
npred computation: 13.094158172607422
