n_iterations: 10
n_sources: 10
simulations: 0.06379151344299316
npred computation: 4.375739574432373
