n_iterations: 10
n_sources: 10
simulations: 0.04948687553405762
npred computation: 12.919511079788208
