n_iterations: 10
n_sources: 10
simulations: 0.07702898979187012
npred computation: 57.463178634643555
