n_iterations: 10
n_sources: 10
simulations: 0.06681418418884277
npred computation: 38.462923526763916
