n_iterations: 10
n_sources: 10
simulations: 0.05686688423156738
npred computation: 27.03851008415222
