n_iterations: 10
n_sources: 10
simulations: 0.055483102798461914
npred computation: 13.724971771240234
