n_iterations: 10
n_sources: 10
simulations: 0.04662919044494629
npred computation: 12.626621723175049
