n_iterations: 10
n_sources: 10
simulations: 0.06440043449401855
npred computation: 4.236180782318115
