n_iterations: 10
n_sources: 10
simulations: 0.04697370529174805
npred computation: 12.936933517456055
