n_iterations: 10
n_sources: 10
simulations: 0.0478055477142334
npred computation: 12.536461591720581
