n_iterations: 10
n_sources: 10
simulations: 0.06984090805053711
npred computation: 45.76958918571472
