n_iterations: 10
n_sources: 10
simulations: 0.053220272064208984
npred computation: 13.124136209487915
