n_iterations: 10
n_sources: 10
simulations: 0.0714426040649414
npred computation: 51.528568744659424
