n_iterations: 10
n_sources: 10
simulations: 0.055458784103393555
npred computation: 17.565847396850586
