n_iterations: 10
n_sources: 10
simulations: 0.08731365203857422
npred computation: 51.02277588844299
