n_iterations: 10
n_sources: 10
simulations: 0.060140132904052734
npred computation: 3.99245023727417
