n_iterations: 10
n_sources: 10
simulations: 0.05437874794006348
npred computation: 13.588907241821289
