n_iterations: 10
n_sources: 10
simulations: 0.0502324104309082
npred computation: 13.041382789611816
