n_iterations: 10
n_sources: 10
simulations: 0.04664921760559082
npred computation: 12.381831407546997
