n_iterations: 10
n_sources: 10
simulations: 0.052622318267822266
npred computation: 13.084066390991211
