n_iterations: 10
n_sources: 10
simulations: 0.07134437561035156
npred computation: 46.34227919578552
