n_iterations: 10
n_sources: 10
simulations: 0.06863546371459961
npred computation: 50.456281661987305
