n_iterations: 10
n_sources: 10
simulations: 0.04697012901306152
npred computation: 12.997812747955322
