n_iterations: 10
n_sources: 10
simulations: 0.06879758834838867
npred computation: 46.04898643493652
