n_iterations: 10
n_sources: 10
simulations: 0.04800605773925781
npred computation: 13.420409202575684
