n_iterations: 10
n_sources: 10
simulations: 0.07700085639953613
npred computation: 49.722421646118164
