n_iterations: 10
n_sources: 10
simulations: 0.06655120849609375
npred computation: 38.78875160217285
