n_iterations: 10
n_sources: 10
simulations: 0.21834063529968262
npred computation: 42.890860080718994
