n_iterations: 10
n_sources: 10
simulations: 0.06797552108764648
npred computation: 39.303940534591675
