n_iterations: 10
n_sources: 10
simulations: 0.05645036697387695
npred computation: 13.252313137054443
