n_iterations: 10
n_sources: 10
simulations: 0.05665993690490723
npred computation: 3.7943384647369385
