n_iterations: 10
n_sources: 10
simulations: 0.05687379837036133
npred computation: 3.8711025714874268
