n_iterations: 10
n_sources: 10
simulations: 0.10569119453430176
npred computation: 66.06727623939514
