n_iterations: 10
n_sources: 10
simulations: 0.05657482147216797
npred computation: 4.633944988250732
