n_iterations: 10
n_sources: 10
simulations: 0.045447587966918945
npred computation: 12.700451612472534
