n_iterations: 10
n_sources: 10
simulations: 0.13776016235351562
npred computation: 31.361218690872192
