n_iterations: 10
n_sources: 10
simulations: 0.05067729949951172
npred computation: 12.933643817901611
