n_iterations: 10
n_sources: 10
simulations: 0.04551982879638672
npred computation: 11.803592443466187
