n_iterations: 10
n_sources: 10
simulations: 0.056192874908447266
npred computation: 14.016013622283936
