n_iterations: 10
n_sources: 10
simulations: 0.08067059516906738
npred computation: 50.90767216682434
