n_iterations: 10
n_sources: 10
simulations: 0.06138348579406738
npred computation: 4.118978500366211
