n_iterations: 10
n_sources: 10
simulations: 0.04467940330505371
npred computation: 12.692089796066284
