n_iterations: 10
n_sources: 10
simulations: 0.052850961685180664
npred computation: 17.100954294204712
