n_iterations: 10
n_sources: 10
simulations: 0.0699462890625
npred computation: 43.17062973976135
