n_iterations: 10
n_sources: 10
simulations: 0.06399202346801758
npred computation: 49.110074281692505
