n_iterations: 10
n_sources: 10
simulations: 0.06190681457519531
npred computation: 30.83392095565796
