n_iterations: 10
n_sources: 10
simulations: 0.0450892448425293
npred computation: 12.732487440109253
