n_iterations: 10
n_sources: 10
simulations: 0.048837900161743164
npred computation: 13.175950288772583
