n_iterations: 10
n_sources: 10
simulations: 0.07888412475585938
npred computation: 50.19428253173828
