n_iterations: 10
n_sources: 10
simulations: 0.07183170318603516
npred computation: 49.121079206466675
