n_iterations: 10
n_sources: 10
simulations: 0.05383753776550293
npred computation: 12.933433771133423
