n_iterations: 10
n_sources: 10
simulations: 0.052809953689575195
npred computation: 13.540713548660278
