n_iterations: 10
n_sources: 10
simulations: 0.04754304885864258
npred computation: 12.433079719543457
