n_iterations: 10
n_sources: 10
simulations: 0.06496119499206543
npred computation: 49.90021562576294
