n_iterations: 10
n_sources: 10
simulations: 0.04779243469238281
npred computation: 12.60787558555603
