n_iterations: 10
n_sources: 10
simulations: 0.076202392578125
npred computation: 46.630043268203735
