n_iterations: 10
n_sources: 10
simulations: 0.07025718688964844
npred computation: 44.074716567993164
