n_iterations: 10
n_sources: 10
simulations: 0.06017041206359863
npred computation: 3.9842641353607178
