n_iterations: 10
n_sources: 10
simulations: 0.05419731140136719
npred computation: 13.137069940567017
