n_iterations: 10
n_sources: 10
simulations: 0.060076236724853516
npred computation: 4.050334930419922
