n_iterations: 10
n_sources: 10
simulations: 0.05381035804748535
npred computation: 13.089399576187134
