n_iterations: 10
n_sources: 10
simulations: 0.05439949035644531
npred computation: 13.125382900238037
