n_iterations: 10
n_sources: 10
simulations: 0.0555422306060791
npred computation: 4.568144798278809
