n_iterations: 10
n_sources: 10
simulations: 0.05356001853942871
npred computation: 12.93009638786316
