n_iterations: 10
n_sources: 10
simulations: 0.07373046875
npred computation: 51.80166983604431
