n_iterations: 10
n_sources: 10
simulations: 0.05607104301452637
npred computation: 4.904043197631836
