n_iterations: 10
n_sources: 10
simulations: 0.09654879570007324
npred computation: 59.03570580482483
