n_iterations: 10
n_sources: 10
simulations: 0.042876243591308594
npred computation: 12.161405563354492
