n_iterations: 10
n_sources: 10
simulations: 0.05574345588684082
npred computation: 17.9327073097229
