n_iterations: 10
n_sources: 10
simulations: 0.047698259353637695
npred computation: 12.343405961990356
