n_iterations: 10
n_sources: 10
simulations: 0.04546809196472168
npred computation: 12.661176443099976
