n_iterations: 10
n_sources: 10
simulations: 0.05990242958068848
npred computation: 30.405855894088745
