n_iterations: 10
n_sources: 10
simulations: 0.044261932373046875
npred computation: 12.696056127548218
