n_iterations: 10
n_sources: 10
simulations: 0.04734015464782715
npred computation: 12.589598894119263
