n_iterations: 10
n_sources: 10
simulations: 0.03595280647277832
npred computation: 45.47793436050415
