n_iterations: 10
n_sources: 10
simulations: 0.05639934539794922
npred computation: 17.795645236968994
