n_iterations: 10
n_sources: 10
simulations: 0.08332419395446777
npred computation: 36.083470582962036
