n_iterations: 10
n_sources: 10
simulations: 0.059151649475097656
npred computation: 3.989103317260742
