n_iterations: 10
n_sources: 10
simulations: 0.05163979530334473
npred computation: 3.5776524543762207
