n_iterations: 10
n_sources: 10
simulations: 0.05903768539428711
npred computation: 4.015220880508423
