n_iterations: 10
n_sources: 10
simulations: 0.047448158264160156
npred computation: 12.494670867919922
