n_iterations: 10
n_sources: 10
simulations: 0.058759450912475586
npred computation: 3.8996241092681885
