n_iterations: 10
n_sources: 10
simulations: 0.04847121238708496
npred computation: 12.776610612869263
