n_iterations: 10
n_sources: 10
simulations: 0.07345128059387207
npred computation: 43.533100605010986
