n_iterations: 10
n_sources: 10
simulations: 0.09105157852172852
npred computation: 49.838034868240356
