n_iterations: 10
n_sources: 10
simulations: 0.06477975845336914
npred computation: 34.103116512298584
