n_iterations: 10
n_sources: 10
simulations: 0.058730125427246094
npred computation: 3.952911853790283
