n_iterations: 10
n_sources: 10
simulations: 0.04690718650817871
npred computation: 12.399492263793945
