n_iterations: 10
n_sources: 10
simulations: 0.05353379249572754
npred computation: 13.298219442367554
