n_iterations: 10
n_sources: 10
simulations: 0.05649876594543457
npred computation: 13.990755081176758
