n_iterations: 10
n_sources: 10
simulations: 0.06967544555664062
npred computation: 50.38479423522949
