n_iterations: 10
n_sources: 10
simulations: 0.05411124229431152
npred computation: 13.558245420455933
