n_iterations: 10
n_sources: 10
simulations: 0.04582929611206055
npred computation: 12.664866924285889
