n_iterations: 10
n_sources: 10
simulations: 0.08001542091369629
npred computation: 51.63770270347595
