n_iterations: 10
n_sources: 10
simulations: 0.0636739730834961
npred computation: 36.49188947677612
