n_iterations: 10
n_sources: 10
simulations: 0.050432443618774414
npred computation: 3.5424201488494873
