n_iterations: 10
n_sources: 10
simulations: 0.0639643669128418
npred computation: 38.30484628677368
