n_iterations: 10
n_sources: 10
simulations: 0.048831939697265625
npred computation: 13.318214178085327
