n_iterations: 10
n_sources: 10
simulations: 0.06796383857727051
npred computation: 48.63224244117737
