n_iterations: 10
n_sources: 10
simulations: 0.06771707534790039
npred computation: 39.93924021720886
