n_iterations: 10
n_sources: 10
simulations: 0.10393738746643066
npred computation: 64.91360092163086
