n_iterations: 10
n_sources: 10
simulations: 0.05539202690124512
npred computation: 13.184383630752563
