n_iterations: 10
n_sources: 10
simulations: 0.05271482467651367
npred computation: 12.884807348251343
