n_iterations: 10
n_sources: 10
simulations: 0.15305280685424805
npred computation: 35.9587140083313
