n_iterations: 10
n_sources: 10
simulations: 0.04544687271118164
npred computation: 12.741333961486816
