n_iterations: 10
n_sources: 10
simulations: 0.060645103454589844
npred computation: 27.65573811531067
