n_iterations: 10
n_sources: 10
simulations: 0.10027289390563965
npred computation: 58.59444189071655
