n_iterations: 10
n_sources: 10
simulations: 0.08161354064941406
npred computation: 49.99869251251221
