n_iterations: 10
n_sources: 10
simulations: 0.06917834281921387
npred computation: 40.83980894088745
