n_iterations: 10
n_sources: 10
simulations: 0.07439994812011719
npred computation: 49.42106509208679
