n_iterations: 10
n_sources: 10
simulations: 0.0644533634185791
npred computation: 44.90606451034546
