n_iterations: 10
n_sources: 10
simulations: 0.08022618293762207
npred computation: 51.35354018211365
