n_iterations: 10
n_sources: 10
simulations: 0.07251310348510742
npred computation: 47.87541079521179
