n_iterations: 10
n_sources: 10
simulations: 0.07469010353088379
npred computation: 53.43591380119324
