n_iterations: 10
n_sources: 10
simulations: 0.05467844009399414
npred computation: 13.537246942520142
