n_iterations: 10
n_sources: 10
simulations: 0.05102825164794922
npred computation: 12.99826431274414
