n_iterations: 10
n_sources: 10
simulations: 0.05336427688598633
npred computation: 13.081350326538086
