n_iterations: 10
n_sources: 10
simulations: 0.06238818168640137
npred computation: 41.08541560173035
