n_iterations: 10
n_sources: 10
simulations: 0.04462122917175293
npred computation: 12.659670114517212
