n_iterations: 10
n_sources: 10
simulations: 0.04800105094909668
npred computation: 13.07027268409729
