n_iterations: 10
n_sources: 10
simulations: 0.054845571517944336
npred computation: 13.168615341186523
