n_iterations: 10
n_sources: 10
simulations: 0.05721306800842285
npred computation: 13.859204053878784
