n_iterations: 10
n_sources: 10
simulations: 0.05901384353637695
npred computation: 3.9627983570098877
