n_iterations: 10
n_sources: 10
simulations: 0.06901144981384277
npred computation: 45.48974251747131
