n_iterations: 10
n_sources: 10
simulations: 0.053215980529785156
npred computation: 13.653014659881592
