n_iterations: 10
n_sources: 10
simulations: 0.04816794395446777
npred computation: 12.565607070922852
