n_iterations: 10
n_sources: 10
simulations: 0.05667996406555176
npred computation: 3.823401927947998
