n_iterations: 10
n_sources: 10
simulations: 0.06880617141723633
npred computation: 47.78172254562378
