n_iterations: 10
n_sources: 10
simulations: 0.05457139015197754
npred computation: 17.77672576904297
