n_iterations: 10
n_sources: 10
simulations: 0.08417606353759766
npred computation: 52.24492597579956
