n_iterations: 10
n_sources: 10
simulations: 0.0722205638885498
npred computation: 49.88289213180542
