n_iterations: 10
n_sources: 10
simulations: 0.04793977737426758
npred computation: 13.016937017440796
