n_iterations: 10
n_sources: 10
simulations: 0.0928030014038086
npred computation: 52.42742872238159
