n_iterations: 10
n_sources: 10
simulations: 0.055895328521728516
npred computation: 13.455047845840454
