n_iterations: 10
n_sources: 10
simulations: 0.051079511642456055
npred computation: 13.050098657608032
