n_iterations: 10
n_sources: 10
simulations: 0.052869558334350586
npred computation: 13.091370105743408
