n_iterations: 10
n_sources: 10
simulations: 0.05240154266357422
npred computation: 16.965585947036743
