n_iterations: 10
n_sources: 10
simulations: 0.052374839782714844
npred computation: 33.23544263839722
