n_iterations: 10
n_sources: 10
simulations: 0.06750726699829102
npred computation: 52.16451287269592
