n_iterations: 10
n_sources: 10
simulations: 0.0537412166595459
npred computation: 18.1603741645813
