n_iterations: 10
n_sources: 10
simulations: 0.05196428298950195
npred computation: 3.6036202907562256
