n_iterations: 10
n_sources: 10
simulations: 0.07682204246520996
npred computation: 48.52042293548584
