n_iterations: 10
n_sources: 10
simulations: 0.07155561447143555
npred computation: 47.27143597602844
