n_iterations: 10
n_sources: 10
simulations: 0.05237770080566406
npred computation: 13.090071678161621
