n_iterations: 10
n_sources: 10
simulations: 0.052808523178100586
npred computation: 13.048529148101807
