n_iterations: 10
n_sources: 10
simulations: 0.0597231388092041
npred computation: 4.001609802246094
