n_iterations: 10
n_sources: 10
simulations: 0.055265188217163086
npred computation: 13.784417152404785
