n_iterations: 10
n_sources: 10
simulations: 0.07297801971435547
npred computation: 53.503759145736694
