n_iterations: 10
n_sources: 10
simulations: 0.05453777313232422
npred computation: 13.276013374328613
