n_iterations: 10
n_sources: 10
simulations: 0.048116207122802734
npred computation: 12.958056926727295
