n_iterations: 10
n_sources: 10
simulations: 0.07061386108398438
npred computation: 44.80822801589966
