n_iterations: 10
n_sources: 10
simulations: 0.05546402931213379
npred computation: 18.047886610031128
