n_iterations: 10
n_sources: 10
simulations: 0.06371212005615234
npred computation: 37.36672282218933
