n_iterations: 10
n_sources: 10
simulations: 0.05462479591369629
npred computation: 13.146511793136597
