n_iterations: 10
n_sources: 10
simulations: 0.054473161697387695
npred computation: 13.521219968795776
