n_iterations: 10
n_sources: 10
simulations: 0.04600954055786133
npred computation: 12.648990154266357
