n_iterations: 10
n_sources: 10
simulations: 0.05398225784301758
npred computation: 13.738941192626953
