n_iterations: 10
n_sources: 10
simulations: 0.053650617599487305
npred computation: 13.073370218276978
