n_iterations: 10
n_sources: 10
simulations: 0.04831957817077637
npred computation: 13.461363792419434
