n_iterations: 10
n_sources: 10
simulations: 0.04595589637756348
npred computation: 12.879760026931763
