n_iterations: 10
n_sources: 10
simulations: 0.05382561683654785
npred computation: 13.363327741622925
