n_iterations: 10
n_sources: 10
simulations: 0.05447220802307129
npred computation: 13.299536943435669
