n_iterations: 10
n_sources: 10
simulations: 0.09093618392944336
npred computation: 54.514415979385376
