n_iterations: 10
n_sources: 10
simulations: 0.054637908935546875
npred computation: 13.340546607971191
