n_iterations: 10
n_sources: 10
simulations: 0.07645416259765625
npred computation: 47.97972393035889
