n_iterations: 10
n_sources: 10
simulations: 0.05162763595581055
npred computation: 13.099389791488647
