n_iterations: 10
n_sources: 10
simulations: 0.08374333381652832
npred computation: 48.29559135437012
