n_iterations: 10
n_sources: 10
simulations: 0.07009148597717285
npred computation: 50.29120635986328
