n_iterations: 10
n_sources: 10
simulations: 0.057698726654052734
npred computation: 3.9271907806396484
