n_iterations: 10
n_sources: 10
simulations: 0.06355977058410645
npred computation: 32.79638648033142
