n_iterations: 10
n_sources: 10
simulations: 0.05745387077331543
npred computation: 3.838099241256714
