n_iterations: 10
n_sources: 10
simulations: 0.0758974552154541
npred computation: 49.27408957481384
