n_iterations: 10
n_sources: 10
simulations: 0.053819894790649414
npred computation: 17.451200008392334
