n_iterations: 10
n_sources: 10
simulations: 0.052642107009887695
npred computation: 13.218749284744263
