n_iterations: 10
n_sources: 10
simulations: 0.05511164665222168
npred computation: 13.343147277832031
