n_iterations: 10
n_sources: 10
simulations: 0.06461858749389648
npred computation: 39.81899976730347
