n_iterations: 10
n_sources: 10
simulations: 0.04732990264892578
npred computation: 12.417260646820068
