n_iterations: 10
n_sources: 10
simulations: 0.04416370391845703
npred computation: 12.16635251045227
