n_iterations: 10
n_sources: 10
simulations: 0.0750417709350586
npred computation: 50.388227224349976
