n_iterations: 10
n_sources: 10
simulations: 0.053803443908691406
npred computation: 13.478384256362915
