n_iterations: 10
n_sources: 10
simulations: 0.14948344230651855
npred computation: 33.265488147735596
