n_iterations: 10
n_sources: 10
simulations: 0.16980814933776855
npred computation: 38.65007972717285
