n_iterations: 10
n_sources: 10
simulations: 0.07199406623840332
npred computation: 45.740713596343994
