n_iterations: 10
n_sources: 10
simulations: 0.0540771484375
npred computation: 17.91072392463684
