n_iterations: 10
n_sources: 10
simulations: 0.046927690505981445
npred computation: 13.064983367919922
