n_iterations: 10
n_sources: 10
simulations: 0.05267143249511719
npred computation: 13.559935331344604
