n_iterations: 10
n_sources: 10
simulations: 0.045290470123291016
npred computation: 12.730104207992554
