n_iterations: 10
n_sources: 10
simulations: 0.08144783973693848
npred computation: 53.707456827163696
