n_iterations: 10
n_sources: 10
simulations: 0.10506367683410645
npred computation: 56.71885132789612
