n_iterations: 10
n_sources: 10
simulations: 0.07042217254638672
npred computation: 52.029829263687134
