n_iterations: 10
n_sources: 10
simulations: 0.0551755428314209
npred computation: 4.584558010101318
