n_iterations: 10
n_sources: 10
simulations: 0.0534367561340332
npred computation: 12.980427980422974
