n_iterations: 10
n_sources: 10
simulations: 0.05579400062561035
npred computation: 13.2139310836792
