n_iterations: 10
n_sources: 10
simulations: 0.07591629028320312
npred computation: 55.76887655258179
