n_iterations: 10
n_sources: 10
simulations: 0.059728145599365234
npred computation: 3.9584968090057373
