n_iterations: 10
n_sources: 10
simulations: 0.07753419876098633
npred computation: 37.804214000701904
