n_iterations: 10
n_sources: 10
simulations: 0.0729074478149414
npred computation: 45.308987855911255
