n_iterations: 10
n_sources: 10
simulations: 0.09757661819458008
npred computation: 54.89051842689514
