n_iterations: 10
n_sources: 10
simulations: 0.04827427864074707
npred computation: 12.456721544265747
