n_iterations: 10
n_sources: 10
simulations: 0.04941916465759277
npred computation: 12.88143253326416
