n_iterations: 10
n_sources: 10
simulations: 0.05477452278137207
npred computation: 13.855153322219849
