n_iterations: 10
n_sources: 10
simulations: 0.06797409057617188
npred computation: 49.66002106666565
