n_iterations: 10
n_sources: 10
simulations: 0.0662837028503418
npred computation: 33.82801294326782
