n_iterations: 10
n_sources: 10
simulations: 0.06650733947753906
npred computation: 39.40658760070801
