n_iterations: 10
n_sources: 10
simulations: 0.05689811706542969
npred computation: 3.7946434020996094
