n_iterations: 10
n_sources: 10
simulations: 0.06668686866760254
npred computation: 34.707820892333984
