n_iterations: 10
n_sources: 10
simulations: 0.06287169456481934
npred computation: 22.481966018676758
