n_iterations: 10
n_sources: 10
simulations: 0.14940953254699707
npred computation: 33.83655261993408
