n_iterations: 10
n_sources: 10
simulations: 0.04466652870178223
npred computation: 12.77550745010376
