n_iterations: 10
n_sources: 10
simulations: 0.07210111618041992
npred computation: 45.81619477272034
