n_iterations: 10
n_sources: 10
simulations: 0.052782535552978516
npred computation: 13.725876331329346
