n_iterations: 10
n_sources: 10
simulations: 0.05415987968444824
npred computation: 13.259075403213501
