n_iterations: 10
n_sources: 10
simulations: 0.05530142784118652
npred computation: 18.0485098361969
