n_iterations: 10
n_sources: 10
simulations: 0.0651552677154541
npred computation: 47.158941984176636
