n_iterations: 10
n_sources: 10
simulations: 0.04989910125732422
npred computation: 13.097092866897583
