n_iterations: 10
n_sources: 10
simulations: 0.08808207511901855
npred computation: 50.31672191619873
