n_iterations: 10
n_sources: 10
simulations: 0.06000375747680664
npred computation: 39.08053016662598
