n_iterations: 10
n_sources: 10
simulations: 0.045276641845703125
npred computation: 12.629913568496704
