n_iterations: 10
n_sources: 10
simulations: 0.059515953063964844
npred computation: 40.53914165496826
