n_iterations: 10
n_sources: 10
simulations: 0.06659722328186035
npred computation: 50.70303273200989
