n_iterations: 10
n_sources: 10
simulations: 0.05466175079345703
npred computation: 14.075211524963379
