n_iterations: 10
n_sources: 10
simulations: 0.06766390800476074
npred computation: 44.04722237586975
