n_iterations: 10
n_sources: 10
simulations: 0.04621315002441406
npred computation: 12.870626211166382
