n_iterations: 10
n_sources: 10
simulations: 0.0688161849975586
npred computation: 41.83356332778931
