n_iterations: 10
n_sources: 10
simulations: 0.05321240425109863
npred computation: 12.952026844024658
