n_iterations: 10
n_sources: 10
simulations: 0.07153201103210449
npred computation: 52.27697014808655
