n_iterations: 10
n_sources: 10
simulations: 0.05382418632507324
npred computation: 4.552576780319214
