n_iterations: 10
n_sources: 10
simulations: 0.05285048484802246
npred computation: 13.105065822601318
