n_iterations: 10
n_sources: 10
simulations: 0.08159446716308594
npred computation: 51.09076738357544
