n_iterations: 10
n_sources: 10
simulations: 0.11777973175048828
npred computation: 28.499602556228638
