n_iterations: 10
n_sources: 10
simulations: 0.07240438461303711
npred computation: 47.15988826751709
