n_iterations: 10
n_sources: 10
simulations: 0.07236337661743164
npred computation: 54.83451867103577
