n_iterations: 10
n_sources: 10
simulations: 0.04786372184753418
npred computation: 12.70841646194458
