n_iterations: 10
n_sources: 10
simulations: 0.10558700561523438
npred computation: 59.19891333580017
