n_iterations: 10
n_sources: 10
simulations: 0.06741070747375488
npred computation: 35.142534017562866
