n_iterations: 10
n_sources: 10
simulations: 0.11045408248901367
npred computation: 59.14352250099182
