n_iterations: 10
n_sources: 10
simulations: 0.08435320854187012
npred computation: 51.5828218460083
