n_iterations: 10
n_sources: 10
simulations: 0.05515885353088379
npred computation: 13.407492876052856
