n_iterations: 10
n_sources: 10
simulations: 0.03465461730957031
npred computation: 43.34857225418091
