n_iterations: 10
n_sources: 10
simulations: 0.06529712677001953
npred computation: 52.63021159172058
