n_iterations: 10
n_sources: 10
simulations: 0.05447888374328613
npred computation: 13.320270538330078
