n_iterations: 10
n_sources: 10
simulations: 0.05797266960144043
npred computation: 3.7891619205474854
