n_iterations: 10
n_sources: 10
simulations: 0.061823129653930664
npred computation: 4.2343573570251465
