n_iterations: 10
n_sources: 10
simulations: 0.04799771308898926
npred computation: 12.966474771499634
