n_iterations: 10
n_sources: 10
simulations: 0.04627275466918945
npred computation: 13.005605220794678
