n_iterations: 10
n_sources: 10
simulations: 0.08632159233093262
npred computation: 52.086567640304565
