n_iterations: 10
n_sources: 10
simulations: 0.06734371185302734
npred computation: 39.4286470413208
