n_iterations: 10
n_sources: 10
simulations: 0.049330949783325195
npred computation: 12.848840951919556
