n_iterations: 10
n_sources: 10
simulations: 0.05707430839538574
npred computation: 3.8008246421813965
