n_iterations: 10
n_sources: 10
simulations: 0.09068059921264648
npred computation: 51.99866604804993
