n_iterations: 10
n_sources: 10
simulations: 0.07947564125061035
npred computation: 51.8287889957428
