n_iterations: 10
n_sources: 10
simulations: 0.055796146392822266
npred computation: 3.7901222705841064
