n_iterations: 10
n_sources: 10
simulations: 0.09106802940368652
npred computation: 53.565298080444336
