n_iterations: 10
n_sources: 10
simulations: 0.05625295639038086
npred computation: 13.62431526184082
