n_iterations: 10
n_sources: 10
simulations: 0.06939554214477539
npred computation: 53.31992769241333
