n_iterations: 10
n_sources: 10
simulations: 0.07171893119812012
npred computation: 44.96521997451782
