n_iterations: 10
n_sources: 10
simulations: 0.05182909965515137
npred computation: 13.251664400100708
