n_iterations: 10
n_sources: 10
simulations: 0.10650515556335449
npred computation: 62.88685989379883
