n_iterations: 10
n_sources: 10
simulations: 0.10959982872009277
npred computation: 65.09902620315552
