n_iterations: 10
n_sources: 10
simulations: 0.08788537979125977
npred computation: 48.25942301750183
