n_iterations: 10
n_sources: 10
simulations: 0.0522313117980957
npred computation: 3.727384567260742
