n_iterations: 10
n_sources: 10
simulations: 0.052278995513916016
npred computation: 13.439360857009888
