n_iterations: 10
n_sources: 10
simulations: 0.05433988571166992
npred computation: 12.981237649917603
