n_iterations: 10
n_sources: 10
simulations: 0.09771227836608887
npred computation: 60.246578216552734
