n_iterations: 10
n_sources: 10
simulations: 0.06973433494567871
npred computation: 51.83631443977356
