n_iterations: 10
n_sources: 10
simulations: 0.04815411567687988
npred computation: 12.589800119400024
