n_iterations: 10
n_sources: 10
simulations: 0.05416154861450195
npred computation: 13.403663635253906
