n_iterations: 10
n_sources: 10
simulations: 0.05768394470214844
npred computation: 3.879831075668335
