n_iterations: 10
n_sources: 10
simulations: 0.07855486869812012
npred computation: 37.21203851699829
