n_iterations: 10
n_sources: 10
simulations: 0.060257673263549805
npred computation: 50.400498390197754
