n_iterations: 10
n_sources: 10
simulations: 0.04745292663574219
npred computation: 13.015429496765137
