n_iterations: 10
n_sources: 10
simulations: 0.0542449951171875
npred computation: 12.999131679534912
