n_iterations: 10
n_sources: 10
simulations: 0.08151030540466309
npred computation: 49.10261392593384
