n_iterations: 10
n_sources: 10
simulations: 0.09535408020019531
npred computation: 53.48426008224487
