n_iterations: 10
n_sources: 10
simulations: 0.051035404205322266
npred computation: 13.32368016242981
