n_iterations: 10
n_sources: 10
simulations: 0.04779529571533203
npred computation: 12.98147988319397
