n_iterations: 10
n_sources: 10
simulations: 0.10405898094177246
npred computation: 59.012590408325195
