n_iterations: 10
n_sources: 10
simulations: 0.04745674133300781
npred computation: 13.029014825820923
