n_iterations: 10
n_sources: 10
simulations: 0.0563507080078125
npred computation: 17.96957278251648
