n_iterations: 10
n_sources: 10
simulations: 0.07459378242492676
npred computation: 48.416255712509155
