n_iterations: 10
n_sources: 10
simulations: 0.046009063720703125
npred computation: 12.18546748161316
