n_iterations: 10
n_sources: 10
simulations: 0.05109596252441406
npred computation: 12.714087724685669
