n_iterations: 10
n_sources: 10
simulations: 0.06166529655456543
npred computation: 4.186212539672852
