n_iterations: 10
n_sources: 10
simulations: 0.10522890090942383
npred computation: 59.277334451675415
