n_iterations: 10
n_sources: 10
simulations: 0.05186128616333008
npred computation: 13.034444808959961
