n_iterations: 10
n_sources: 10
simulations: 0.16910004615783691
npred computation: 38.74673128128052
