n_iterations: 10
n_sources: 10
simulations: 0.05441164970397949
npred computation: 13.135632276535034
