n_iterations: 10
n_sources: 10
simulations: 0.097686767578125
npred computation: 56.163320541381836
