n_iterations: 10
n_sources: 10
simulations: 0.05442667007446289
npred computation: 13.22027325630188
