n_iterations: 10
n_sources: 10
simulations: 0.055811166763305664
npred computation: 13.334954738616943
