n_iterations: 10
n_sources: 10
simulations: 0.04687213897705078
npred computation: 12.417365074157715
