n_iterations: 10
n_sources: 10
simulations: 0.050045013427734375
npred computation: 3.4456515312194824
