n_iterations: 10
n_sources: 10
simulations: 0.053742170333862305
npred computation: 13.139617919921875
