n_iterations: 10
n_sources: 10
simulations: 0.04526710510253906
npred computation: 12.970157146453857
