n_iterations: 10
n_sources: 10
simulations: 0.05126547813415527
npred computation: 13.315207242965698
