n_iterations: 10
n_sources: 10
simulations: 0.05460166931152344
npred computation: 13.272216558456421
