n_iterations: 10
n_sources: 10
simulations: 0.05794572830200195
npred computation: 3.9297356605529785
