n_iterations: 10
n_sources: 10
simulations: 0.06467008590698242
npred computation: 38.74891138076782
