n_iterations: 10
n_sources: 10
simulations: 0.05452919006347656
npred computation: 13.433526277542114
