n_iterations: 10
n_sources: 10
simulations: 0.054392337799072266
npred computation: 17.394131898880005
