n_iterations: 10
n_sources: 10
simulations: 0.05382537841796875
npred computation: 13.077879190444946
