n_iterations: 10
n_sources: 10
simulations: 0.05123734474182129
npred computation: 13.302206993103027
