n_iterations: 10
n_sources: 10
simulations: 0.0565643310546875
npred computation: 13.735714435577393
