n_iterations: 10
n_sources: 10
simulations: 0.10438871383666992
npred computation: 58.02196526527405
