n_iterations: 10
n_sources: 10
simulations: 0.050287723541259766
npred computation: 13.503688097000122
