n_iterations: 10
n_sources: 10
simulations: 0.05402827262878418
npred computation: 13.316195726394653
