n_iterations: 10
n_sources: 10
simulations: 0.06979012489318848
npred computation: 49.04606580734253
