n_iterations: 10
n_sources: 10
simulations: 0.04750776290893555
npred computation: 12.917457342147827
