n_iterations: 10
n_sources: 10
simulations: 0.051618337631225586
npred computation: 3.5984559059143066
