n_iterations: 10
n_sources: 10
simulations: 0.05214834213256836
npred computation: 13.04116702079773
