n_iterations: 10
n_sources: 10
simulations: 0.05502605438232422
npred computation: 13.630102396011353
