n_iterations: 10
n_sources: 10
simulations: 0.05492758750915527
npred computation: 13.353513717651367
