n_iterations: 10
n_sources: 10
simulations: 0.05914735794067383
npred computation: 13.643494367599487
