n_iterations: 10
n_sources: 10
simulations: 0.05168604850769043
npred computation: 13.250177145004272
