n_iterations: 10
n_sources: 10
simulations: 0.0935964584350586
npred computation: 56.67111682891846
