n_iterations: 10
n_sources: 10
simulations: 0.052963972091674805
npred computation: 13.085596323013306
