n_iterations: 10
n_sources: 10
simulations: 0.0694432258605957
npred computation: 49.30152201652527
