n_iterations: 10
n_sources: 10
simulations: 0.05297541618347168
npred computation: 13.367717742919922
