n_iterations: 10
n_sources: 10
simulations: 0.048787593841552734
npred computation: 13.064381837844849
