n_iterations: 10
n_sources: 10
simulations: 0.05277824401855469
npred computation: 13.377715110778809
