n_iterations: 10
n_sources: 10
simulations: 0.05456209182739258
npred computation: 13.300883054733276
