n_iterations: 10
n_sources: 10
simulations: 0.05023837089538574
npred computation: 53.067439556121826
