n_iterations: 10
n_sources: 10
simulations: 0.047734975814819336
npred computation: 13.030866384506226
