n_iterations: 10
n_sources: 10
simulations: 0.07680749893188477
npred computation: 53.577505588531494
