n_iterations: 10
n_sources: 10
simulations: 0.0539851188659668
npred computation: 13.12290334701538
