n_iterations: 10
n_sources: 10
simulations: 0.045998573303222656
npred computation: 12.83019471168518
