n_iterations: 10
n_sources: 10
simulations: 0.07400369644165039
npred computation: 49.286911725997925
