n_iterations: 10
n_sources: 10
simulations: 0.11753988265991211
npred computation: 29.370161771774292
