n_iterations: 10
n_sources: 10
simulations: 0.04989314079284668
npred computation: 13.163597345352173
