n_iterations: 10
n_sources: 10
simulations: 0.07129716873168945
npred computation: 53.39692950248718
