n_iterations: 10
n_sources: 10
simulations: 0.1453850269317627
npred computation: 33.73207974433899
