n_iterations: 10
n_sources: 10
simulations: 0.052838802337646484
npred computation: 13.054900884628296
