n_iterations: 10
n_sources: 10
simulations: 0.04667997360229492
npred computation: 12.890466928482056
