n_iterations: 10
n_sources: 10
simulations: 0.04511308670043945
npred computation: 12.702102422714233
