n_iterations: 10
n_sources: 10
simulations: 0.04510927200317383
npred computation: 11.867212533950806
