n_iterations: 10
n_sources: 10
simulations: 0.053277015686035156
npred computation: 13.185274124145508
