n_iterations: 10
n_sources: 10
simulations: 0.047373294830322266
npred computation: 12.596570014953613
