n_iterations: 10
n_sources: 10
simulations: 0.05499744415283203
npred computation: 13.426884174346924
