n_iterations: 10
n_sources: 10
simulations: 0.07109475135803223
npred computation: 43.86162090301514
