n_iterations: 10
n_sources: 10
simulations: 0.05402350425720215
npred computation: 13.400973081588745
