n_iterations: 10
n_sources: 10
simulations: 0.06406331062316895
npred computation: 38.06923747062683
