n_iterations: 10
n_sources: 10
simulations: 0.05923581123352051
npred computation: 38.579185009002686
