n_iterations: 10
n_sources: 10
simulations: 0.04313802719116211
npred computation: 12.503835439682007
