n_iterations: 10
n_sources: 10
simulations: 0.09822249412536621
npred computation: 56.09367513656616
