n_iterations: 10
n_sources: 10
simulations: 0.0718991756439209
npred computation: 45.49345564842224
