n_iterations: 10
n_sources: 10
simulations: 0.05060315132141113
npred computation: 12.86313772201538
