n_iterations: 10
n_sources: 10
simulations: 0.05392146110534668
npred computation: 13.202828884124756
