n_iterations: 10
n_sources: 10
simulations: 0.053902387619018555
npred computation: 13.214022397994995
