n_iterations: 10
n_sources: 10
simulations: 0.09630823135375977
npred computation: 53.77763652801514
