n_iterations: 10
n_sources: 10
simulations: 0.04770088195800781
npred computation: 12.895078659057617
