n_iterations: 10
n_sources: 10
simulations: 0.04909181594848633
npred computation: 13.07309627532959
