n_iterations: 10
n_sources: 10
simulations: 0.05414533615112305
npred computation: 4.614940166473389
