n_iterations: 10
n_sources: 10
simulations: 0.05279898643493652
npred computation: 13.09824275970459
