n_iterations: 10
n_sources: 10
simulations: 0.045563459396362305
npred computation: 12.351786851882935
