n_iterations: 10
n_sources: 10
simulations: 0.05268692970275879
npred computation: 13.08219861984253
