n_iterations: 10
n_sources: 10
simulations: 0.10826945304870605
npred computation: 38.89717769622803
