n_iterations: 10
n_sources: 10
simulations: 0.05838298797607422
npred computation: 3.8477394580841064
