n_iterations: 10
n_sources: 10
simulations: 0.050246477127075195
npred computation: 13.13880729675293
