n_iterations: 10
n_sources: 10
simulations: 0.06766200065612793
npred computation: 38.93297505378723
