n_iterations: 10
n_sources: 10
simulations: 0.06150555610656738
npred computation: 39.15364146232605
