n_iterations: 10
n_sources: 10
simulations: 0.05356264114379883
npred computation: 17.39050793647766
