n_iterations: 10
n_sources: 10
simulations: 0.052565574645996094
npred computation: 3.716890573501587
