n_iterations: 10
n_sources: 10
simulations: 0.0601658821105957
npred computation: 4.136090517044067
