n_iterations: 10
n_sources: 10
simulations: 0.05454373359680176
npred computation: 17.5543315410614
