n_iterations: 10
n_sources: 10
simulations: 0.059679508209228516
npred computation: 39.488625288009644
