n_iterations: 10
n_sources: 10
simulations: 0.06783294677734375
npred computation: 45.56830716133118
