n_iterations: 10
n_sources: 10
simulations: 0.054320335388183594
npred computation: 13.11667013168335
