n_iterations: 10
n_sources: 10
simulations: 0.05194091796875
npred computation: 3.64473819732666
