n_iterations: 10
n_sources: 10
simulations: 0.05471014976501465
npred computation: 13.144062995910645
