n_iterations: 10
n_sources: 10
simulations: 0.05544233322143555
npred computation: 13.292207956314087
