n_iterations: 10
n_sources: 10
simulations: 0.05433320999145508
npred computation: 13.513548374176025
