n_iterations: 10
n_sources: 10
simulations: 0.05368828773498535
npred computation: 17.75550675392151
