n_iterations: 10
n_sources: 10
simulations: 0.1189119815826416
npred computation: 29.825153350830078
