n_iterations: 10
n_sources: 10
simulations: 0.04782414436340332
npred computation: 13.087605237960815
