n_iterations: 10
n_sources: 10
simulations: 0.04575395584106445
npred computation: 12.826039552688599
