n_iterations: 10
n_sources: 10
simulations: 0.05686044692993164
npred computation: 3.8316879272460938
