n_iterations: 10
n_sources: 10
simulations: 0.05600285530090332
npred computation: 3.86616587638855
