n_iterations: 10
n_sources: 10
simulations: 0.047838687896728516
npred computation: 13.41072678565979
