n_iterations: 10
n_sources: 10
simulations: 0.08533859252929688
npred computation: 36.90025877952576
