n_iterations: 10
n_sources: 10
simulations: 0.05811119079589844
npred computation: 27.39682912826538
