n_iterations: 10
n_sources: 10
simulations: 0.0544586181640625
npred computation: 13.343314170837402
