n_iterations: 10
n_sources: 10
simulations: 0.07485294342041016
npred computation: 47.444732904434204
