n_iterations: 10
n_sources: 10
simulations: 0.05913567543029785
npred computation: 13.330472469329834
