n_iterations: 10
n_sources: 10
simulations: 0.0550687313079834
npred computation: 13.290209293365479
