n_iterations: 10
n_sources: 10
simulations: 0.0477294921875
npred computation: 12.265020608901978
