n_iterations: 10
n_sources: 10
simulations: 0.1686108112335205
npred computation: 37.405521392822266
