n_iterations: 10
n_sources: 10
simulations: 0.07458996772766113
npred computation: 56.3526930809021
