n_iterations: 10
n_sources: 10
simulations: 0.08101201057434082
npred computation: 52.69540810585022
