n_iterations: 10
n_sources: 10
simulations: 0.10349225997924805
npred computation: 61.576674938201904
