n_iterations: 10
n_sources: 10
simulations: 0.054135799407958984
npred computation: 17.52904224395752
