n_iterations: 10
n_sources: 10
simulations: 0.05225086212158203
npred computation: 13.300515413284302
