n_iterations: 10
n_sources: 10
simulations: 0.05341506004333496
npred computation: 12.952492237091064
