n_iterations: 10
n_sources: 10
simulations: 0.05217146873474121
npred computation: 13.087367296218872
