n_iterations: 10
n_sources: 10
simulations: 0.04900717735290527
npred computation: 12.049482822418213
