n_iterations: 10
n_sources: 10
simulations: 0.058087825775146484
npred computation: 3.8359808921813965
