n_iterations: 10
n_sources: 10
simulations: 0.054254770278930664
npred computation: 12.998349905014038
