n_iterations: 10
n_sources: 10
simulations: 0.06605172157287598
npred computation: 48.52854013442993
