n_iterations: 10
n_sources: 10
simulations: 0.06621193885803223
npred computation: 37.12239074707031
