n_iterations: 10
n_sources: 10
simulations: 0.053704261779785156
npred computation: 13.153649806976318
