n_iterations: 10
n_sources: 10
simulations: 0.06736946105957031
npred computation: 43.30097937583923
