n_iterations: 10
n_sources: 10
simulations: 0.09576869010925293
npred computation: 55.72703695297241
