n_iterations: 10
n_sources: 10
simulations: 0.05190849304199219
npred computation: 13.629035949707031
