n_iterations: 10
n_sources: 10
simulations: 0.08823156356811523
npred computation: 51.49689269065857
