n_iterations: 10
n_sources: 10
simulations: 0.053453683853149414
npred computation: 18.068275690078735
