n_iterations: 10
n_sources: 10
simulations: 0.06149125099182129
npred computation: 4.096856117248535
