n_iterations: 10
n_sources: 10
simulations: 0.07322359085083008
npred computation: 36.468244552612305
