n_iterations: 10
n_sources: 10
simulations: 0.04622340202331543
npred computation: 12.46407413482666
