n_iterations: 10
n_sources: 10
simulations: 0.09944844245910645
npred computation: 60.3553740978241
