n_iterations: 10
n_sources: 10
simulations: 0.06747794151306152
npred computation: 51.76895713806152
