n_iterations: 10
n_sources: 10
simulations: 0.07122111320495605
npred computation: 45.37429332733154
