n_iterations: 10
n_sources: 10
simulations: 0.06560707092285156
npred computation: 48.83572745323181
