n_iterations: 10
n_sources: 10
simulations: 0.05326724052429199
npred computation: 12.886785507202148
