n_iterations: 10
n_sources: 10
simulations: 0.09056973457336426
npred computation: 56.36326789855957
