n_iterations: 10
n_sources: 10
simulations: 0.04934215545654297
npred computation: 12.79393458366394
