n_iterations: 10
n_sources: 10
simulations: 0.1013343334197998
npred computation: 58.167961835861206
