n_iterations: 10
n_sources: 10
simulations: 0.09260964393615723
npred computation: 43.229254961013794
