n_iterations: 10
n_sources: 10
simulations: 0.06461262702941895
npred computation: 34.263009786605835
