n_iterations: 10
n_sources: 10
simulations: 0.05993986129760742
npred computation: 4.032832860946655
