n_iterations: 10
n_sources: 10
simulations: 0.049158334732055664
npred computation: 12.818272829055786
