n_iterations: 10
n_sources: 10
simulations: 0.0746617317199707
npred computation: 46.99680685997009
