n_iterations: 10
n_sources: 10
simulations: 0.05476665496826172
npred computation: 13.416067361831665
