n_iterations: 10
n_sources: 10
simulations: 0.055330753326416016
npred computation: 13.186347961425781
