n_iterations: 10
n_sources: 10
simulations: 0.05367779731750488
npred computation: 13.196691989898682
