n_iterations: 10
n_sources: 10
simulations: 0.05886125564575195
npred computation: 4.005718469619751
