n_iterations: 10
n_sources: 10
simulations: 0.05484366416931152
npred computation: 13.533291339874268
