n_iterations: 10
n_sources: 10
simulations: 0.07867550849914551
npred computation: 38.49940204620361
