n_iterations: 10
n_sources: 10
simulations: 0.04973268508911133
npred computation: 12.804942846298218
