n_iterations: 10
n_sources: 10
simulations: 0.053531646728515625
npred computation: 12.96445345878601
