n_iterations: 10
n_sources: 10
simulations: 0.05314993858337402
npred computation: 12.83309030532837
