n_iterations: 10
n_sources: 10
simulations: 0.06095075607299805
npred computation: 21.37593650817871
