n_iterations: 10
n_sources: 10
simulations: 0.14683747291564941
npred computation: 36.410321950912476
