n_iterations: 10
n_sources: 10
simulations: 0.053218841552734375
npred computation: 13.052951097488403
