n_iterations: 10
n_sources: 10
simulations: 0.04565787315368652
npred computation: 12.110973596572876
