n_iterations: 10
n_sources: 10
simulations: 0.06141257286071777
npred computation: 38.996949911117554
