n_iterations: 10
n_sources: 10
simulations: 0.05469775199890137
npred computation: 13.353703737258911
