n_iterations: 10
n_sources: 10
simulations: 0.07141351699829102
npred computation: 43.57131886482239
