n_iterations: 10
n_sources: 10
simulations: 0.051247358322143555
npred computation: 13.50525188446045
