n_iterations: 10
n_sources: 10
simulations: 0.0479578971862793
npred computation: 13.045374870300293
