n_iterations: 10
n_sources: 10
simulations: 0.04402470588684082
npred computation: 12.598536014556885
