n_iterations: 10
n_sources: 10
simulations: 0.07567548751831055
npred computation: 45.40963673591614
