n_iterations: 10
n_sources: 10
simulations: 0.048330068588256836
npred computation: 13.010410070419312
