n_iterations: 10
n_sources: 10
simulations: 0.05536961555480957
npred computation: 17.446218729019165
