n_iterations: 10
n_sources: 10
simulations: 0.05581021308898926
npred computation: 13.3848397731781
