n_iterations: 10
n_sources: 10
simulations: 0.05347561836242676
npred computation: 13.212331771850586
