n_iterations: 10
n_sources: 10
simulations: 0.07299494743347168
npred computation: 50.19622254371643
