n_iterations: 10
n_sources: 10
simulations: 0.07339954376220703
npred computation: 45.34345865249634
