n_iterations: 10
n_sources: 10
simulations: 0.0832986831665039
npred computation: 51.25409007072449
