n_iterations: 10
n_sources: 10
simulations: 0.09203410148620605
npred computation: 49.3830451965332
