n_iterations: 10
n_sources: 10
simulations: 0.08189177513122559
npred computation: 52.59277057647705
