n_iterations: 10
n_sources: 10
simulations: 0.054372549057006836
npred computation: 13.385688304901123
