n_iterations: 10
n_sources: 10
simulations: 0.05566716194152832
npred computation: 13.033546447753906
