n_iterations: 10
n_sources: 10
simulations: 0.057691335678100586
npred computation: 13.877460956573486
