n_iterations: 10
n_sources: 10
simulations: 0.10006856918334961
npred computation: 56.33765387535095
