n_iterations: 10
n_sources: 10
simulations: 0.09196257591247559
npred computation: 54.04404973983765
