n_iterations: 10
n_sources: 10
simulations: 0.06299233436584473
npred computation: 42.462167263031006
