n_iterations: 10
n_sources: 10
simulations: 0.07645344734191895
npred computation: 55.8929386138916
