n_iterations: 10
n_sources: 10
simulations: 0.05427694320678711
npred computation: 17.541808605194092
