n_iterations: 10
n_sources: 10
simulations: 0.05542635917663574
npred computation: 13.369105100631714
