n_iterations: 10
n_sources: 10
simulations: 0.08737945556640625
npred computation: 42.59641075134277
