n_iterations: 10
n_sources: 10
simulations: 0.03691601753234863
npred computation: 9.215030908584595
