n_iterations: 10
n_sources: 10
simulations: 0.044800758361816406
npred computation: 11.808384418487549
