n_iterations: 10
n_sources: 10
simulations: 0.06522035598754883
npred computation: 40.218932151794434
