n_iterations: 10
n_sources: 10
simulations: 0.08771038055419922
npred computation: 51.95231580734253
