n_iterations: 10
n_sources: 10
simulations: 0.07700490951538086
npred computation: 50.0241219997406
