n_iterations: 10
n_sources: 10
simulations: 0.07012271881103516
npred computation: 50.3415744304657
