n_iterations: 10
n_sources: 10
simulations: 0.1163787841796875
npred computation: 29.61071014404297
