n_iterations: 10
n_sources: 10
simulations: 0.06971168518066406
npred computation: 42.72465682029724
