n_iterations: 10
n_sources: 10
simulations: 0.07283401489257812
npred computation: 42.92948031425476
