n_iterations: 10
n_sources: 10
simulations: 0.05346226692199707
npred computation: 17.099559783935547
