n_iterations: 10
n_sources: 10
simulations: 0.05375170707702637
npred computation: 13.047248601913452
