n_iterations: 10
n_sources: 10
simulations: 0.07602930068969727
npred computation: 49.82400870323181
