n_iterations: 10
n_sources: 10
simulations: 0.07011103630065918
npred computation: 50.2035026550293
