n_iterations: 10
n_sources: 10
simulations: 0.05496621131896973
npred computation: 17.45526432991028
