n_iterations: 10
n_sources: 10
simulations: 0.06060647964477539
npred computation: 4.067838191986084
