n_iterations: 10
n_sources: 10
simulations: 0.05724668502807617
npred computation: 27.178058624267578
