n_iterations: 10
n_sources: 10
simulations: 0.06129145622253418
npred computation: 4.211857795715332
