n_iterations: 10
n_sources: 10
simulations: 0.054205894470214844
npred computation: 13.396832704544067
