n_iterations: 10
n_sources: 10
simulations: 0.0634615421295166
npred computation: 38.472564697265625
