n_iterations: 10
n_sources: 10
simulations: 0.04815316200256348
npred computation: 12.488917827606201
