n_iterations: 10
n_sources: 10
simulations: 0.07289528846740723
npred computation: 45.141295194625854
