n_iterations: 10
n_sources: 10
simulations: 0.19185781478881836
npred computation: 39.71621632575989
