n_iterations: 10
n_sources: 10
simulations: 0.07196187973022461
npred computation: 38.40197396278381
