n_iterations: 10
n_sources: 10
simulations: 0.054694175720214844
npred computation: 13.447335004806519
