n_iterations: 10
n_sources: 10
simulations: 0.08662152290344238
npred computation: 51.88583540916443
