n_iterations: 10
n_sources: 10
simulations: 0.07328939437866211
npred computation: 50.35947227478027
