n_iterations: 10
n_sources: 10
simulations: 0.054370880126953125
npred computation: 13.347603559494019
