n_iterations: 10
n_sources: 10
simulations: 0.05317378044128418
npred computation: 13.064132690429688
