n_iterations: 10
n_sources: 10
simulations: 0.05206751823425293
npred computation: 12.812269687652588
