n_iterations: 10
n_sources: 10
simulations: 0.06678318977355957
npred computation: 48.349186420440674
