n_iterations: 10
n_sources: 10
simulations: 0.10249447822570801
npred computation: 63.4097638130188
