n_iterations: 10
n_sources: 10
simulations: 0.047605037689208984
npred computation: 12.4781014919281
