n_iterations: 10
n_sources: 10
simulations: 0.05780601501464844
npred computation: 39.242541790008545
