n_iterations: 10
n_sources: 10
simulations: 0.06043243408203125
npred computation: 4.0467963218688965
