n_iterations: 10
n_sources: 10
simulations: 0.04904961585998535
npred computation: 12.744739294052124
