n_iterations: 10
n_sources: 10
simulations: 0.10327005386352539
npred computation: 57.07261896133423
