n_iterations: 10
n_sources: 10
simulations: 0.046399831771850586
npred computation: 12.976698637008667
