n_iterations: 10
n_sources: 10
simulations: 0.06430578231811523
npred computation: 39.03147912025452
