n_iterations: 10
n_sources: 10
simulations: 0.0672304630279541
npred computation: 43.404682636260986
