n_iterations: 10
n_sources: 10
simulations: 0.06877589225769043
npred computation: 45.29064226150513
