n_iterations: 10
n_sources: 10
simulations: 0.04737424850463867
npred computation: 13.42616319656372
