n_iterations: 10
n_sources: 10
simulations: 0.04732537269592285
npred computation: 12.40204405784607
