n_iterations: 10
n_sources: 10
simulations: 0.07697629928588867
npred computation: 49.90216302871704
