n_iterations: 10
n_sources: 10
simulations: 0.068450927734375
npred computation: 44.095924615859985
