n_iterations: 10
n_sources: 10
simulations: 0.07294368743896484
npred computation: 47.15364980697632
