n_iterations: 10
n_sources: 10
simulations: 0.07078671455383301
npred computation: 53.69598126411438
