n_iterations: 10
n_sources: 10
simulations: 0.0646216869354248
npred computation: 44.69511079788208
