n_iterations: 10
n_sources: 10
simulations: 0.05583691596984863
npred computation: 13.84215521812439
