n_iterations: 10
n_sources: 10
simulations: 0.0450894832611084
npred computation: 12.057954788208008
