n_iterations: 10
n_sources: 10
simulations: 0.06495261192321777
npred computation: 37.16849637031555
