n_iterations: 10
n_sources: 10
simulations: 0.06005263328552246
npred computation: 4.007172584533691
