n_iterations: 10
n_sources: 10
simulations: 0.08543872833251953
npred computation: 51.97938132286072
