n_iterations: 10
n_sources: 10
simulations: 0.07564115524291992
npred computation: 47.26162624359131
