n_iterations: 10
n_sources: 10
simulations: 0.05914950370788574
npred computation: 4.023688554763794
