n_iterations: 10
n_sources: 10
simulations: 0.06690287590026855
npred computation: 39.947766065597534
