n_iterations: 10
n_sources: 10
simulations: 0.05388903617858887
npred computation: 13.466871976852417
