n_iterations: 10
n_sources: 10
simulations: 0.07223939895629883
npred computation: 54.21869349479675
