n_iterations: 10
n_sources: 10
simulations: 0.11176061630249023
npred computation: 27.929195642471313
