n_iterations: 10
n_sources: 10
simulations: 0.10242533683776855
npred computation: 58.95569896697998
