n_iterations: 10
n_sources: 10
simulations: 0.0525202751159668
npred computation: 17.117342233657837
