n_iterations: 10
n_sources: 10
simulations: 0.05470013618469238
npred computation: 17.52229619026184
