n_iterations: 10
n_sources: 10
simulations: 0.0558164119720459
npred computation: 17.597995281219482
