n_iterations: 10
n_sources: 10
simulations: 0.07533383369445801
npred computation: 57.100788593292236
