n_iterations: 10
n_sources: 10
simulations: 0.05130457878112793
npred computation: 3.5689644813537598
