n_iterations: 10
n_sources: 10
simulations: 0.06993794441223145
npred computation: 49.92727446556091
