n_iterations: 10
n_sources: 10
simulations: 0.0711672306060791
npred computation: 44.84068036079407
