n_iterations: 10
n_sources: 10
simulations: 0.07420897483825684
npred computation: 49.7262225151062
