n_iterations: 10
n_sources: 10
simulations: 0.05181717872619629
npred computation: 12.819847345352173
