n_iterations: 10
n_sources: 10
simulations: 0.07423758506774902
npred computation: 48.628338098526
