n_iterations: 10
n_sources: 10
simulations: 0.05449104309082031
npred computation: 17.687196731567383
