n_iterations: 10
n_sources: 10
simulations: 0.09258246421813965
npred computation: 50.3730890750885
