n_iterations: 10
n_sources: 10
simulations: 0.053156137466430664
npred computation: 13.39141058921814
