n_iterations: 10
n_sources: 10
simulations: 0.05379533767700195
npred computation: 13.294147253036499
