n_iterations: 10
n_sources: 10
simulations: 0.06447792053222656
npred computation: 32.84179496765137
