n_iterations: 10
n_sources: 10
simulations: 0.06089901924133301
npred computation: 47.50701951980591
