n_iterations: 10
n_sources: 10
simulations: 0.06678032875061035
npred computation: 48.81173658370972
