n_iterations: 10
n_sources: 10
simulations: 0.05534505844116211
npred computation: 13.136332511901855
