n_iterations: 10
n_sources: 10
simulations: 0.04838109016418457
npred computation: 12.676506042480469
