n_iterations: 10
n_sources: 10
simulations: 0.05264401435852051
npred computation: 13.585444450378418
