n_iterations: 10
n_sources: 10
simulations: 0.05588507652282715
npred computation: 13.900411128997803
