n_iterations: 10
n_sources: 10
simulations: 0.05470132827758789
npred computation: 14.44828462600708
