n_iterations: 10
n_sources: 10
simulations: 0.10303759574890137
npred computation: 56.177125215530396
