n_iterations: 10
n_sources: 10
simulations: 0.054141998291015625
npred computation: 13.533750295639038
