n_iterations: 10
n_sources: 10
simulations: 0.15331268310546875
npred computation: 12.775248765945435
