n_iterations: 10
n_sources: 10
simulations: 0.06865143775939941
npred computation: 40.21581482887268
