n_iterations: 10
n_sources: 10
simulations: 0.06965303421020508
npred computation: 40.463255167007446
