n_iterations: 10
n_sources: 10
simulations: 0.07518672943115234
npred computation: 42.0207736492157
