n_iterations: 10
n_sources: 10
simulations: 0.04659461975097656
npred computation: 12.989131212234497
