n_iterations: 10
n_sources: 10
simulations: 0.05318641662597656
npred computation: 12.943914890289307
