n_iterations: 10
n_sources: 10
simulations: 0.054457902908325195
npred computation: 13.269186019897461
