n_iterations: 10
n_sources: 10
simulations: 0.05553102493286133
npred computation: 17.618838787078857
