n_iterations: 10
n_sources: 10
simulations: 0.0735771656036377
npred computation: 47.15586590766907
