n_iterations: 10
n_sources: 10
simulations: 0.054196834564208984
npred computation: 13.609129667282104
