n_iterations: 10
n_sources: 10
simulations: 0.057683467864990234
npred computation: 13.415538311004639
