n_iterations: 10
n_sources: 10
simulations: 0.05874490737915039
npred computation: 18.018876314163208
