n_iterations: 10
n_sources: 10
simulations: 0.14734554290771484
npred computation: 62.54866290092468
