n_iterations: 10
n_sources: 10
simulations: 0.08605027198791504
npred computation: 53.698097944259644
