n_iterations: 10
n_sources: 10
simulations: 0.07755732536315918
npred computation: 50.63580918312073
