n_iterations: 10
n_sources: 10
simulations: 0.053903818130493164
npred computation: 13.315942287445068
