n_iterations: 10
n_sources: 10
simulations: 0.05467081069946289
npred computation: 18.169568300247192
