n_iterations: 10
n_sources: 10
simulations: 0.07877135276794434
npred computation: 52.550018072128296
