n_iterations: 10
n_sources: 10
simulations: 0.06978750228881836
npred computation: 36.579070806503296
