n_iterations: 10
n_sources: 10
simulations: 0.07018327713012695
npred computation: 50.39116859436035
