n_iterations: 10
n_sources: 10
simulations: 0.06349039077758789
npred computation: 38.8335223197937
