n_iterations: 10
n_sources: 10
simulations: 0.05506324768066406
npred computation: 17.678433656692505
