n_iterations: 10
n_sources: 10
simulations: 0.053755998611450195
npred computation: 13.945492029190063
