n_iterations: 10
n_sources: 10
simulations: 0.05396008491516113
npred computation: 12.967246532440186
