n_iterations: 10
n_sources: 10
simulations: 0.0537562370300293
npred computation: 13.2261643409729
