n_iterations: 10
n_sources: 10
simulations: 0.054788827896118164
npred computation: 4.583061933517456
