n_iterations: 10
n_sources: 10
simulations: 0.06461620330810547
npred computation: 36.99099659919739
