n_iterations: 10
n_sources: 10
simulations: 0.0498194694519043
npred computation: 12.775081872940063
