n_iterations: 10
n_sources: 10
simulations: 0.04742288589477539
npred computation: 12.443507432937622
