n_iterations: 10
n_sources: 10
simulations: 0.06204700469970703
npred computation: 29.594290494918823
