n_iterations: 10
n_sources: 10
simulations: 0.05456662178039551
npred computation: 17.57568621635437
