n_iterations: 10
n_sources: 10
simulations: 0.06688618659973145
npred computation: 49.05389428138733
