n_iterations: 10
n_sources: 10
simulations: 0.07619166374206543
npred computation: 52.49619936943054
