n_iterations: 10
n_sources: 10
simulations: 0.07285833358764648
npred computation: 50.5955605506897
