n_iterations: 10
n_sources: 10
simulations: 0.04674029350280762
npred computation: 13.18730878829956
