n_iterations: 10
n_sources: 10
simulations: 0.08417415618896484
npred computation: 51.145620346069336
