n_iterations: 10
n_sources: 10
simulations: 0.05951809883117676
npred computation: 3.9580838680267334
