n_iterations: 10
n_sources: 10
simulations: 0.045626163482666016
npred computation: 12.711117506027222
