n_iterations: 10
n_sources: 10
simulations: 0.046520233154296875
npred computation: 12.878952026367188
