n_iterations: 10
n_sources: 10
simulations: 0.0736689567565918
npred computation: 45.855416774749756
