n_iterations: 10
n_sources: 10
simulations: 0.04844021797180176
npred computation: 12.899440050125122
