n_iterations: 10
n_sources: 10
simulations: 0.07738614082336426
npred computation: 49.35730695724487
