n_iterations: 10
n_sources: 10
simulations: 0.06714010238647461
npred computation: 41.92494463920593
