n_iterations: 10
n_sources: 10
simulations: 0.04943966865539551
npred computation: 13.346349477767944
