n_iterations: 10
n_sources: 10
simulations: 0.05231332778930664
npred computation: 13.070888996124268
