n_iterations: 10
n_sources: 10
simulations: 0.048061370849609375
npred computation: 12.5084228515625
