n_iterations: 10
n_sources: 10
simulations: 0.07045674324035645
npred computation: 44.63955211639404
