n_iterations: 10
n_sources: 10
simulations: 0.06410861015319824
npred computation: 47.26297378540039
