n_iterations: 10
n_sources: 10
simulations: 0.08300495147705078
npred computation: 46.53471660614014
