n_iterations: 10
n_sources: 10
simulations: 0.05313372611999512
npred computation: 13.337860107421875
