n_iterations: 10
n_sources: 10
simulations: 0.0716392993927002
npred computation: 52.42519569396973
