n_iterations: 10
n_sources: 10
simulations: 0.04635143280029297
npred computation: 12.781210660934448
