n_iterations: 10
n_sources: 10
simulations: 0.06918025016784668
npred computation: 45.482511043548584
