n_iterations: 10
n_sources: 10
simulations: 0.045026302337646484
npred computation: 12.77913236618042
