n_iterations: 10
n_sources: 10
simulations: 0.05643892288208008
npred computation: 3.86167311668396
