n_iterations: 10
n_sources: 10
simulations: 0.053850650787353516
npred computation: 13.17559552192688
