n_iterations: 10
n_sources: 10
simulations: 0.04825615882873535
npred computation: 12.876097917556763
