n_iterations: 10
n_sources: 10
simulations: 0.05596661567687988
npred computation: 13.353646755218506
