n_iterations: 10
n_sources: 10
simulations: 0.0598146915435791
npred computation: 4.028658151626587
