n_iterations: 10
n_sources: 10
simulations: 0.04883861541748047
npred computation: 13.170850992202759
