n_iterations: 10
n_sources: 10
simulations: 0.054831504821777344
npred computation: 13.411980867385864
