n_iterations: 10
n_sources: 10
simulations: 0.045455217361450195
npred computation: 12.700262546539307
