n_iterations: 10
n_sources: 10
simulations: 0.052368879318237305
npred computation: 13.273173809051514
