n_iterations: 10
n_sources: 10
simulations: 0.07177042961120605
npred computation: 45.031604528427124
