n_iterations: 10
n_sources: 10
simulations: 0.06804871559143066
npred computation: 50.528404712677
