n_iterations: 10
n_sources: 10
simulations: 0.05744528770446777
npred computation: 13.948806762695312
