n_iterations: 10
n_sources: 10
simulations: 0.09964609146118164
npred computation: 53.53174805641174
