n_iterations: 10
n_sources: 10
simulations: 0.06413841247558594
npred computation: 38.6721305847168
