n_iterations: 10
n_sources: 10
simulations: 0.056963205337524414
npred computation: 14.071590662002563
