n_iterations: 10
n_sources: 10
simulations: 0.0610346794128418
npred computation: 4.0402843952178955
