n_iterations: 10
n_sources: 10
simulations: 0.05444025993347168
npred computation: 13.19852352142334
