n_iterations: 10
n_sources: 10
simulations: 0.08268904685974121
npred computation: 52.43611264228821
