n_iterations: 10
n_sources: 10
simulations: 0.06659126281738281
npred computation: 37.03245949745178
