n_iterations: 10
n_sources: 10
simulations: 0.05519366264343262
npred computation: 13.327710151672363
