n_iterations: 10
n_sources: 10
simulations: 0.061687469482421875
npred computation: 29.026360511779785
