n_iterations: 10
n_sources: 10
simulations: 0.04809260368347168
npred computation: 12.511858224868774
