n_iterations: 10
n_sources: 10
simulations: 0.06143498420715332
npred computation: 29.215320348739624
