n_iterations: 10
n_sources: 10
simulations: 0.05328941345214844
npred computation: 13.432767152786255
