n_iterations: 10
n_sources: 10
simulations: 0.10124492645263672
npred computation: 49.63353395462036
