n_iterations: 10
n_sources: 10
simulations: 0.06810379028320312
npred computation: 39.53174543380737
