n_iterations: 10
n_sources: 10
simulations: 0.04473757743835449
npred computation: 12.160760164260864
