n_iterations: 10
n_sources: 10
simulations: 0.05243539810180664
npred computation: 13.542742490768433
