n_iterations: 10
n_sources: 10
simulations: 0.07871317863464355
npred computation: 51.590351581573486
