n_iterations: 10
n_sources: 10
simulations: 0.07001042366027832
npred computation: 39.94544577598572
