n_iterations: 10
n_sources: 10
simulations: 0.0526728630065918
npred computation: 13.4538094997406
