n_iterations: 10
n_sources: 10
simulations: 0.05427289009094238
npred computation: 17.650047302246094
