n_iterations: 10
n_sources: 10
simulations: 0.04500603675842285
npred computation: 11.76360559463501
