n_iterations: 10
n_sources: 10
simulations: 0.0545804500579834
npred computation: 13.141309022903442
