n_iterations: 10
n_sources: 10
simulations: 0.04834604263305664
npred computation: 13.32034158706665
