n_iterations: 10
n_sources: 10
simulations: 0.06798148155212402
npred computation: 39.58928322792053
