n_iterations: 10
n_sources: 10
simulations: 0.05337786674499512
npred computation: 17.523743867874146
