n_iterations: 10
n_sources: 10
simulations: 0.06633543968200684
npred computation: 39.177971601486206
