n_iterations: 10
n_sources: 10
simulations: 0.05818891525268555
npred computation: 38.18936491012573
