n_iterations: 10
n_sources: 10
simulations: 0.06863260269165039
npred computation: 43.78638815879822
