n_iterations: 10
n_sources: 10
simulations: 0.057912349700927734
npred computation: 14.045973777770996
