n_iterations: 10
n_sources: 10
simulations: 0.05180835723876953
npred computation: 13.326498985290527
