n_iterations: 10
n_sources: 10
simulations: 0.052186012268066406
npred computation: 13.283888339996338
