n_iterations: 10
n_sources: 10
simulations: 0.05133247375488281
npred computation: 3.556947946548462
