n_iterations: 10
n_sources: 10
simulations: 0.07019877433776855
npred computation: 44.56738591194153
