n_iterations: 10
n_sources: 10
simulations: 0.06621551513671875
npred computation: 37.415117263793945
