n_iterations: 10
n_sources: 10
simulations: 0.06045651435852051
npred computation: 4.085979461669922
