n_iterations: 10
n_sources: 10
simulations: 0.06584000587463379
npred computation: 39.15847730636597
