n_iterations: 10
n_sources: 10
simulations: 0.05485725402832031
npred computation: 17.061054229736328
