n_iterations: 10
n_sources: 10
simulations: 0.06906342506408691
npred computation: 44.8047935962677
