n_iterations: 10
n_sources: 10
simulations: 0.06691980361938477
npred computation: 37.36905860900879
