n_iterations: 10
n_sources: 10
simulations: 0.06886744499206543
npred computation: 43.69114089012146
