n_iterations: 10
n_sources: 10
simulations: 0.06391668319702148
npred computation: 4.178789138793945
