n_iterations: 10
n_sources: 10
simulations: 0.09667634963989258
npred computation: 52.45160436630249
