n_iterations: 10
n_sources: 10
simulations: 0.053281307220458984
npred computation: 13.253156185150146
