n_iterations: 10
n_sources: 10
simulations: 0.08596587181091309
npred computation: 51.993348836898804
