n_iterations: 10
n_sources: 10
simulations: 0.0684657096862793
npred computation: 43.888012647628784
