n_iterations: 10
n_sources: 10
simulations: 0.05415606498718262
npred computation: 13.129985570907593
