n_iterations: 10
n_sources: 10
simulations: 0.05243253707885742
npred computation: 13.362887144088745
