n_iterations: 10
n_sources: 10
simulations: 0.03859257698059082
npred computation: 48.886932373046875
