n_iterations: 10
n_sources: 10
simulations: 0.09726715087890625
npred computation: 54.66224789619446
