n_iterations: 10
n_sources: 10
simulations: 0.053110361099243164
npred computation: 13.545840501785278
