n_iterations: 10
n_sources: 10
simulations: 0.08765006065368652
npred computation: 62.9761221408844
