n_iterations: 10
n_sources: 10
simulations: 0.07752060890197754
npred computation: 55.464863777160645
