n_iterations: 10
n_sources: 10
simulations: 0.06422877311706543
npred computation: 30.21245265007019
