n_iterations: 10
n_sources: 10
simulations: 0.06675291061401367
npred computation: 15.515606164932251
