n_iterations: 10
n_sources: 10
simulations: 0.06661629676818848
npred computation: 39.16917967796326
