n_iterations: 10
n_sources: 10
simulations: 0.05436444282531738
npred computation: 13.360570669174194
