n_iterations: 10
n_sources: 10
simulations: 0.038152456283569336
npred computation: 46.830238342285156
