n_iterations: 10
n_sources: 10
simulations: 0.05505776405334473
npred computation: 13.279314041137695
