n_iterations: 10
n_sources: 10
simulations: 0.1018373966217041
npred computation: 55.886603116989136
