n_iterations: 10
n_sources: 10
simulations: 0.07797455787658691
npred computation: 38.332759141922
