n_iterations: 10
n_sources: 10
simulations: 0.05233430862426758
npred computation: 13.531244277954102
