n_iterations: 10
n_sources: 10
simulations: 0.1030280590057373
npred computation: 55.72250485420227
