n_iterations: 10
n_sources: 10
simulations: 0.04766249656677246
npred computation: 12.49604868888855
