n_iterations: 10
n_sources: 10
simulations: 0.05389690399169922
npred computation: 13.038033962249756
