n_iterations: 10
n_sources: 10
simulations: 0.05341935157775879
npred computation: 17.261948347091675
