n_iterations: 10
n_sources: 10
simulations: 0.0788567066192627
npred computation: 50.557899951934814
