n_iterations: 10
n_sources: 10
simulations: 0.052435874938964844
npred computation: 13.150042533874512
