n_iterations: 10
n_sources: 10
simulations: 0.05288338661193848
npred computation: 13.365330696105957
