n_iterations: 10
n_sources: 10
simulations: 0.07217955589294434
npred computation: 51.50694727897644
