n_iterations: 10
n_sources: 10
simulations: 0.0463869571685791
npred computation: 12.527244329452515
