n_iterations: 10
n_sources: 10
simulations: 0.0548555850982666
npred computation: 17.28751850128174
