n_iterations: 10
n_sources: 10
simulations: 0.06805419921875
npred computation: 49.92454242706299
