n_iterations: 10
n_sources: 10
simulations: 0.05258631706237793
npred computation: 13.205474376678467
