n_iterations: 10
n_sources: 10
simulations: 0.09943175315856934
npred computation: 58.99749255180359
