n_iterations: 10
n_sources: 10
simulations: 0.0871279239654541
npred computation: 51.520848512649536
