n_iterations: 10
n_sources: 10
simulations: 0.05676555633544922
npred computation: 3.827892780303955
