n_iterations: 10
n_sources: 10
simulations: 0.10609912872314453
npred computation: 42.24426603317261
