n_iterations: 10
n_sources: 10
simulations: 0.04746651649475098
npred computation: 12.91975998878479
