n_iterations: 10
n_sources: 10
simulations: 0.053466081619262695
npred computation: 13.478174924850464
