n_iterations: 10
n_sources: 10
simulations: 0.16025972366333008
npred computation: 35.847991943359375
