n_iterations: 10
n_sources: 10
simulations: 0.04903745651245117
npred computation: 12.697683095932007
