n_iterations: 10
n_sources: 10
simulations: 0.06887245178222656
npred computation: 47.72226619720459
