n_iterations: 10
n_sources: 10
simulations: 0.04705452919006348
npred computation: 12.417201280593872
