n_iterations: 10
n_sources: 10
simulations: 0.09404563903808594
npred computation: 54.09271788597107
