n_iterations: 10
n_sources: 10
simulations: 0.0599215030670166
npred computation: 4.01196813583374
