n_iterations: 10
n_sources: 10
simulations: 0.05478215217590332
npred computation: 13.260136365890503
