n_iterations: 10
n_sources: 10
simulations: 0.057657718658447266
npred computation: 13.591721057891846
