n_iterations: 10
n_sources: 10
simulations: 0.05267739295959473
npred computation: 13.057384252548218
