n_iterations: 10
n_sources: 10
simulations: 0.07810330390930176
npred computation: 47.80736565589905
