n_iterations: 10
n_sources: 10
simulations: 0.05346274375915527
npred computation: 13.093464136123657
