n_iterations: 10
n_sources: 10
simulations: 0.06084847450256348
npred computation: 49.729018211364746
