n_iterations: 10
n_sources: 10
simulations: 0.053580522537231445
npred computation: 13.000789403915405
