n_iterations: 10
n_sources: 10
simulations: 0.04826974868774414
npred computation: 12.746340274810791
