n_iterations: 10
n_sources: 10
simulations: 0.06786108016967773
npred computation: 42.58535027503967
