n_iterations: 10
n_sources: 10
simulations: 0.05446577072143555
npred computation: 17.43346643447876
