n_iterations: 10
n_sources: 10
simulations: 0.09906411170959473
npred computation: 52.906431674957275
