n_iterations: 10
n_sources: 10
simulations: 0.10129356384277344
npred computation: 56.31785535812378
