n_iterations: 10
n_sources: 10
simulations: 0.06482720375061035
npred computation: 39.1091730594635
