n_iterations: 10
n_sources: 10
simulations: 0.061156511306762695
npred computation: 4.18258810043335
