n_iterations: 10
n_sources: 10
simulations: 0.04716682434082031
npred computation: 12.27844762802124
