n_iterations: 10
n_sources: 10
simulations: 0.07137942314147949
npred computation: 52.96094512939453
