n_iterations: 10
n_sources: 10
simulations: 0.10311150550842285
npred computation: 42.02419567108154
