n_iterations: 10
n_sources: 10
simulations: 0.050332069396972656
npred computation: 56.33818173408508
