n_iterations: 10
n_sources: 10
simulations: 0.05382037162780762
npred computation: 4.509807348251343
