n_iterations: 10
n_sources: 10
simulations: 0.04796600341796875
npred computation: 13.14719033241272
