n_iterations: 10
n_sources: 10
simulations: 0.05930495262145996
npred computation: 3.959841012954712
