n_iterations: 10
n_sources: 10
simulations: 0.04531359672546387
npred computation: 12.964174032211304
