n_iterations: 10
n_sources: 10
simulations: 0.05290031433105469
npred computation: 13.00176477432251
