n_iterations: 10
n_sources: 10
simulations: 0.06654000282287598
npred computation: 38.441545486450195
