n_iterations: 10
n_sources: 10
simulations: 0.048341989517211914
npred computation: 13.11562705039978
