n_iterations: 10
n_sources: 10
simulations: 0.046549081802368164
npred computation: 12.877880811691284
