n_iterations: 10
n_sources: 10
simulations: 0.0803217887878418
npred computation: 39.40501642227173
