n_iterations: 10
n_sources: 10
simulations: 0.0926065444946289
npred computation: 54.65999722480774
