n_iterations: 10
n_sources: 10
simulations: 0.07181668281555176
npred computation: 44.05244565010071
