n_iterations: 10
n_sources: 10
simulations: 0.053143978118896484
npred computation: 3.7074055671691895
