n_iterations: 10
n_sources: 10
simulations: 0.06095576286315918
npred computation: 4.06862735748291
