n_iterations: 10
n_sources: 10
simulations: 0.0538334846496582
npred computation: 13.630950927734375
