n_iterations: 10
n_sources: 10
simulations: 0.055342674255371094
npred computation: 13.810256481170654
