n_iterations: 10
n_sources: 10
simulations: 0.04590463638305664
npred computation: 12.829205513000488
