n_iterations: 10
n_sources: 10
simulations: 0.045883893966674805
npred computation: 12.52402114868164
