n_iterations: 10
n_sources: 10
simulations: 0.05329561233520508
npred computation: 4.582432746887207
