n_iterations: 10
n_sources: 10
simulations: 0.07152509689331055
npred computation: 49.542301654815674
