n_iterations: 10
n_sources: 10
simulations: 0.04834794998168945
npred computation: 13.049313306808472
