n_iterations: 10
n_sources: 10
simulations: 0.04925227165222168
npred computation: 12.649511575698853
