n_iterations: 10
n_sources: 10
simulations: 0.09064340591430664
npred computation: 41.997276067733765
