n_iterations: 10
n_sources: 10
simulations: 0.07393169403076172
npred computation: 53.45757031440735
