n_iterations: 10
n_sources: 10
simulations: 0.1498246192932129
npred computation: 37.38560247421265
