n_iterations: 10
n_sources: 10
simulations: 0.07041168212890625
npred computation: 44.50116038322449
