n_iterations: 10
n_sources: 10
simulations: 0.06206369400024414
npred computation: 30.02766728401184
