n_iterations: 10
n_sources: 10
simulations: 0.04748654365539551
npred computation: 12.646414518356323
