n_iterations: 10
n_sources: 10
simulations: 0.05457568168640137
npred computation: 13.116126537322998
