n_iterations: 10
n_sources: 10
simulations: 0.05457186698913574
npred computation: 12.880730390548706
