n_iterations: 10
n_sources: 10
simulations: 0.045476436614990234
npred computation: 12.148151874542236
