n_iterations: 10
n_sources: 10
simulations: 0.056963443756103516
npred computation: 3.852163076400757
