n_iterations: 10
n_sources: 10
simulations: 0.07294321060180664
npred computation: 51.908586502075195
