n_iterations: 10
n_sources: 10
simulations: 0.046538591384887695
npred computation: 13.037164688110352
