n_iterations: 10
n_sources: 10
simulations: 0.06208086013793945
npred computation: 39.01353406906128
