n_iterations: 10
n_sources: 10
simulations: 0.11551308631896973
npred computation: 28.023664951324463
