n_iterations: 10
n_sources: 10
simulations: 0.05443263053894043
npred computation: 13.076459884643555
