n_iterations: 10
n_sources: 10
simulations: 0.04807877540588379
npred computation: 12.953110456466675
