n_iterations: 10
n_sources: 10
simulations: 0.10249185562133789
npred computation: 57.78027844429016
