n_iterations: 10
n_sources: 10
simulations: 0.08406591415405273
npred computation: 52.16444993019104
