n_iterations: 10
n_sources: 10
simulations: 0.06636404991149902
npred computation: 38.28211855888367
