n_iterations: 10
n_sources: 10
simulations: 0.07956814765930176
npred computation: 50.251678228378296
