n_iterations: 10
n_sources: 10
simulations: 0.05572366714477539
npred computation: 13.418055295944214
