n_iterations: 10
n_sources: 10
simulations: 0.09396076202392578
npred computation: 55.16837215423584
