n_iterations: 10
n_sources: 10
simulations: 0.1904144287109375
npred computation: 38.65684103965759
