n_iterations: 10
n_sources: 10
simulations: 0.0873725414276123
npred computation: 51.98960304260254
