n_iterations: 10
n_sources: 10
simulations: 0.06011700630187988
npred computation: 4.027300834655762
