n_iterations: 10
n_sources: 10
simulations: 0.06077313423156738
npred computation: 4.123626708984375
