n_iterations: 10
n_sources: 10
simulations: 0.12067413330078125
npred computation: 60.73431992530823
