n_iterations: 10
n_sources: 10
simulations: 0.07176661491394043
npred computation: 44.049519777297974
