n_iterations: 10
n_sources: 10
simulations: 0.04897737503051758
npred computation: 13.366742372512817
