n_iterations: 10
n_sources: 10
simulations: 0.05347847938537598
npred computation: 3.741259813308716
