n_iterations: 10
n_sources: 10
simulations: 0.0541996955871582
npred computation: 13.069486618041992
