n_iterations: 10
n_sources: 10
simulations: 0.05172157287597656
npred computation: 13.170063257217407
