n_iterations: 10
n_sources: 10
simulations: 0.04761242866516113
npred computation: 12.503100633621216
