n_iterations: 10
n_sources: 10
simulations: 0.19211840629577637
npred computation: 40.337138652801514
