n_iterations: 10
n_sources: 10
simulations: 0.053331613540649414
npred computation: 13.354699850082397
