n_iterations: 10
n_sources: 10
simulations: 0.04524850845336914
npred computation: 12.788296699523926
