n_iterations: 10
n_sources: 10
simulations: 0.04897928237915039
npred computation: 12.748752355575562
