n_iterations: 10
n_sources: 10
simulations: 0.05427670478820801
npred computation: 13.297912836074829
