n_iterations: 10
n_sources: 10
simulations: 0.057602643966674805
npred computation: 3.9143881797790527
