n_iterations: 10
n_sources: 10
simulations: 0.053215980529785156
npred computation: 12.83652639389038
