n_iterations: 10
n_sources: 10
simulations: 0.0528569221496582
npred computation: 13.520157814025879
