n_iterations: 10
n_sources: 10
simulations: 0.04949545860290527
npred computation: 12.574468851089478
