n_iterations: 10
n_sources: 10
simulations: 0.04760456085205078
npred computation: 13.09680700302124
