n_iterations: 10
n_sources: 10
simulations: 0.07864689826965332
npred computation: 49.37322378158569
