n_iterations: 10
n_sources: 10
simulations: 0.09846687316894531
npred computation: 61.81072688102722
