n_iterations: 10
n_sources: 10
simulations: 0.07135415077209473
npred computation: 51.75096344947815
