n_iterations: 10
n_sources: 10
simulations: 0.046523332595825195
npred computation: 12.792851448059082
