n_iterations: 10
n_sources: 10
simulations: 0.05418658256530762
npred computation: 13.325882911682129
