n_iterations: 10
n_sources: 10
simulations: 0.059534311294555664
npred computation: 4.0218071937561035
