n_iterations: 10
n_sources: 10
simulations: 0.0547175407409668
npred computation: 17.573034048080444
