n_iterations: 10
n_sources: 10
simulations: 0.06764435768127441
npred computation: 39.47338676452637
