n_iterations: 10
n_sources: 10
simulations: 0.17629313468933105
npred computation: 39.268800020217896
