n_iterations: 10
n_sources: 10
simulations: 0.053488731384277344
npred computation: 13.104219198226929
