n_iterations: 10
n_sources: 10
simulations: 0.09429335594177246
npred computation: 55.539262771606445
