n_iterations: 10
n_sources: 10
simulations: 0.048253774642944336
npred computation: 12.95595097541809
