n_iterations: 10
n_sources: 10
simulations: 0.0535891056060791
npred computation: 17.373104095458984
