n_iterations: 10
n_sources: 10
simulations: 0.07613086700439453
npred computation: 50.30925679206848
