n_iterations: 10
n_sources: 10
simulations: 0.05048036575317383
npred computation: 13.49811339378357
