n_iterations: 10
n_sources: 10
simulations: 0.09983658790588379
npred computation: 58.29720067977905
