n_iterations: 10
n_sources: 10
simulations: 0.07007312774658203
npred computation: 43.65856695175171
