n_iterations: 10
n_sources: 10
simulations: 0.058435916900634766
npred computation: 3.830441951751709
