n_iterations: 10
n_sources: 10
simulations: 0.053165435791015625
npred computation: 12.943937540054321
