n_iterations: 10
n_sources: 10
simulations: 0.06889200210571289
npred computation: 51.92132806777954
