n_iterations: 10
n_sources: 10
simulations: 0.05421853065490723
npred computation: 12.957695007324219
