n_iterations: 10
n_sources: 10
simulations: 0.06609869003295898
npred computation: 43.29244041442871
