n_iterations: 10
n_sources: 10
simulations: 0.08313989639282227
npred computation: 51.80258822441101
