n_iterations: 10
n_sources: 10
simulations: 0.08494424819946289
npred computation: 52.137614727020264
