n_iterations: 10
n_sources: 10
simulations: 0.09995603561401367
npred computation: 60.56911587715149
