n_iterations: 10
n_sources: 10
simulations: 0.0699467658996582
npred computation: 40.97924566268921
