n_iterations: 10
n_sources: 10
simulations: 0.047569990158081055
npred computation: 12.695278644561768
