n_iterations: 10
n_sources: 10
simulations: 0.05418133735656738
npred computation: 13.548749446868896
