n_iterations: 10
n_sources: 10
simulations: 0.04822111129760742
npred computation: 13.137176036834717
