n_iterations: 10
n_sources: 10
simulations: 0.06842041015625
npred computation: 38.51401376724243
