n_iterations: 10
n_sources: 10
simulations: 0.07352185249328613
npred computation: 54.781678438186646
