n_iterations: 10
n_sources: 10
simulations: 0.05424213409423828
npred computation: 13.087733030319214
