n_iterations: 10
n_sources: 10
simulations: 0.06711745262145996
npred computation: 39.3745391368866
