n_iterations: 10
n_sources: 10
simulations: 0.0935373306274414
npred computation: 52.739110708236694
