n_iterations: 10
n_sources: 10
simulations: 0.06960344314575195
npred computation: 53.47752022743225
