n_iterations: 10
n_sources: 10
simulations: 0.054990530014038086
npred computation: 18.057198524475098
