n_iterations: 10
n_sources: 10
simulations: 0.04777407646179199
npred computation: 13.122711420059204
