n_iterations: 10
n_sources: 10
simulations: 0.08043622970581055
npred computation: 50.64934515953064
