n_iterations: 10
n_sources: 10
simulations: 0.054489850997924805
npred computation: 17.401789903640747
