n_iterations: 10
n_sources: 10
simulations: 0.06587362289428711
npred computation: 42.903743743896484
