n_iterations: 10
n_sources: 10
simulations: 0.05445504188537598
npred computation: 13.472153902053833
