n_iterations: 10
n_sources: 10
simulations: 0.04639863967895508
npred computation: 12.42610502243042
