n_iterations: 10
n_sources: 10
simulations: 0.07806897163391113
npred computation: 53.07836937904358
