n_iterations: 10
n_sources: 10
simulations: 0.08214449882507324
npred computation: 50.56336259841919
