n_iterations: 10
n_sources: 10
simulations: 0.06583547592163086
npred computation: 37.677422523498535
