n_iterations: 10
n_sources: 10
simulations: 0.07090306282043457
npred computation: 46.71423149108887
