n_iterations: 10
n_sources: 10
simulations: 0.053835391998291016
npred computation: 17.151660203933716
