n_iterations: 10
n_sources: 10
simulations: 0.08236980438232422
npred computation: 52.65443825721741
