n_iterations: 10
n_sources: 10
simulations: 0.09304547309875488
npred computation: 50.91739225387573
