n_iterations: 10
n_sources: 10
simulations: 0.04996919631958008
npred computation: 13.317978143692017
