n_iterations: 10
n_sources: 10
simulations: 0.0473332405090332
npred computation: 12.837708473205566
