n_iterations: 10
n_sources: 10
simulations: 0.05140423774719238
npred computation: 13.276012659072876
