n_iterations: 10
n_sources: 10
simulations: 0.05361342430114746
npred computation: 19.84002161026001
