n_iterations: 10
n_sources: 10
simulations: 0.046584367752075195
npred computation: 12.723677396774292
