n_iterations: 10
n_sources: 10
simulations: 0.04842782020568848
npred computation: 12.533689260482788
