n_iterations: 10
n_sources: 10
simulations: 0.059957027435302734
npred computation: 34.74194288253784
