n_iterations: 10
n_sources: 10
simulations: 0.07295656204223633
npred computation: 49.9394257068634
