n_iterations: 10
n_sources: 10
simulations: 0.08508515357971191
npred computation: 54.65522480010986
