n_iterations: 10
n_sources: 10
simulations: 0.07040047645568848
npred computation: 45.40866255760193
