n_iterations: 10
n_sources: 10
simulations: 0.04790163040161133
npred computation: 12.360626935958862
