n_iterations: 10
n_sources: 10
simulations: 0.12080740928649902
npred computation: 29.32980990409851
