n_iterations: 10
n_sources: 10
simulations: 0.04803276062011719
npred computation: 13.057354927062988
