n_iterations: 10
n_sources: 10
simulations: 0.05086922645568848
npred computation: 14.54049015045166
