n_iterations: 10
n_sources: 10
simulations: 0.05676770210266113
npred computation: 14.130507946014404
