n_iterations: 10
n_sources: 10
simulations: 0.04976963996887207
npred computation: 12.992376804351807
