n_iterations: 10
n_sources: 10
simulations: 0.0539395809173584
npred computation: 13.661674737930298
