n_iterations: 10
n_sources: 10
simulations: 0.050924062728881836
npred computation: 13.216739654541016
