n_iterations: 10
n_sources: 10
simulations: 0.04743361473083496
npred computation: 12.869671106338501
