n_iterations: 10
n_sources: 10
simulations: 0.0809779167175293
npred computation: 49.11988186836243
