n_iterations: 10
n_sources: 10
simulations: 0.05414319038391113
npred computation: 12.970035552978516
