n_iterations: 10
n_sources: 10
simulations: 0.051279306411743164
npred computation: 3.5899605751037598
