n_iterations: 10
n_sources: 10
simulations: 0.06098222732543945
npred computation: 36.52810311317444
