n_iterations: 10
n_sources: 10
simulations: 0.16419482231140137
npred computation: 38.70230317115784
