n_iterations: 10
n_sources: 10
simulations: 0.0440068244934082
npred computation: 11.652029514312744
