n_iterations: 10
n_sources: 10
simulations: 0.08214688301086426
npred computation: 51.29697322845459
