n_iterations: 10
n_sources: 10
simulations: 0.10872149467468262
npred computation: 46.43107557296753
