n_iterations: 10
n_sources: 10
simulations: 0.05282783508300781
npred computation: 13.000406742095947
