n_iterations: 10
n_sources: 10
simulations: 0.05105733871459961
npred computation: 3.5426859855651855
