n_iterations: 10
n_sources: 10
simulations: 0.05482935905456543
npred computation: 13.424688339233398
