n_iterations: 10
n_sources: 10
simulations: 0.05285310745239258
npred computation: 3.6436829566955566
