n_iterations: 10
n_sources: 10
simulations: 0.04577350616455078
npred computation: 12.746669292449951
