n_iterations: 10
n_sources: 10
simulations: 0.05207061767578125
npred computation: 13.124309062957764
