n_iterations: 10
n_sources: 10
simulations: 0.06360435485839844
npred computation: 37.82576632499695
