n_iterations: 10
n_sources: 10
simulations: 0.06338834762573242
npred computation: 46.43066072463989
