n_iterations: 10
n_sources: 10
simulations: 0.04483819007873535
npred computation: 12.508377313613892
