n_iterations: 10
n_sources: 10
simulations: 0.05205035209655762
npred computation: 13.370704650878906
