n_iterations: 10
n_sources: 10
simulations: 0.05167889595031738
npred computation: 13.11004638671875
