n_iterations: 10
n_sources: 10
simulations: 0.048783302307128906
npred computation: 12.776259899139404
