n_iterations: 10
n_sources: 10
simulations: 0.05233120918273926
npred computation: 13.52373743057251
