n_iterations: 10
n_sources: 10
simulations: 0.04947710037231445
npred computation: 12.97640323638916
