n_iterations: 10
n_sources: 10
simulations: 0.053099632263183594
npred computation: 17.185969829559326
