n_iterations: 10
n_sources: 10
simulations: 0.06934547424316406
npred computation: 40.548948764801025
