n_iterations: 10
n_sources: 10
simulations: 0.0929105281829834
npred computation: 49.93187212944031
