n_iterations: 10
n_sources: 10
simulations: 0.05325150489807129
npred computation: 13.176487922668457
