n_iterations: 10
n_sources: 10
simulations: 0.05458879470825195
npred computation: 12.934416055679321
