n_iterations: 10
n_sources: 10
simulations: 0.052721500396728516
npred computation: 13.443034172058105
