n_iterations: 10
n_sources: 10
simulations: 0.051236867904663086
npred computation: 13.324249982833862
