n_iterations: 10
n_sources: 10
simulations: 0.052246809005737305
npred computation: 13.17216157913208
