n_iterations: 10
n_sources: 10
simulations: 0.06560492515563965
npred computation: 32.315653800964355
