n_iterations: 10
n_sources: 10
simulations: 0.07125568389892578
npred computation: 51.19623565673828
