n_iterations: 10
n_sources: 10
simulations: 0.05474591255187988
npred computation: 13.487066507339478
