n_iterations: 10
n_sources: 10
simulations: 0.047574758529663086
npred computation: 12.939903497695923
