n_iterations: 10
n_sources: 10
simulations: 0.06882548332214355
npred computation: 39.594210624694824
