n_iterations: 10
n_sources: 10
simulations: 0.050894975662231445
npred computation: 13.146195411682129
