n_iterations: 10
n_sources: 10
simulations: 0.1170508861541748
npred computation: 29.110258102416992
