n_iterations: 10
n_sources: 10
simulations: 0.05756044387817383
npred computation: 3.808152675628662
