n_iterations: 10
n_sources: 10
simulations: 0.05329108238220215
npred computation: 13.427087783813477
