n_iterations: 10
n_sources: 10
simulations: 0.06295347213745117
npred computation: 4.185059547424316
