n_iterations: 10
n_sources: 10
simulations: 0.08201932907104492
npred computation: 51.6720085144043
