n_iterations: 10
n_sources: 10
simulations: 0.09150481224060059
npred computation: 50.21903467178345
