n_iterations: 10
n_sources: 10
simulations: 0.05408620834350586
npred computation: 12.972669124603271
