n_iterations: 10
n_sources: 10
simulations: 0.06544733047485352
npred computation: 47.404672384262085
