n_iterations: 10
n_sources: 10
simulations: 0.06230878829956055
npred computation: 29.612695455551147
