n_iterations: 10
n_sources: 10
simulations: 0.08948826789855957
npred computation: 53.16859197616577
