n_iterations: 10
n_sources: 10
simulations: 0.07214784622192383
npred computation: 47.15689492225647
