n_iterations: 10
n_sources: 10
simulations: 0.060370445251464844
npred computation: 4.055706262588501
