n_iterations: 10
n_sources: 10
simulations: 0.050353288650512695
npred computation: 13.361446619033813
