n_iterations: 10
n_sources: 10
simulations: 0.0853271484375
npred computation: 52.847900390625
