n_iterations: 10
n_sources: 10
simulations: 0.04571104049682617
npred computation: 11.934642553329468
