n_iterations: 10
n_sources: 10
simulations: 0.1001288890838623
npred computation: 58.71295213699341
