n_iterations: 10
n_sources: 10
simulations: 0.07699108123779297
npred computation: 52.03258919715881
