n_iterations: 10
n_sources: 10
simulations: 0.14577126502990723
npred computation: 33.38451957702637
