n_iterations: 10
n_sources: 10
simulations: 0.0938727855682373
npred computation: 54.10434365272522
