n_iterations: 10
n_sources: 10
simulations: 0.07463192939758301
npred computation: 52.79106402397156
