n_iterations: 10
n_sources: 10
simulations: 0.05541825294494629
npred computation: 13.464983463287354
