n_iterations: 10
n_sources: 10
simulations: 0.05079317092895508
npred computation: 3.621382474899292
