n_iterations: 10
n_sources: 10
simulations: 0.05414843559265137
npred computation: 13.067262887954712
