n_iterations: 10
n_sources: 10
simulations: 0.05325508117675781
npred computation: 13.108110427856445
