n_iterations: 10
n_sources: 10
simulations: 0.060773611068725586
npred computation: 4.036619424819946
