n_iterations: 10
n_sources: 10
simulations: 0.04984116554260254
npred computation: 12.95348048210144
