n_iterations: 10
n_sources: 10
simulations: 0.07770276069641113
npred computation: 51.05383324623108
