n_iterations: 10
n_sources: 10
simulations: 0.04668998718261719
npred computation: 13.072037696838379
