n_iterations: 10
n_sources: 10
simulations: 0.07291173934936523
npred computation: 53.79198718070984
