n_iterations: 10
n_sources: 10
simulations: 0.09895467758178711
npred computation: 56.70837116241455
