n_iterations: 10
n_sources: 10
simulations: 0.08846259117126465
npred computation: 52.833720445632935
