n_iterations: 10
n_sources: 10
simulations: 0.05199408531188965
npred computation: 12.908376693725586
