n_iterations: 10
n_sources: 10
simulations: 0.04880237579345703
npred computation: 13.159228563308716
