n_iterations: 10
n_sources: 10
simulations: 0.0483858585357666
npred computation: 12.9048330783844
