n_iterations: 10
n_sources: 10
simulations: 0.04870796203613281
npred computation: 12.542674541473389
