n_iterations: 10
n_sources: 10
simulations: 0.04952263832092285
npred computation: 13.073723077774048
