n_iterations: 10
n_sources: 10
simulations: 0.060094594955444336
npred computation: 3.985321283340454
