n_iterations: 10
n_sources: 10
simulations: 0.052391767501831055
npred computation: 13.391535520553589
