n_iterations: 10
n_sources: 10
simulations: 0.05618786811828613
npred computation: 13.159412622451782
