n_iterations: 10
n_sources: 10
simulations: 0.05396533012390137
npred computation: 13.05391240119934
