n_iterations: 10
n_sources: 10
simulations: 0.0796501636505127
npred computation: 50.64386296272278
