n_iterations: 10
n_sources: 10
simulations: 0.05607199668884277
npred computation: 3.8231241703033447
