n_iterations: 10
n_sources: 10
simulations: 0.06567692756652832
npred computation: 43.00360155105591
