n_iterations: 10
n_sources: 10
simulations: 0.06125450134277344
npred computation: 40.073134422302246
