n_iterations: 10
n_sources: 10
simulations: 0.05596280097961426
npred computation: 19.137849807739258
