n_iterations: 10
n_sources: 10
simulations: 0.10526609420776367
npred computation: 60.80778670310974
