n_iterations: 10
n_sources: 10
simulations: 0.06566858291625977
npred computation: 44.76776146888733
