n_iterations: 10
n_sources: 10
simulations: 0.08035707473754883
npred computation: 52.029258012771606
