n_iterations: 10
n_sources: 10
simulations: 0.053110599517822266
npred computation: 4.585077524185181
