n_iterations: 10
n_sources: 10
simulations: 0.08356642723083496
npred computation: 50.83109259605408
