n_iterations: 10
n_sources: 10
simulations: 0.04255986213684082
npred computation: 50.4368736743927
