n_iterations: 10
n_sources: 10
simulations: 0.04667925834655762
npred computation: 13.026464700698853
