n_iterations: 10
n_sources: 10
simulations: 0.0534672737121582
npred computation: 13.299748420715332
