n_iterations: 10
n_sources: 10
simulations: 0.05330061912536621
npred computation: 14.160311222076416
