n_iterations: 10
n_sources: 10
simulations: 0.05361437797546387
npred computation: 12.9995756149292
