n_iterations: 10
n_sources: 10
simulations: 0.047332048416137695
npred computation: 12.826003313064575
