n_iterations: 10
n_sources: 10
simulations: 0.0523374080657959
npred computation: 12.903578042984009
