n_iterations: 10
n_sources: 10
simulations: 0.05085873603820801
npred computation: 12.86659550666809
