n_iterations: 10
n_sources: 10
simulations: 0.04747605323791504
npred computation: 13.19446611404419
