n_iterations: 10
n_sources: 10
simulations: 0.07048487663269043
npred computation: 44.31480932235718
