n_iterations: 10
n_sources: 10
simulations: 0.16031599044799805
npred computation: 37.107314348220825
