n_iterations: 10
n_sources: 10
simulations: 0.0597071647644043
npred computation: 32.86799335479736
