n_iterations: 10
n_sources: 10
simulations: 0.08353018760681152
npred computation: 52.419291734695435
