n_iterations: 10
n_sources: 10
simulations: 0.04575014114379883
npred computation: 12.78927731513977
