n_iterations: 10
n_sources: 10
simulations: 0.1067202091217041
npred computation: 55.216848611831665
