n_iterations: 10
n_sources: 10
simulations: 0.04498457908630371
npred computation: 12.024770259857178
