n_iterations: 10
n_sources: 10
simulations: 0.05614161491394043
npred computation: 13.570865869522095
