n_iterations: 10
n_sources: 10
simulations: 0.05301642417907715
npred computation: 12.91694688796997
