n_iterations: 10
n_sources: 10
simulations: 0.0720369815826416
npred computation: 55.81311392784119
