n_iterations: 10
n_sources: 10
simulations: 0.06758689880371094
npred computation: 49.307201623916626
