n_iterations: 10
n_sources: 10
simulations: 0.0548245906829834
npred computation: 13.431307315826416
