n_iterations: 10
n_sources: 10
simulations: 0.060021162033081055
npred computation: 4.0766987800598145
