n_iterations: 10
n_sources: 10
simulations: 0.04683065414428711
npred computation: 13.082307577133179
