n_iterations: 10
n_sources: 10
simulations: 0.05396389961242676
npred computation: 12.918620824813843
