n_iterations: 10
n_sources: 10
simulations: 0.04805707931518555
npred computation: 13.072691202163696
