n_iterations: 10
n_sources: 10
simulations: 0.04953742027282715
npred computation: 13.957988262176514
