n_iterations: 10
n_sources: 10
simulations: 0.11368989944458008
npred computation: 29.129517316818237
