n_iterations: 10
n_sources: 10
simulations: 0.16471195220947266
npred computation: 37.99344730377197
