n_iterations: 10
n_sources: 10
simulations: 0.07175612449645996
npred computation: 51.52416205406189
