n_iterations: 10
n_sources: 10
simulations: 0.056929588317871094
npred computation: 18.208028554916382
