n_iterations: 10
n_sources: 10
simulations: 0.0534212589263916
npred computation: 12.817059993743896
