n_iterations: 10
n_sources: 10
simulations: 0.04551434516906738
npred computation: 12.893113851547241
