n_iterations: 10
n_sources: 10
simulations: 0.05031633377075195
npred computation: 3.5302350521087646
