n_iterations: 10
n_sources: 10
simulations: 0.054351091384887695
npred computation: 13.413274765014648
