n_iterations: 10
n_sources: 10
simulations: 0.07391548156738281
npred computation: 53.760825395584106
