n_iterations: 10
n_sources: 10
simulations: 0.10658574104309082
npred computation: 48.72259879112244
