n_iterations: 10
n_sources: 10
simulations: 0.05173158645629883
npred computation: 13.409415245056152
