n_iterations: 10
n_sources: 10
simulations: 0.04598402976989746
npred computation: 12.422652006149292
