n_iterations: 10
n_sources: 10
simulations: 0.04550051689147949
npred computation: 12.120510816574097
