n_iterations: 10
n_sources: 10
simulations: 0.04738020896911621
npred computation: 13.097801446914673
