n_iterations: 10
n_sources: 10
simulations: 0.08622527122497559
npred computation: 50.5579400062561
