n_iterations: 10
n_sources: 10
simulations: 0.04514575004577637
npred computation: 12.737129926681519
