n_iterations: 10
n_sources: 10
simulations: 0.06835532188415527
npred computation: 38.42110991477966
