n_iterations: 10
n_sources: 10
simulations: 0.07215142250061035
npred computation: 45.03065586090088
