n_iterations: 10
n_sources: 10
simulations: 0.052869319915771484
npred computation: 13.377526044845581
