n_iterations: 10
n_sources: 10
simulations: 0.16097402572631836
npred computation: 36.76724076271057
