n_iterations: 10
n_sources: 10
simulations: 0.04763531684875488
npred computation: 12.500872373580933
