n_iterations: 10
n_sources: 10
simulations: 0.08299779891967773
npred computation: 35.15241837501526
