n_iterations: 10
n_sources: 10
simulations: 0.06528234481811523
npred computation: 48.818487882614136
