n_iterations: 10
n_sources: 10
simulations: 0.05811190605163574
npred computation: 3.830561637878418
