n_iterations: 10
n_sources: 10
simulations: 0.056693315505981445
npred computation: 17.834266901016235
