n_iterations: 10
n_sources: 10
simulations: 0.10573911666870117
npred computation: 59.43244910240173
