n_iterations: 10
n_sources: 10
simulations: 0.04605412483215332
npred computation: 12.639411926269531
