n_iterations: 10
n_sources: 10
simulations: 0.1622025966644287
npred computation: 37.15172219276428
