n_iterations: 10
n_sources: 10
simulations: 0.05388522148132324
npred computation: 13.329509258270264
