n_iterations: 10
n_sources: 10
simulations: 0.050781965255737305
npred computation: 3.5279347896575928
