n_iterations: 10
n_sources: 10
simulations: 0.05200076103210449
npred computation: 12.923269510269165
