n_iterations: 10
n_sources: 10
simulations: 0.05409502983093262
npred computation: 17.476788997650146
