n_iterations: 10
n_sources: 10
simulations: 0.15650296211242676
npred computation: 36.786456823349
