n_iterations: 10
n_sources: 10
simulations: 0.05222201347351074
npred computation: 13.379824876785278
