n_iterations: 10
n_sources: 10
simulations: 0.07276511192321777
npred computation: 52.10989427566528
