n_iterations: 10
n_sources: 10
simulations: 0.06747937202453613
npred computation: 33.84403848648071
