n_iterations: 10
n_sources: 10
simulations: 0.05296015739440918
npred computation: 13.098042011260986
