n_iterations: 10
n_sources: 10
simulations: 0.054856300354003906
npred computation: 13.189570426940918
