n_iterations: 10
n_sources: 10
simulations: 0.05138564109802246
npred computation: 3.5322985649108887
