n_iterations: 10
n_sources: 10
simulations: 0.09316802024841309
npred computation: 53.227611780166626
