n_iterations: 10
n_sources: 10
simulations: 0.05987358093261719
npred computation: 3.9736335277557373
