n_iterations: 10
n_sources: 10
simulations: 0.0785820484161377
npred computation: 48.390997886657715
