n_iterations: 10
n_sources: 10
simulations: 0.04811215400695801
npred computation: 12.982993602752686
