n_iterations: 10
n_sources: 10
simulations: 0.07320737838745117
npred computation: 50.99414038658142
