n_iterations: 10
n_sources: 10
simulations: 0.05215573310852051
npred computation: 13.442153453826904
