n_iterations: 10
n_sources: 10
simulations: 0.07001590728759766
npred computation: 46.04082274436951
