n_iterations: 10
n_sources: 10
simulations: 0.05303764343261719
npred computation: 13.326493501663208
