n_iterations: 10
n_sources: 10
simulations: 0.053665876388549805
npred computation: 13.570074796676636
