n_iterations: 10
n_sources: 10
simulations: 0.05480551719665527
npred computation: 13.401091814041138
