n_iterations: 10
n_sources: 10
simulations: 0.06609725952148438
npred computation: 37.742804288864136
