n_iterations: 10
n_sources: 10
simulations: 0.05335378646850586
npred computation: 12.938414335250854
