n_iterations: 10
n_sources: 10
simulations: 0.04527926445007324
npred computation: 12.143041372299194
