n_iterations: 10
n_sources: 10
simulations: 0.07058954238891602
npred computation: 49.36208438873291
