n_iterations: 10
n_sources: 10
simulations: 0.0697481632232666
npred computation: 47.376770973205566
