n_iterations: 10
n_sources: 10
simulations: 0.050391197204589844
npred computation: 12.9946608543396
