n_iterations: 10
n_sources: 10
simulations: 0.06441879272460938
npred computation: 39.30734872817993
