n_iterations: 10
n_sources: 10
simulations: 0.053137779235839844
npred computation: 13.197883605957031
