n_iterations: 10
n_sources: 10
simulations: 0.05553174018859863
npred computation: 13.325059652328491
