n_iterations: 10
n_sources: 10
simulations: 0.04785442352294922
npred computation: 12.633726119995117
