n_iterations: 10
n_sources: 10
simulations: 0.06345939636230469
npred computation: 33.39795160293579
