n_iterations: 10
n_sources: 10
simulations: 0.046729326248168945
npred computation: 13.065501689910889
