n_iterations: 10
n_sources: 10
simulations: 0.06324052810668945
npred computation: 4.1468589305877686
