n_iterations: 10
n_sources: 10
simulations: 0.0550990104675293
npred computation: 13.49640965461731
