n_iterations: 10
n_sources: 10
simulations: 0.09812736511230469
npred computation: 58.57421660423279
