n_iterations: 10
n_sources: 10
simulations: 0.09352421760559082
npred computation: 52.24914360046387
