n_iterations: 10
n_sources: 10
simulations: 0.061467885971069336
npred computation: 4.20590877532959
