n_iterations: 10
n_sources: 10
simulations: 0.09569025039672852
npred computation: 53.06787919998169
