n_iterations: 10
n_sources: 10
simulations: 0.055437564849853516
npred computation: 13.531116008758545
