n_iterations: 10
n_sources: 10
simulations: 0.046442270278930664
npred computation: 12.991856098175049
