n_iterations: 10
n_sources: 10
simulations: 0.0992438793182373
npred computation: 58.437121629714966
