n_iterations: 10
n_sources: 10
simulations: 0.050069332122802734
npred computation: 14.568184852600098
