n_iterations: 10
n_sources: 10
simulations: 0.11172986030578613
npred computation: 67.51361060142517
