# Elapsed time   CPU (%)     Real (MB)   Virtual (MB)
       0.000        0.000        8.496       39.184
       0.503      159.300       97.312      338.234
       1.005      161.200      165.039      642.105
       1.507      101.500      226.352      760.441
       2.010       99.500      228.266      762.191
       2.512       99.500      272.527      791.352
       3.014      101.500      272.566      791.352
       3.517       97.600      293.930      800.109
       4.019       99.500      293.961      800.109
       4.521      101.500      336.891      843.023
       5.024       99.500      336.902      843.023
       5.526       99.500      336.910      843.023
       6.028       99.500      336.926      843.023
       6.531      101.500      336.934      843.023
       7.033       99.500      336.938      843.023
       7.535      101.500      336.938      843.023
       8.038       99.500      336.938      843.023
       8.540       99.500      337.020      843.023
       9.043       99.500      337.020      843.023
       9.545      101.500      337.020      843.023
      10.047       99.500      337.020      843.023
      10.550       99.500      337.246      843.332
      11.052       99.500      337.246      843.332
