validation/lst1-dl3-crab/reference/flux_points_lst1.ecsv
# %ECSV 1.0
# ---
# datatype:
# - {name: e_ref, unit: TeV, datatype: float64}
# - {name: e_min, unit: TeV, datatype: float64}
# - {name: e_max, unit: TeV, datatype: float64}
# - {name: e2dnde, unit: TeV / (cm2 s), datatype: float64}
# - {name: e2dnde_err, unit: TeV / (cm2 s), datatype: float64}
# - {name: e2dnde_errp, unit: TeV / (cm2 s), datatype: float64}
# - {name: e2dnde_errn, unit: TeV / (cm2 s), datatype: float64}
# - {name: e2dnde_ul, unit: TeV / (cm2 s), datatype: float64}
# - {name: ts, unit: '', datatype: float64}
# - {name: sqrt_ts, unit: '', datatype: float64}
# - {name: npred, unit: '', datatype: string, subtype: 'float64[1]'}
# - {name: npred_excess, unit: '', datatype: string, subtype: 'float32[1]'}
# - {name: stat, datatype: float64}
# - {name: is_ul, datatype: bool}
# - {name: counts, unit: '', datatype: string, subtype: 'float64[1]'}
# - {name: success, unit: '', datatype: bool}
# - {name: norm_scan, unit: '', datatype: string, subtype: 'float64[11]'}
# - {name: stat_scan, datatype: string, subtype: 'float64[11]'}
# meta: !!omap
# - {SED_TYPE: e2dnde}
# - {UL_CONF: 0.9544997}
# schema: astropy-2.0
e_ref e_min e_max e2dnde e2dnde_err e2dnde_errp e2dnde_errn e2dnde_ul ts sqrt_ts npred npred_excess stat is_ul counts success norm_scan stat_scan
0.01154781984689459 0.010000000000000004 0.013335214321633242 nan nan nan nan nan nan nan [NaN] [0.0] 0.0 False [0.0] False [0.2,0.275945932292243,0.3807307877431757,0.5253055608807534,0.7247796636776955,0.9999999999999998,1.3797296614612147,1.9036539387158784,2.6265278044037665,3.623898318388476,4.999999999999999] [null,null,null,null,null,null,null,null,null,null,null]
0.015399265260594926 0.013335214321633242 0.01778279410038924 nan nan nan nan nan nan nan [NaN] [0.0] 0.0 False [0.0] False [0.2,0.275945932292243,0.3807307877431757,0.5253055608807534,0.7247796636776955,0.9999999999999998,1.3797296614612147,1.9036539387158784,2.6265278044037665,3.623898318388476,4.999999999999999] [null,null,null,null,null,null,null,null,null,null,null]
0.020535250264571474 0.01778279410038924 0.023713737056616564 nan nan nan nan nan nan nan [NaN] [0.0] 0.0 False [0.0] False [0.2,0.275945932292243,0.3807307877431757,0.5253055608807534,0.7247796636776955,0.9999999999999998,1.3797296614612147,1.9036539387158784,2.6265278044037665,3.623898318388476,4.999999999999999] [null,null,null,null,null,null,null,null,null,null,null]
0.027384196342643632 0.023713737056616564 0.03162277660168381 nan nan nan nan nan nan nan [NaN] [0.0] 0.0 False [0.0] False [0.2,0.275945932292243,0.3807307877431757,0.5253055608807534,0.7247796636776955,0.9999999999999998,1.3797296614612147,1.9036539387158784,2.6265278044037665,3.623898318388476,4.999999999999999] [null,null,null,null,null,null,null,null,null,null,null]
0.03651741272548378 0.03162277660168381 0.04216965034285825 7.87063323674135e-11 1.0214893630037402e-11 1.024150789143083e-11 1.0241439262717694e-11 9.91916933124049e-11 59.064207192510366 7.6853241436201225 [484659.889561199] [7536.78076171875] 4.842877388000488e-08 False [484660.0] True [0.2,0.275945932292243,0.3807307877431757,0.5253055608807534,0.7247796636776955,0.9999999999999998,1.3797296614612147,1.9036539387158784,2.6265278044037665,3.623898318388476,4.999999999999999] [42.64443403854966,37.10832974687219,30.10164123773575,21.636741627007723,12.246520515531301,3.6481596417725086,0.08010942861437798,10.94819464161992,56.00102126970887,175.368085924536,448.90735610201955]
0.04869675251658634 0.04216965034285825 0.05623413251903493 9.159703128865229e-11 7.319896134776235e-12 7.319352889350153e-12 7.319307566861256e-12 1.0623882093677884e-10 156.6235450580716 12.514932882683455 [715626.7506473464] [14893.5068359375] 1.7136335372924805e-07 False [715627.0] True [0.2,0.275945932292243,0.3807307877431757,0.5253055608807534,0.7247796636776955,0.9999999999999998,1.3797296614612147,1.9036539387158784,2.6265278044037665,3.623898318388476,4.999999999999999] [118.21177019923925,105.0388832166791,88.14094420522451,67.25753280520439,43.072295658290386,18.513931468129158,1.4027471840381622,9.722545474767685,81.97593893110752,297.3255760744214,814.4781987965107]
0.06493816315762117 0.05623413251903493 0.07498942093324562 5.5532164072061354e-11 5.647881172586061e-12 5.672555553067926e-12 5.672278758266402e-12 6.687718786632978e-11 95.84302562102675 9.789945128601424 [632145.9876940331] [10959.9755859375] 0.0 False [632146.0] True [0.2,0.275945932292243,0.3807307877431757,0.5253055608807534,0.7247796636776955,0.9999999999999998,1.3797296614612147,1.9036539387158784,2.6265278044037665,3.623898318388476,4.999999999999999] [58.68743326514959,46.95342580229044,32.909970711916685,17.619681775569916,4.301409192383289,0.7327064275741577,23.994817342609167,109.73924022167921,330.1390367522836,828.4465996995568,1885.1434770934284]
0.08659643233600657 0.07498942093324562 0.10000000000000006 6.303865228326577e-11 3.924605581600071e-12 3.922627749788624e-12 3.922521505148467e-12 7.088397248675436e-11 258.2842275686562 16.071223586543006 [373215.9946430465] [13755.9892578125] 0.0 False [373216.0] True [0.2,0.275945932292243,0.3807307877431757,0.5253055608807534,0.7247796636776955,0.9999999999999998,1.3797296614612147,1.9036539387158784,2.6265278044037665,3.623898318388476,4.999999999999999] [169.33862021937966,140.46262919902802,105.04935802146792,64.61821925640106,24.88225258141756,0.6078601442277431,25.266780976206064,169.94295278936625,579.9789729267359,1545.328621596098,3634.129772502929]
0.11547819846894593 0.10000000000000006 0.1333521432163325 6.229043287796259e-11 2.758880154232928e-12 2.753288930878973e-12 2.7531750135214087e-12 6.779735011054876e-11 511.9872139599174 22.62713446196662 [195374.97434287297] [13888.9501953125] 7.450580596923828e-09 False [195375.0] True [0.2,0.275945932292243,0.3807307877431757,0.5253055608807534,0.7247796636776955,0.9999999999999998,1.3797296614612147,1.9036539387158784,2.6265278044037665,3.623898318388476,4.999999999999999] [336.6744228936732,279.6875752992928,209.72624524496496,129.6985924579203,50.70031664520502,1.5177911762148142,47.47604342736304,327.21553642116487,1123.3485942408442,2995.626902161166,7024.679219862446]
0.15399265260594933 0.1333521432163325 0.17782794100389246 5.332571333624113e-11 1.2969529089803896e-12 1.2971692425035178e-12 1.2967189289301644e-12 5.5927252062116325e-11 1697.0451758462004 41.19520816607437 [45542.16154603157] [11592.5361328125] 2.6943394914269447e-05 False [45543.0] True [0.2,0.275945932292243,0.3807307877431757,0.5253055608807534,0.7247796636776955,0.9999999999999998,1.3797296614612147,1.9036539387158784,2.6265278044037665,3.623898318388476,4.999999999999999] [1048.3819171625655,842.433338829549,595.0398771974724,323.9951779753901,84.27075426536612,8.788239155197516,384.87445325171575,1787.009359908523,5279.635757121956,12670.560303115519,26754.935726636322]
0.20535250264571478 0.17782794100389246 0.23713737056616568 5.3043745586385223e-11 1.0076324681010225e-12 1.0082369060370353e-12 1.0072980017500967e-12 5.506612936023628e-11 2805.9664444482187 52.971373820661086 [23960.395649873266] [10220.048828125] 2.3984932340681553e-05 False [23961.0] True [0.2,0.275945932292243,0.3807307877431757,0.5253055608807534,0.7247796636776955,0.9999999999999998,1.3797296614612147,1.9036539387158784,2.6265278044037665,3.623898318388476,4.999999999999999] [1771.339095738018,1438.5364469857886,1035.1210801467532,586.4005871892441,175.24716243043076,3.293306298321113,492.8651623718906,2423.448281156132,7061.441559103085,16245.030222194968,32462.543089470593]
0.2738419634264363 0.23713737056616568 0.31622776601683816 5.166816880271612e-11 8.335615479624432e-13 8.343715152529868e-13 8.326685104717735e-13 5.333927024776387e-11 3974.662498388556 63.04492444589458 [14520.925957267322] [8815.896484375] 5.25906216353178e-07 False [14521.0] True [0.2,0.275945932292243,0.3807307877431757,0.5253055608807534,0.7247796636776955,0.9999999999999998,1.3797296614612147,1.9036539387158784,2.6265278044037665,3.623898318388476,4.999999999999999] [2558.412618546572,2094.667875836778,1526.8014256843016,886.7933920883806,287.2994592845789,0.23472999077057466,553.2095871258643,2792.6366611437406,7894.655163903895,17392.709066954674,33285.647076967]
0.365174127254838 0.31622776601683816 0.4216965034285826 4.871768333003e-11 7.655381539642492e-13 7.669573293425316e-13 7.641973290431465e-13 5.025454025727343e-11 4321.384127208148 65.73723546977122 [9334.987031934903] [6902.98388671875] 2.2730091586709023e-08 False [9335.0] True [0.2,0.275945932292243,0.3807307877431757,0.5253055608807534,0.7247796636776955,0.9999999999999998,1.3797296614612147,1.9036539387158784,2.6265278044037665,3.623898318388476,4.999999999999999] [2814.3082289683225,2311.143730217009,1689.131844744872,982.4029340275156,319.41728319521644,0.029106111149303615,541.1733850927267,2656.11733970177,7242.746282684529,15443.476338205452,28763.496586100286]
0.4869675251658635 0.4216965034285826 0.5623413251903494 4.655492676878135e-11 7.609070466111128e-13 7.628057530105184e-13 7.590773958059898e-13 4.808452248585448e-11 4091.37771192081 63.96387818074206 [6952.982487186011] [5581.97900390625] 5.2808900363743305e-08 False [6953.0] True [0.2,0.275945932292243,0.3807307877431757,0.5253055608807534,0.7247796636776955,0.9999999999999998,1.3797296614612147,1.9036539387158784,2.6265278044037665,3.623898318388476,4.999999999999999] [2722.3060291693982,2256.445386219799,1673.3210923884762,999.6390990331129,351.703655006655,2.729672588116955,394.9435142917937,2095.0371897386794,5793.891083159717,12371.402400043444,22995.798268976418]
0.6493816315762119 0.5623413251903494 0.7498942093324568 4.4523753501773964e-11 7.907125593969341e-13 7.933882100286899e-13 7.881820324511947e-13 4.6119604779308164e-11 3560.52815284823 59.670161327486205 [4976.6860590888145] [4251.64013671875] 2.2688982426188886e-05 False [4977.0] True [0.2,0.275945932292243,0.3807307877431757,0.5253055608807534,0.7247796636776955,0.9999999999999998,1.3797296614612147,1.9036539387158784,2.6265278044037665,3.623898318388476,4.999999999999999] [2434.087263277048,2042.5551774629275,1544.7923262206896,956.6351620911737,371.0321827074513,14.656713047792437,234.80337694297486,1447.4073932919127,4148.1649253448995,8970.820361893348,16762.10855469585]
0.8659643233600662 0.7498942093324568 1.0000000000000009 3.7762857974471975e-11 7.798809328772117e-13 7.833125295005904e-13 7.764887124685025e-13 3.9336641362995846e-11 2693.244052073569 51.89647437036132 [3314.985993847238] [2940.984375] 6.584741640836e-08 False [3315.0] True [0.2,0.275945932292243,0.3807307877431757,0.5253055608807534,0.7247796636776955,0.9999999999999998,1.3797296614612147,1.9036539387158784,2.6265278044037665,3.623898318388476,4.999999999999999] [1798.9247363363102,1486.8462587440663,1091.138422949196,631.4816153553111,201.89111895453243,0.020394893173943274,283.41765627667337,1341.4109359604481,3524.881126976936,7292.7644584666705,13265.392836799998]
1.1547819846894591 1.0000000000000009 1.3335214321633249 3.248466638117618e-11 8.090305796173035e-13 8.13697410553615e-13 8.045513602655043e-13 3.4125327819132837e-11 1878.439599745212 43.340969067906315 [2160.7845180253057] [1953.763916015625] 2.354685784666799e-05 False [2161.0] True [0.2,0.275945932292243,0.3807307877431757,0.5253055608807534,0.7247796636776955,0.9999999999999998,1.3797296614612147,1.9036539387158784,2.6265278044037665,3.623898318388476,4.999999999999999] [1250.7780570421164,1030.4187344371821,750.2662225548993,425.47983153098176,127.99343958405007,0.28264907598349964,214.98147354779576,962.2408983339956,2475.2355262241326,5061.658113744521,9139.086052016395]
1.5399265260594934 1.3335214321633249 1.778279410038925 2.799905897425765e-11 8.253922690493619e-13 8.316183560279376e-13 8.193466612803659e-13 2.96771627097122e-11 1376.2053623757456 37.09724197801968 [1421.8966529349705] [1322.889404296875] 8.034388883970678e-06 False [1422.0] True [0.2,0.275945932292243,0.3807307877431757,0.5253055608807534,0.7247796636776955,0.9999999999999998,1.3797296614612147,1.9036539387158784,2.6265278044037665,3.623898318388476,4.999999999999999] [925.4468653344557,764.7565760260077,558.1308707646822,315.8110198339564,94.432892995992,0.12617712398787262,148.58243026748823,663.9611422065791,1700.8216848701486,3465.261076096529,6238.258915568638]
2.053525026457148 1.778279410038925 2.3713737056616573 2.5616082068401094e-11 8.850351089622259e-13 8.934044707314387e-13 8.767950138751889e-13 2.741994653079381e-11 1025.2481813408194 32.01949689393666 [977.996354938488] [927.9961547851562] 1.4279066817834973e-08 False [978.0] True [0.2,0.275945932292243,0.3807307877431757,0.5253055608807534,0.7247796636776955,0.9999999999999998,1.3797296614612147,1.9036539387158784,2.6265278044037665,3.623898318388476,4.999999999999999] [719.8504235745222,608.8404256708382,463.0111690459853,284.1848854957425,105.99350887022956,4.071326324432448,58.97172624779341,352.0041217000726,983.0087770415394,2085.053862735196,3839.6754320342125]
2.7384196342643645 2.3713737056616573 3.162277660168384 1.870253737086517e-11 8.689355643824521e-13 8.797626410347892e-13 8.581628262328855e-13 2.0482087590374778e-11 564.080697251009 23.75038309693149 [547.0572238175471] [517.0603637695312] 6.3141978898784146e-06 False [547.0] True [0.2,0.275945932292243,0.3807307877431757,0.5253055608807534,0.7247796636776955,0.9999999999999998,1.3797296614612147,1.9036539387158784,2.6265278044037665,3.623898318388476,4.999999999999999] [373.6834389094065,305.43106602832086,217.61211713888497,116.06087098624721,29.013528907953514,1.4118792884009963,77.5356492537594,305.9177783498899,748.6154756430642,1489.2589588616192,2642.3010221817394]
3.6517412725483815 3.162277660168384 4.216965034285828 1.5021329469289503e-11 8.801556610733167e-13 8.948239646439273e-13 8.658097860743813e-13 1.6840938496761354e-11 361.12187655930757 19.003207007221373 [330.9988370882527] [316.998779296875] 4.259163688402623e-09 False [331.0] True [0.2,0.275945932292243,0.3807307877431757,0.5253055608807534,0.7247796636776955,0.9999999999999998,1.3797296614612147,1.9036539387158784,2.6265278044037665,3.623898318388476,4.999999999999999] [239.48415175112723,195.4747190076505,138.44407832568277,72.33085377244242,17.035796752995793,1.2789042076155965,51.40273742964109,196.7435592185825,475.40336291523226,939.0309451997459,1658.4612423764313]
4.869675251658636 4.216965034285828 5.623413251903496 1.0675665862792632e-11 8.730229304873835e-13 8.919889631295117e-13 8.547663766181296e-13 1.2498839350093059e-11 180.63193577213474 13.439938086618358 [179.99869811797396] [168.9986114501953] 9.99170879367739e-09 False [180.0] True [0.2,0.275945932292243,0.3807307877431757,0.5253055608807534,0.7247796636776955,0.9999999999999998,1.3797296614612147,1.9036539387158784,2.6265278044037665,3.623898318388476,4.999999999999999] [111.53500070151472,87.28549345562328,57.080731435584084,25.02677205774762,2.821528566433699,5.243815614592677,47.097293611072246,145.77070747265452,324.0376622369404,612.7872489388537,1054.3736564320782]
6.49381631576212 5.623413251903496 7.498942093324569 9.151431480493515e-12 8.882774007667567e-13 9.153577267878565e-13 8.618749863063381e-13 1.1037493898380523e-11 137.90064682592038 11.743110611159224 [111.99987446286819] [109.99987030029297] 1.4301804185379297e-10 False [112.0] True [0.2,0.275945932292243,0.3807307877431757,0.5253055608807534,0.7247796636776955,0.9999999999999998,1.3797296614612147,1.9036539387158784,2.6265278044037665,3.623898318388476,4.999999999999999] [92.04599572413792,75.05850337994877,52.52262921565966,25.99971297948889,5.324842720536253,0.8402556898794273,20.763357335746946,74.98627932071793,176.8006831363208,344.41736299575075,602.9042647772592]
8.659643233600665 7.498942093324569 10.00000000000001 8.215348485778137e-12 9.746166759816538e-13 1.0116234297232474e-12 9.386551423038298e-13 1.0314436783048263e-11 93.3504938447985 9.661805930818446 [73.99953480390053] [72.99952697753906] 2.9639295462402515e-09 False [74.0] True [0.2,0.275945932292243,0.3807307877431757,0.5253055608807534,0.7247796636776955,0.9999999999999998,1.3797296614612147,1.9036539387158784,2.6265278044037665,3.623898318388476,4.999999999999999] [67.01477127593654,57.15250111270393,43.79653840570529,26.55178085524949,9.384553511501622,0.33651246437500504,4.958319867352316,28.98674850999589,79.98777458385206,168.29748561086558,308.1350411665784]
11.547819846894592 10.00000000000001 13.33521432163325 5.493205629463552e-12 9.271541888102223e-13 9.751000552764827e-13 8.814581796205289e-13 7.542636131329461e-12 44.764219454283136 6.690606807628374 [38.003703842103306] [37.00379943847656] 3.7048550893814536e-07 False [38.0] True [0.2,0.275945932292243,0.3807307877431757,0.5253055608807534,0.7247796636776955,0.9999999999999998,1.3797296614612147,1.9036539387158784,2.6265278044037665,3.623898318388476,4.999999999999999] [30.22960748124595,24.883371879527488,17.830131216258394,9.43076135002886,2.3365563883373284,0.08526373593406333,5.579602425929352,22.10257486687189,53.98745447278921,107.14247346267408,189.68777738671696]
15.399265260594937 13.33521432163325 17.782794100389253 5.268149674592026e-12 1.0721705896666932e-12 1.1368768693745358e-12 1.012071857284713e-12 7.677862143558571e-12 30.18798030567079 5.494358953114621 [26.999946845755392] [25.99994468688965] 1.085140866052825e-10 False [27.0] True [0.2,0.275945932292243,0.3807307877431757,0.5253055608807534,0.7247796636776955,0.9999999999999998,1.3797296614612147,1.9036539387158784,2.6265278044037665,3.623898318388476,4.999999999999999] [22.486847724351406,19.638930748590553,15.819257244322714,10.887663713304875,5.308516089160946,0.9926468521138787,0.3024347016742155,5.361110738280672,18.629061828860415,43.350045613725825,83.94051415562038]
20.535250264571484 17.782794100389253 23.713737056616576 4.980941288999848e-12 1.1427062852038146e-12 1.2317453157131944e-12 1.0570729287902578e-12 7.628676437627703e-12 26.339592846910648 5.132211301857188 [18.999477531577217] [18.99947738647461] 1.4367259382197517e-08 False [19.0] True [0.2,0.275945932292243,0.3807307877431757,0.5253055608807534,0.7247796636776955,0.9999999999999998,1.3797296614612147,1.9036539387158784,2.6265278044037665,3.623898318388476,4.999999999999999] [21.629622926633395,19.841107637858343,17.373440043958524,13.968725870028315,9.271140735459383,3.7315851315279502,0.4424334409040682,0.5490432759040118,5.340886011055872,16.59708354940132,36.77234315192224]
27.384196342643637 23.713737056616576 31.622776601683817 nan nan nan nan nan nan nan [NaN] [0.0] 0.0 False [0.0] False [0.2,0.275945932292243,0.3807307877431757,0.5253055608807534,0.7247796636776955,0.9999999999999998,1.3797296614612147,1.9036539387158784,2.6265278044037665,3.623898318388476,4.999999999999999] [null,null,null,null,null,null,null,null,null,null,null]
36.51741272548381 31.622776601683817 42.16965034285828 nan nan nan nan nan nan nan [NaN] [0.0] 0.0 False [0.0] False [0.2,0.275945932292243,0.3807307877431757,0.5253055608807534,0.7247796636776955,0.9999999999999998,1.3797296614612147,1.9036539387158784,2.6265278044037665,3.623898318388476,4.999999999999999] [null,null,null,null,null,null,null,null,null,null,null]
48.69675251658639 42.16965034285828 56.234132519035015 nan nan nan nan nan nan nan [NaN] [0.0] 0.0 False [0.0] False [0.2,0.275945932292243,0.3807307877431757,0.5253055608807534,0.7247796636776955,0.9999999999999998,1.3797296614612147,1.9036539387158784,2.6265278044037665,3.623898318388476,4.999999999999999] [null,null,null,null,null,null,null,null,null,null,null]
64.93816315762122 56.234132519035015 74.98942093324564 nan nan nan nan nan nan nan [NaN] [0.0] 0.0 False [0.0] False [0.2,0.275945932292243,0.3807307877431757,0.5253055608807534,0.7247796636776955,0.9999999999999998,1.3797296614612147,1.9036539387158784,2.6265278044037665,3.623898318388476,4.999999999999999] [null,null,null,null,null,null,null,null,null,null,null]
86.59643233600663 74.98942093324564 100.00000000000004 nan nan nan nan nan nan nan [NaN] [0.0] 0.0 False [0.0] False [0.2,0.275945932292243,0.3807307877431757,0.5253055608807534,0.7247796636776955,0.9999999999999998,1.3797296614612147,1.9036539387158784,2.6265278044037665,3.623898318388476,4.999999999999999] [null,null,null,null,null,null,null,null,null,null,null]
