n_obs: 10
data_preparation: 7.957509994506836
data_fitting: 0.7677602767944336
