n_obs: 1
data_preparation: 0.8596982955932617
data_fitting: 0.07126331329345703
