# Elapsed time   CPU (%)     Real (MB)   Virtual (MB)
       0.000        0.000        8.410       39.188
       0.502      159.300      100.277      341.098
       1.004      163.200      170.352      646.488
       1.507       97.600      197.082      700.625
       2.009      101.600      197.508      700.625
       2.511       99.600      195.398      778.277
       3.013       99.600      195.805      779.277
       3.515       99.600      195.840      779.277
       4.017      101.600      195.844      779.277
       4.519       99.600      195.844      779.277
