data_fitting: 0.7218160629272461
data_preparation: 7.88458514213562
