data_fitting: 0.7831830978393555
data_preparation: 8.030025959014893
