data_fitting: 0.758479118347168
data_preparation: 8.25040602684021
