data_preparation: 255.40052795410156
data_fitting: 27.877408981323242
