n_obs: 10
data_preparation: 57.452377796173096
data_fitting: 54.17274498939514
