# Elapsed time   CPU (%)     Real (MB)   Virtual (MB)
       0.000        0.000        0.508        2.660
       0.504        0.000       87.676      358.141
       1.007      166.700      141.594      643.605
       1.511       99.200      174.000      680.441
       2.015       99.200      235.508      748.559
       2.519       99.300      325.188      838.230
       3.023      166.400      406.090      966.617
       3.527      101.200      820.531     1380.945
       4.031       99.200      311.227      871.574
       4.535      166.700      795.129     1355.398
       5.039       99.200      346.320      906.559
       5.543      164.800      418.551      978.715
       6.046      101.300      378.492      938.516
       6.550      166.800      430.195      991.109
       7.054       99.200      942.746     1503.742
       7.558      124.100      451.617     1012.559
       8.065      140.900      966.770     1527.594
       8.569       99.300      457.367     1018.223
       9.073      166.700      752.910     1318.086
       9.577       99.300      491.941     1052.578
      10.080      164.800      555.543     1116.227
      10.584      101.200      515.492     1195.594
      11.088      164.800      572.062     1132.508
      11.592       99.300     1074.816     1635.375
      12.096      128.000      583.723     1144.191
      12.603      136.900     1117.445     1677.863
      13.107      101.200      608.117     1168.492
      13.611      164.800      619.828     1179.918
      14.114      166.800      620.234     1179.988
      14.618      164.800      624.738     1184.414
      15.122      166.800      632.312     1192.891
      15.625      103.000      638.445     1198.996
      16.131      162.800      638.445     1198.996
      16.634      164.800      638.449     1198.996
      17.138      161.200      638.469     1198.996
      17.646      103.200      638.516     1198.996
      18.150      164.800      638.547     1198.996
      18.654      164.800      638.570     1198.996
      19.157      101.200      638.691     1198.996
      19.661      164.800      638.758     1198.996
      20.165      166.800      638.809     1198.996
      20.669       99.300      639.031     1198.996
      21.175      227.400      647.883     1207.844
      21.682      168.800      655.062     1215.016
      22.186      204.900      669.406     1229.359
      22.694      188.600      676.578     1236.531
      23.197      191.000      694.391     1254.246
      23.705      206.500      703.629     1263.566
      24.211      313.900      715.699     1275.633
      24.719      397.900      715.703     1275.633
      25.229      313.600      745.914     1305.844
      25.736      397.900      715.703     1275.633
      26.245      399.100      715.703     1275.633
      26.753      397.800      715.703     1275.633
      27.260      397.900      715.703     1275.633
      27.771      397.800      715.703     1275.633
      28.278      399.800      715.711     1275.633
      28.786      397.100      715.723     1275.633
      29.296      397.500      715.730     1275.633
      29.801      399.600      715.734     1275.633
      30.311      398.100      715.746     1275.633
      30.818      397.700      715.746     1275.633
      31.327      397.500      715.746     1275.633
      31.835      395.700      715.750     1275.633
      32.342      397.800      715.750     1275.633
      32.850      317.000      745.973     1305.844
      33.360      398.600      715.762     1275.633
      33.868      395.600      715.770     1275.633
      34.376      379.900      715.770     1275.633
      34.884      395.600      715.770     1275.633
      35.394      398.100      715.770     1275.633
      35.901      399.800      715.770     1275.633
      36.409      397.800      715.770     1275.633
      36.917      397.900      715.770     1275.633
      37.425      397.800      715.770     1275.633
      37.934      382.900      745.980     1305.844
      38.442      399.100      715.770     1275.633
      38.951      397.600      715.770     1275.633
      39.459      397.600      715.770     1275.633
      39.966      400.000      715.770     1275.633
      40.476      396.700      715.770     1275.633
      40.985      398.600      715.770     1275.633
      41.493      397.700      715.770     1275.633
      42.001      397.600      715.770     1275.633
      42.509      397.700      715.777     1275.633
      43.016      391.100      722.191     1282.039
      43.521      324.700      746.008     1305.844
      44.031      398.000      715.797     1275.633
      44.538      397.100      715.805     1275.633
      45.049      398.600      715.812     1275.633
      45.556      399.800      715.812     1275.633
      46.065      397.400      715.812     1275.633
      46.573      397.600      715.812     1275.633
      47.080      395.900      715.812     1275.633
      47.589      397.500      715.812     1275.633
      48.098      383.000      746.023     1305.844
      48.606      397.900      715.812     1275.633
      49.118      398.300      715.812     1275.633
      49.627      398.800      715.812     1275.633
      50.136      396.900      715.812     1275.633
      50.645      398.800      715.812     1275.633
      51.153      397.600      715.812     1275.633
      51.662      398.900      715.812     1275.633
      52.170      397.600      715.812     1275.633
      52.678      397.700      715.812     1275.633
      53.186      399.600      716.730     1276.547
      53.693      384.100      746.027     1305.844
      54.202      397.400      715.816     1275.633
      54.710      397.700      715.816     1275.633
      55.217      397.900      715.816     1275.633
      55.726      399.300      715.820     1275.633
      56.235      398.800      715.820     1275.633
      56.743      397.700      715.820     1275.633
      57.251      399.700      715.820     1275.633
      57.759      397.600      715.820     1275.633
      58.266      382.100      746.031     1305.844
      58.775      397.500      715.820     1275.633
      59.282      399.800      715.820     1275.633
      59.790      395.900      715.820     1275.633
      60.300      398.300      715.820     1275.633
      60.808      399.600      715.820     1275.633
      61.316      397.800      715.820     1275.633
      61.826      397.900      715.820     1275.633
      62.336      397.600      715.820     1275.633
      62.842      397.600      715.820     1275.633
      63.352      382.400      746.031     1305.844
      63.859      384.600      715.820     1275.633
      64.369      398.000      715.820     1275.633
      64.874      396.700      715.820     1275.633
      65.382      399.100      715.820     1275.633
      65.890      398.100      715.820     1275.633
      66.401      396.800      715.820     1275.633
      66.909      397.400      715.820     1275.633
      67.417      399.800      715.820     1275.633
      67.925      381.900      746.031     1305.844
      68.434      396.800      715.820     1275.633
      68.942      399.800      715.820     1275.633
      69.450      397.500      715.820     1275.633
      69.958      398.000      715.820     1275.633
      70.467      399.800      715.820     1275.633
      70.977      396.600      715.820     1275.633
      71.485      398.000      715.824     1275.633
      71.995      397.800      715.824     1275.633
      72.502      382.100      746.035     1305.844
      73.010      397.900      715.824     1275.633
      73.518      399.800      715.824     1275.633
      74.028      396.200      715.824     1275.633
      74.537      396.800      715.824     1275.633
      75.045      399.700      715.824     1275.633
      75.553      397.600      715.824     1275.633
      76.061      397.600      715.824     1275.633
      76.569      397.700      715.824     1275.633
      77.077      399.600      715.824     1275.633
      77.585      397.700      715.824     1275.633
      78.092      397.500      715.824     1275.633
      78.603      395.900      715.824     1275.633
      79.112      398.000      715.824     1275.633
      79.619      397.600      715.824     1275.633
      80.126      397.800      715.824     1275.633
      80.635      383.700      736.117     1295.926
      81.143      399.600      708.652     1268.461
      81.650      397.800      708.652     1268.461
      82.159      399.500      708.652     1268.461
      82.670      397.200      708.652     1268.461
      83.178      397.800      708.652     1268.461
      83.686      383.900      708.656     1268.461
