data_preparation: 5079.87867307663
data_fitting: 3689.7478120326996
