data_fitting: 57.23763704299927
data_preparation: 62.62428593635559
