data_fitting: 52.75498390197754
data_preparation: 52.800960063934326
