data_fitting: 55.99337983131409
data_preparation: 53.6896870136261
