n_obs: 10
data_preparation: 6.646519422531128
writing: 0.1368250846862793
reading: 0.1604771614074707
data_fitting: 0.17903923988342285
flux_point: 2.778995990753174
