n_obs: 10
data_preparation: 3.4680209159851074
writing: 0.10876226425170898
reading: 0.11906313896179199
data_fitting: 0.22700142860412598
flux_point: 1.2247393131256104
