n_obs: 10
data_preparation: 9.333349466323853
writing: 0.20107340812683105
reading: 0.2391643524169922
data_fitting: 0.27805185317993164
flux_point: 4.470733165740967
