n_obs: 10
data_preparation: 7.8289783000946045
writing: 0.15849685668945312
reading: 0.18494820594787598
data_fitting: 0.20835161209106445
flux_point: 3.2276506423950195
