n_obs: 10
data_preparation: 3.4026832580566406
writing: 0.10797977447509766
reading: 0.11913561820983887
data_fitting: 0.28406691551208496
flux_point: 1.2487993240356445
