n_obs: 10
data_preparation: 5.3087427616119385
writing: 0.13044452667236328
reading: 0.13237237930297852
data_fitting: 0.12354373931884766
flux_point: 1.5843217372894287
