n_obs: 10
data_preparation: 6.290083646774292
writing: 0.16060996055603027
reading: 0.1924915313720703
data_fitting: 0.4248781204223633
flux_point: 2.865105390548706
