n_obs: 10
data_preparation: 5.970213890075684
writing: 0.15149545669555664
reading: 0.18231868743896484
data_fitting: 0.36261844635009766
flux_point: 2.769993782043457
