n_obs: 10
data_preparation: 9.2915780544281
writing: 0.19382119178771973
reading: 0.22338461875915527
data_fitting: 0.18690156936645508
flux_point: 2.3632681369781494
