n_obs: 10
data_preparation: 3.339887857437134
writing: 0.1056056022644043
reading: 0.1196889877319336
data_fitting: 0.22291278839111328
flux_point: 1.2038955688476562
