n_obs: 10
data_preparation: 3.3500566482543945
writing: 0.1089482307434082
reading: 0.12002372741699219
data_fitting: 0.2215425968170166
flux_point: 1.201810359954834
