n_obs: 10
data_preparation: 8.358974933624268
writing: 0.19993901252746582
reading: 0.21836161613464355
data_fitting: 0.25299954414367676
flux_point: 3.1406023502349854
