n_obs: 10
data_preparation: 3.6900861263275146
writing: 0.3605685234069824
reading: 0.11618471145629883
data_fitting: 0.10052251815795898
flux_point: 1.3065218925476074
