n_obs: 10
data_preparation: 6.818001747131348
writing: 0.16885757446289062
reading: 0.18184709548950195
data_fitting: 0.18600177764892578
flux_point: 2.1881933212280273
