n_obs: 10
data_preparation: 11.602487564086914
writing: 0.19654369354248047
reading: 0.1942119598388672
data_fitting: 0.2599806785583496
flux_point: 4.409896373748779
