n_obs: 10
data_preparation: 7.434099912643433
writing: 0.19357848167419434
reading: 0.22112751007080078
data_fitting: 1.7746500968933105
flux_point: 19.028711795806885
