n_obs: 10
data_preparation: 5.91239333152771
writing: 0.1503748893737793
reading: 0.17043328285217285
data_fitting: 0.21458172798156738
flux_point: 2.0413386821746826
