n_obs: 10
data_preparation: 4.2339441776275635
writing: 0.24602508544921875
reading: 0.12980151176452637
data_fitting: 0.09856057167053223
flux_point: 1.1773667335510254
