n_obs: 10
data_preparation: 3.52524995803833
writing: 0.33212757110595703
reading: 0.10813283920288086
data_fitting: 0.08997941017150879
flux_point: 1.0736334323883057
