n_obs: 10
data_preparation: 3.5869510173797607
writing: 0.39906859397888184
reading: 0.11978769302368164
data_fitting: 0.23882317543029785
flux_point: 1.3045947551727295
