n_obs: 10
data_preparation: 6.497113943099976
writing: 0.14593148231506348
reading: 0.1660478115081787
data_fitting: 0.17962098121643066
flux_point: 2.5732979774475098
