n_obs: 10
data_preparation: 3.4023661613464355
writing: 0.10842418670654297
reading: 0.11818385124206543
data_fitting: 0.2279961109161377
flux_point: 1.224595069885254
