n_obs: 10
data_preparation: 4.506216526031494
writing: 0.3194437026977539
reading: 0.13144779205322266
data_fitting: 0.09166646003723145
flux_point: 1.1357777118682861
