n_obs: 10
data_preparation: 6.84037971496582
writing: 0.18790626525878906
reading: 0.17738056182861328
data_fitting: 0.16363954544067383
flux_point: 2.1998960971832275
