n_obs: 10
data_preparation: 6.999922275543213
writing: 0.17795920372009277
reading: 0.17827224731445312
data_fitting: 0.1654970645904541
flux_point: 2.1425604820251465
