n_obs: 10
data_preparation: 6.1699676513671875
writing: 0.2094099521636963
reading: 0.2384204864501953
data_fitting: 0.45137786865234375
flux_point: 4.659165382385254
