n_obs: 10
data_preparation: 3.3700244426727295
writing: 0.10817289352416992
reading: 0.12022829055786133
data_fitting: 0.29089951515197754
flux_point: 1.2649741172790527
