n_obs: 10
data_preparation: 3.308368682861328
writing: 0.10927009582519531
reading: 0.11919808387756348
data_fitting: 0.2247629165649414
flux_point: 1.2102560997009277
