n_obs: 10
data_preparation: 7.02506947517395
writing: 0.14629507064819336
reading: 0.16661572456359863
data_fitting: 0.1201789379119873
flux_point: 1.5039048194885254
