n_obs: 10
data_preparation: 3.607572078704834
writing: 0.33127713203430176
reading: 0.11080622673034668
data_fitting: 0.0927741527557373
flux_point: 1.090181589126587
