n_obs: 10
data_preparation: 3.622622489929199
writing: 0.3538997173309326
reading: 0.11457085609436035
data_fitting: 0.09249496459960938
flux_point: 1.13901948928833
