n_obs: 10
data_preparation: 6.57700777053833
writing: 0.13277339935302734
reading: 0.15573549270629883
data_fitting: 0.17800474166870117
flux_point: 2.5558366775512695
