n_obs: 10
data_preparation: 3.447542428970337
writing: 0.2553682327270508
reading: 0.20228838920593262
data_fitting: 1.3824970722198486
flux_point: 3.5179381370544434
