n_obs: 10
data_preparation: 3.559993267059326
writing: 0.32681822776794434
reading: 0.11100959777832031
data_fitting: 0.08608245849609375
flux_point: 0.9476759433746338
