n_obs: 10
data_preparation: 6.4756035804748535
writing: 0.1438131332397461
reading: 0.163543701171875
data_fitting: 0.18185114860534668
flux_point: 2.567258596420288
