n_obs: 10
data_preparation: 8.404730319976807
writing: 0.14362382888793945
reading: 0.16103482246398926
data_fitting: 0.11724281311035156
flux_point: 1.4757404327392578
