n_obs: 10
data_preparation: 5.9210100173950195
writing: 0.1571660041809082
reading: 0.1528182029724121
data_fitting: 0.12416839599609375
flux_point: 1.6546311378479004
