n_obs: 10
data_preparation: 5.628495454788208
writing: 0.14062047004699707
reading: 0.16234564781188965
data_fitting: 0.3359222412109375
flux_point: 2.490100622177124
