n_obs: 10
data_preparation: 3.5581724643707275
writing: 0.3719751834869385
reading: 0.11618804931640625
data_fitting: 0.2344682216644287
flux_point: 1.4057471752166748
