n_obs: 10
data_preparation: 3.5763301849365234
writing: 0.33496642112731934
reading: 0.10962438583374023
data_fitting: 0.09058213233947754
flux_point: 1.0958597660064697
