n_obs: 10
data_preparation: 3.4092869758605957
writing: 0.10927391052246094
reading: 0.12440299987792969
data_fitting: 0.2292194366455078
flux_point: 1.2475841045379639
