n_obs: 10
data_preparation: 3.8486013412475586
writing: 0.31454992294311523
reading: 0.11574554443359375
data_fitting: 0.09016966819763184
flux_point: 1.0910637378692627
