n_obs: 10
data_preparation: 3.4518954753875732
writing: 0.10714125633239746
reading: 0.11983013153076172
data_fitting: 0.22682547569274902
flux_point: 1.2278826236724854
