n_obs: 10
data_preparation: 6.898512363433838
writing: 0.1434650421142578
reading: 0.16019344329833984
data_fitting: 0.11060476303100586
flux_point: 1.384155511856079
