n_obs: 10
data_preparation: 7.0289037227630615
writing: 0.14685702323913574
reading: 0.16208791732788086
data_fitting: 0.11296319961547852
flux_point: 1.4231042861938477
