n_obs: 10
data_preparation: 3.283022403717041
writing: 0.23502445220947266
reading: 0.18808913230895996
data_fitting: 1.3359463214874268
flux_point: 3.4171650409698486
