n_obs: 10
data_preparation: 3.5404951572418213
writing: 0.32382774353027344
reading: 0.11142706871032715
data_fitting: 0.09194231033325195
flux_point: 1.11466383934021
