n_obs: 10
data_preparation: 3.548189163208008
writing: 0.34269237518310547
reading: 0.11039328575134277
data_fitting: 0.08681201934814453
flux_point: 0.9384417533874512
