n_obs: 10
data_preparation: 4.45616340637207
writing: 0.3102903366088867
reading: 0.1303856372833252
data_fitting: 0.09067058563232422
flux_point: 1.1401612758636475
