n_obs: 10
data_preparation: 8.57432246208191
writing: 0.195204496383667
reading: 0.22291803359985352
data_fitting: 0.28263282775878906
flux_point: 4.527295112609863
