n_obs: 10
data_preparation: 6.583850145339966
writing: 0.1470351219177246
reading: 0.15434026718139648
data_fitting: 0.18705463409423828
flux_point: 5.513217926025391
