n_obs: 10
data_preparation: 8.520093441009521
writing: 0.1993565559387207
reading: 0.23017072677612305
data_fitting: 0.25742602348327637
flux_point: 3.1978347301483154
