n_obs: 10
data_preparation: 6.622764587402344
writing: 0.13534760475158691
reading: 0.15695738792419434
data_fitting: 0.17287158966064453
flux_point: 2.4917867183685303
