n_obs: 10
data_preparation: 3.3029086589813232
writing: 0.10529232025146484
reading: 0.11720609664916992
data_fitting: 0.22466540336608887
flux_point: 1.186288833618164
