n_obs: 10
data_preparation: 3.608464479446411
writing: 0.3653433322906494
reading: 0.1124577522277832
data_fitting: 0.09752964973449707
flux_point: 1.270951271057129
