n_obs: 10
data_preparation: 3.5007593631744385
writing: 0.24918556213378906
reading: 0.20127654075622559
data_fitting: 1.3842318058013916
flux_point: 3.6153223514556885
