n_obs: 10
data_preparation: 6.5158867835998535
writing: 0.19657468795776367
reading: 0.18666362762451172
data_fitting: 0.14493155479431152
flux_point: 1.873152732849121
