n_obs: 10
data_preparation: 8.70156216621399
writing: 0.149794340133667
reading: 0.1684122085571289
data_fitting: 0.12083768844604492
flux_point: 1.4674181938171387
