n_obs: 10
data_preparation: 4.561610460281372
writing: 0.31583189964294434
reading: 0.13277268409729004
data_fitting: 0.09351348876953125
flux_point: 1.152827262878418
