n_obs: 10
data_preparation: 3.5879690647125244
writing: 0.3340284824371338
reading: 0.10997772216796875
data_fitting: 0.09143924713134766
flux_point: 1.1132478713989258
