n_obs: 10
data_preparation: 6.014657258987427
writing: 0.14095568656921387
reading: 0.14097881317138672
data_fitting: 0.16401457786560059
flux_point: 2.180708885192871
