n_obs: 10
data_preparation: 3.2970640659332275
writing: 0.2342832088470459
reading: 0.1863706111907959
data_fitting: 1.2631525993347168
flux_point: 3.3166816234588623
