n_obs: 10
data_preparation: 4.387666940689087
writing: 0.3090047836303711
reading: 0.12739968299865723
data_fitting: 0.09276962280273438
flux_point: 1.1081860065460205
