n_obs: 10
data_preparation: 3.7475316524505615
writing: 0.38880252838134766
reading: 0.11483240127563477
data_fitting: 0.10052847862243652
flux_point: 1.337599277496338
