n_obs: 10
data_preparation: 4.39494252204895
writing: 0.3023378849029541
reading: 0.12799572944641113
data_fitting: 0.09102034568786621
flux_point: 1.1113615036010742
