n_obs: 10
data_preparation: 3.5405361652374268
writing: 0.36420607566833496
reading: 0.11106348037719727
data_fitting: 0.09230208396911621
flux_point: 1.093313217163086
