n_obs: 10
data_preparation: 3.7331957817077637
writing: 0.38401150703430176
reading: 0.11716914176940918
data_fitting: 0.0988774299621582
flux_point: 1.312715768814087
