n_obs: 10
data_preparation: 3.093008041381836
writing: 0.08749985694885254
reading: 0.1072530746459961
data_fitting: 0.21817374229431152
flux_point: 0.9891810417175293
