n_obs: 10
data_preparation: 6.622334003448486
writing: 0.1368257999420166
reading: 0.15928387641906738
data_fitting: 0.1761167049407959
flux_point: 2.571012020111084
