n_obs: 10
data_preparation: 3.3663082122802734
writing: 0.24357342720031738
reading: 0.19735336303710938
data_fitting: 1.3669676780700684
flux_point: 3.5049281120300293
