n_obs: 10
data_preparation: 4.7533769607543945
writing: 0.2594008445739746
reading: 0.1336209774017334
data_fitting: 0.09257173538208008
flux_point: 1.1517415046691895
