n_obs: 10
data_preparation: 6.923033952713013
writing: 0.17061352729797363
reading: 0.20329737663269043
data_fitting: 0.44749879837036133
flux_point: 3.2943942546844482
