n_obs: 10
data_preparation: 3.51139235496521
writing: 0.3148837089538574
reading: 0.11080479621887207
data_fitting: 0.09083032608032227
flux_point: 1.111670970916748
