n_obs: 10
data_preparation: 6.865154027938843
writing: 0.14981675148010254
reading: 0.1685466766357422
data_fitting: 0.1657099723815918
flux_point: 2.2106006145477295
