n_obs: 10
data_preparation: 4.496723175048828
writing: 0.24561119079589844
reading: 0.12753963470458984
data_fitting: 0.09089112281799316
flux_point: 1.1218390464782715
