n_obs: 10
data_preparation: 3.4865756034851074
writing: 0.25415873527526855
reading: 0.20168638229370117
data_fitting: 1.3842408657073975
flux_point: 3.5673439502716064
