n_obs: 10
data_preparation: 11.434448719024658
writing: 0.20354986190795898
reading: 0.22744345664978027
data_fitting: 0.16469287872314453
flux_point: 2.1734023094177246
