n_obs: 10
data_preparation: 3.858995199203491
writing: 0.3190150260925293
reading: 0.1159212589263916
data_fitting: 0.09203386306762695
flux_point: 1.0886452198028564
