n_obs: 10
data_preparation: 7.4434754848480225
writing: 0.19055986404418945
reading: 0.2248551845550537
data_fitting: 0.31471920013427734
flux_point: 2.8871371746063232
