n_obs: 10
data_preparation: 8.24192762374878
writing: 0.14090180397033691
reading: 0.154158353805542
data_fitting: 0.1144096851348877
flux_point: 1.4253242015838623
