n_obs: 10
data_preparation: 6.014595031738281
writing: 0.15556955337524414
reading: 0.16312384605407715
data_fitting: 0.12831997871398926
flux_point: 1.706514596939087
