n_obs: 10
data_preparation: 8.283303022384644
writing: 0.14200139045715332
reading: 0.15384984016418457
data_fitting: 0.10909461975097656
flux_point: 1.3602962493896484
