n_obs: 10
data_preparation: 6.009064435958862
writing: 0.15563321113586426
reading: 0.1744828224182129
data_fitting: 0.21442246437072754
flux_point: 2.0380923748016357
