n_obs: 10
data_preparation: 7.057552099227905
writing: 0.17708468437194824
reading: 0.20698857307434082
data_fitting: 0.18999457359313965
flux_point: 2.3177435398101807
