n_obs: 10
data_preparation: 3.542536497116089
writing: 0.32665133476257324
reading: 0.11299705505371094
data_fitting: 0.09302830696105957
flux_point: 1.1321649551391602
