n_obs: 10
data_preparation: 3.3660528659820557
writing: 0.10511565208435059
reading: 0.12009596824645996
data_fitting: 0.22510266304016113
flux_point: 1.2157986164093018
