n_obs: 10
data_preparation: 8.106075763702393
writing: 0.17859101295471191
reading: 0.1883535385131836
data_fitting: 0.09775948524475098
flux_point: 3.5619773864746094
