n_obs: 10
data_preparation: 5.992663383483887
writing: 0.1500098705291748
reading: 0.17033815383911133
data_fitting: 0.21687602996826172
flux_point: 2.034414529800415
