n_obs: 10
data_preparation: 7.855919599533081
writing: 0.20875811576843262
reading: 0.2312321662902832
data_fitting: 0.32805681228637695
flux_point: 3.018289089202881
