n_obs: 10
data_preparation: 6.506174564361572
writing: 0.14450883865356445
reading: 0.16190290451049805
data_fitting: 0.1793527603149414
flux_point: 2.5597803592681885
