n_obs: 10
data_preparation: 3.4265942573547363
writing: 0.35366106033325195
reading: 0.11296963691711426
data_fitting: 0.2269275188446045
flux_point: 1.2356090545654297
