n_obs: 10
data_preparation: 6.429525852203369
writing: 0.16787409782409668
reading: 0.18688082695007324
data_fitting: 0.18436670303344727
flux_point: 3.5294101238250732
