n_obs: 10
data_preparation: 3.5289876461029053
writing: 0.3170325756072998
reading: 0.11188292503356934
data_fitting: 0.09257173538208008
flux_point: 1.125624418258667
