n_obs: 10
data_preparation: 6.018507242202759
writing: 0.21629738807678223
reading: 0.2353217601776123
data_fitting: 0.4689054489135742
flux_point: 4.767406702041626
