n_obs: 10
data_preparation: 7.010766983032227
writing: 0.14497900009155273
reading: 0.16273260116577148
data_fitting: 0.11114025115966797
flux_point: 1.4124510288238525
