n_obs: 10
data_preparation: 3.6673085689544678
writing: 0.38585638999938965
reading: 0.11722445487976074
data_fitting: 0.09878373146057129
flux_point: 1.2950379848480225
