n_obs: 10
data_preparation: 4.937898397445679
writing: 0.12021231651306152
reading: 0.11362886428833008
data_fitting: 0.11507678031921387
flux_point: 1.435441255569458
