n_obs: 10
data_preparation: 3.5740816593170166
writing: 0.3555607795715332
reading: 0.11333227157592773
data_fitting: 0.0914466381072998
flux_point: 1.1292204856872559
