n_obs: 10
data_preparation: 3.4790029525756836
writing: 0.10947847366333008
reading: 0.1272592544555664
data_fitting: 0.29052042961120605
flux_point: 1.300800085067749
