n_obs: 10
data_preparation: 6.891397714614868
writing: 0.14493012428283691
reading: 0.1591510772705078
data_fitting: 0.1103208065032959
flux_point: 1.3759093284606934
