n_obs: 10
data_preparation: 9.038065910339355
writing: 0.14693903923034668
reading: 0.16446852684020996
data_fitting: 0.18086600303649902
flux_point: 2.5767946243286133
