n_obs: 10
data_preparation: 3.399738311767578
writing: 0.24475574493408203
reading: 0.19475030899047852
data_fitting: 1.3577678203582764
flux_point: 3.4726791381835938
