n_obs: 10
data_preparation: 7.230046272277832
writing: 0.15009284019470215
reading: 0.1683192253112793
data_fitting: 0.12173175811767578
flux_point: 1.5321099758148193
