n_obs: 10
data_preparation: 4.496783018112183
writing: 0.2450423240661621
reading: 0.13127756118774414
data_fitting: 0.0905463695526123
flux_point: 1.1159894466400146
