n_obs: 10
data_preparation: 6.875685453414917
writing: 0.1508011817932129
reading: 0.1697382926940918
data_fitting: 0.17206048965454102
flux_point: 2.183729410171509
