n_obs: 10
data_preparation: 5.424880266189575
writing: 0.14223122596740723
reading: 0.1530616283416748
data_fitting: 0.3467710018157959
flux_point: 2.439302682876587
