n_obs: 10
data_preparation: 6.484847545623779
writing: 0.17351269721984863
reading: 0.2023770809173584
data_fitting: 1.5031285285949707
flux_point: 15.978293657302856
