n_obs: 10
data_preparation: 5.907108306884766
writing: 0.1524651050567627
reading: 0.17212510108947754
data_fitting: 0.2148892879486084
flux_point: 2.056013822555542
