n_obs: 10
data_preparation: 7.839132070541382
writing: 0.16239500045776367
reading: 0.23813700675964355
data_fitting: 0.24027252197265625
flux_point: 7.3203465938568115
