n_obs: 10
data_preparation: 3.5865707397460938
writing: 0.32845258712768555
reading: 0.11129140853881836
data_fitting: 0.09343743324279785
flux_point: 1.1308786869049072
