n_obs: 10
data_preparation: 5.680737257003784
writing: 0.2133162021636963
reading: 0.24410390853881836
data_fitting: 0.4658024311065674
flux_point: 4.536804676055908
