n_obs: 10
data_preparation: 3.5262820720672607
writing: 0.2636425495147705
reading: 0.21006393432617188
data_fitting: 1.3772203922271729
flux_point: 3.53348708152771
