n_obs: 10
data_preparation: 6.553858280181885
writing: 0.13208436965942383
reading: 0.15751886367797852
data_fitting: 0.18201708793640137
flux_point: 2.5969812870025635
