n_obs: 10
data_preparation: 8.6882004737854
writing: 0.1779942512512207
reading: 0.20125198364257812
data_fitting: 0.14945125579833984
flux_point: 1.8254573345184326
