n_obs: 10
data_preparation: 3.305513381958008
writing: 0.22707128524780273
reading: 0.18036293983459473
data_fitting: 1.2009289264678955
flux_point: 3.2719600200653076
