n_obs: 10
data_preparation: 3.7044003009796143
writing: 0.36388421058654785
reading: 0.11443877220153809
data_fitting: 0.0894770622253418
flux_point: 1.001997947692871
