n_obs: 10
data_preparation: 5.9181835651397705
writing: 0.1547834873199463
reading: 0.17162632942199707
data_fitting: 0.21799111366271973
flux_point: 2.134699583053589
