n_obs: 10
data_preparation: 4.60161280632019
writing: 0.15424132347106934
reading: 0.16599392890930176
data_fitting: 0.3918294906616211
flux_point: 16.613609552383423
