n_obs: 10
data_preparation: 4.963515043258667
writing: 0.0978851318359375
reading: 0.11866259574890137
data_fitting: 0.1330852508544922
flux_point: 1.921865463256836
