n_obs: 10
data_preparation: 3.449648857116699
writing: 0.1097567081451416
reading: 0.11887216567993164
data_fitting: 0.23232746124267578
flux_point: 1.249072551727295
