n_obs: 10
data_preparation: 6.734090566635132
writing: 0.14058327674865723
reading: 0.1622922420501709
data_fitting: 0.17636990547180176
flux_point: 2.5408692359924316
