n_obs: 10
data_preparation: 3.3576819896698
writing: 0.10662603378295898
reading: 0.12201189994812012
data_fitting: 0.22842097282409668
flux_point: 1.2168197631835938
