n_obs: 10
data_preparation: 4.547487258911133
writing: 0.3239133358001709
reading: 0.13201045989990234
data_fitting: 0.09366440773010254
flux_point: 1.1550962924957275
