n_obs: 10
data_preparation: 4.481796026229858
writing: 0.307645320892334
reading: 0.13238191604614258
data_fitting: 0.09351801872253418
flux_point: 1.1296350955963135
