n_obs: 10
data_preparation: 6.068410634994507
writing: 0.15462207794189453
reading: 0.17612886428833008
data_fitting: 0.16537976264953613
flux_point: 2.0113234519958496
