n_obs: 10
data_preparation: 3.48937726020813
writing: 0.10805892944335938
reading: 0.11950302124023438
data_fitting: 0.23018240928649902
flux_point: 1.2500245571136475
