n_obs: 10
data_preparation: 8.07643437385559
writing: 0.21002793312072754
reading: 0.2558872699737549
data_fitting: 0.32183337211608887
flux_point: 3.0785794258117676
