n_obs: 10
data_preparation: 3.522792339324951
writing: 0.10996508598327637
reading: 0.12423491477966309
data_fitting: 0.2336130142211914
flux_point: 1.2636592388153076
