n_obs: 10
data_preparation: 6.772469520568848
writing: 0.14352965354919434
reading: 0.15933895111083984
data_fitting: 0.10996556282043457
flux_point: 1.3736989498138428
