n_obs: 10
data_preparation: 6.844677448272705
writing: 0.1364290714263916
reading: 0.16261053085327148
data_fitting: 0.18468523025512695
flux_point: 2.6568291187286377
