n_obs: 10
data_preparation: 3.676433801651001
writing: 0.3698465824127197
reading: 0.11428689956665039
data_fitting: 0.09858059883117676
flux_point: 1.2715232372283936
