n_obs: 10
data_preparation: 3.541602611541748
writing: 0.3623971939086914
reading: 0.11823248863220215
data_fitting: 0.22906041145324707
flux_point: 1.2384140491485596
