n_obs: 10
data_preparation: 5.419863224029541
writing: 0.17354297637939453
reading: 0.1751415729522705
data_fitting: 0.7081232070922852
flux_point: 6.8401429653167725
