n_obs: 10
data_preparation: 3.360421657562256
writing: 0.24393606185913086
reading: 0.1944267749786377
data_fitting: 1.3672070503234863
flux_point: 3.4688010215759277
