n_obs: 10
data_preparation: 3.6860039234161377
writing: 0.11966300010681152
reading: 0.1299734115600586
data_fitting: 0.2382822036743164
flux_point: 1.300234317779541
