n_obs: 10
data_preparation: 5.897698640823364
writing: 0.1500413417816162
reading: 0.1690070629119873
data_fitting: 0.16237425804138184
flux_point: 1.9745161533355713
