n_obs: 10
data_preparation: 10.577492475509644
writing: 0.2163069248199463
reading: 0.29350996017456055
data_fitting: 0.32314562797546387
flux_point: 5.257749557495117
