n_obs: 10
data_preparation: 4.2686378955841064
writing: 0.2482588291168213
reading: 0.1324303150177002
data_fitting: 0.10045361518859863
flux_point: 1.1939105987548828
