n_obs: 10
data_preparation: 3.8974037170410156
writing: 0.3250856399536133
reading: 0.11496973037719727
data_fitting: 0.0917196273803711
flux_point: 1.0802206993103027
