n_obs: 10
data_preparation: 9.112895250320435
writing: 0.1887366771697998
reading: 0.22211456298828125
data_fitting: 0.2729048728942871
flux_point: 4.641113758087158
