n_obs: 10
data_preparation: 5.41211199760437
writing: 0.13203716278076172
reading: 0.15780997276306152
data_fitting: 0.3454914093017578
flux_point: 2.4536800384521484
