n_obs: 10
data_preparation: 6.989243030548096
writing: 0.17386698722839355
reading: 0.16725754737854004
data_fitting: 0.16239261627197266
flux_point: 2.1391589641571045
