n_obs: 10
data_preparation: 6.414339303970337
writing: 0.12094449996948242
reading: 0.15159058570861816
data_fitting: 0.169600248336792
flux_point: 2.4713940620422363
