n_obs: 10
data_preparation: 3.2222375869750977
writing: 0.21950387954711914
reading: 0.17642474174499512
data_fitting: 1.078275442123413
flux_point: 3.152009963989258
