n_obs: 10
data_preparation: 3.3149592876434326
writing: 0.2391200065612793
reading: 0.19344592094421387
data_fitting: 1.3628027439117432
flux_point: 3.4568731784820557
