n_obs: 10
data_preparation: 3.596370220184326
writing: 0.3424234390258789
reading: 0.1119070053100586
data_fitting: 0.09373950958251953
flux_point: 1.1170167922973633
