n_obs: 10
data_preparation: 3.5121171474456787
writing: 0.3154599666595459
reading: 0.1073460578918457
data_fitting: 0.09018468856811523
flux_point: 1.088196039199829
