n_obs: 10
data_preparation: 5.272720575332642
writing: 0.16617321968078613
reading: 0.177229642868042
data_fitting: 0.36443448066711426
flux_point: 3.772167682647705
