n_obs: 10
data_preparation: 3.545973062515259
writing: 0.11104512214660645
reading: 0.12196063995361328
data_fitting: 0.23302721977233887
flux_point: 1.2593417167663574
