n_obs: 10
data_preparation: 5.934233903884888
writing: 0.11940193176269531
reading: 0.13960838317871094
data_fitting: 0.1620311737060547
flux_point: 2.3193788528442383
