n_obs: 10
data_preparation: 6.7021825313568115
writing: 0.13466382026672363
reading: 0.16163349151611328
data_fitting: 0.17942166328430176
flux_point: 2.570016860961914
