n_obs: 10
data_preparation: 3.343130350112915
writing: 0.23877358436584473
reading: 0.19144725799560547
data_fitting: 1.3637974262237549
flux_point: 3.4769041538238525
