n_obs: 10
data_preparation: 9.799042463302612
writing: 0.16085076332092285
reading: 0.17933988571166992
data_fitting: 0.12840890884399414
flux_point: 1.6018385887145996
