n_obs: 10
data_preparation: 6.968216896057129
writing: 0.14328622817993164
reading: 0.15948486328125
data_fitting: 0.11701607704162598
flux_point: 1.4576425552368164
