n_obs: 10
data_preparation: 7.304147720336914
writing: 0.20309972763061523
reading: 0.17868781089782715
data_fitting: 0.3082597255706787
flux_point: 4.172716379165649
