n_obs: 10
data_preparation: 7.164563179016113
writing: 0.14748454093933105
reading: 0.164597749710083
data_fitting: 0.11974930763244629
flux_point: 1.4916601181030273
