n_obs: 10
data_preparation: 6.275594472885132
writing: 0.15501117706298828
reading: 0.18175673484802246
data_fitting: 1.4149963855743408
flux_point: 15.645138263702393
