n_obs: 10
data_preparation: 5.696112394332886
writing: 0.12865352630615234
reading: 0.13717293739318848
data_fitting: 0.16604924201965332
flux_point: 2.110586166381836
