n_obs: 10
data_preparation: 3.5675370693206787
writing: 0.33678102493286133
reading: 0.11313390731811523
data_fitting: 0.09323310852050781
flux_point: 1.111821174621582
