n_obs: 10
data_preparation: 7.171384334564209
writing: 0.18354272842407227
reading: 0.20522475242614746
data_fitting: 0.2599155902862549
flux_point: 2.4798576831817627
