n_obs: 10
data_preparation: 4.241764783859253
writing: 0.24867510795593262
reading: 0.13259077072143555
data_fitting: 0.10024189949035645
flux_point: 1.1993348598480225
