n_obs: 10
data_preparation: 3.5069217681884766
writing: 0.30876708030700684
reading: 0.10861968994140625
data_fitting: 0.0904839038848877
flux_point: 1.0978875160217285
