n_obs: 10
data_preparation: 3.4820570945739746
writing: 0.10964679718017578
reading: 0.12168192863464355
data_fitting: 0.22909140586853027
flux_point: 1.2548508644104004
