n_obs: 10
data_preparation: 3.494471788406372
writing: 0.3587806224822998
reading: 0.1148529052734375
data_fitting: 0.0965569019317627
flux_point: 1.2754848003387451
