n_obs: 10
data_preparation: 9.510977983474731
writing: 0.20688247680664062
reading: 0.2435309886932373
data_fitting: 0.28345322608947754
flux_point: 4.721310615539551
