n_obs: 10
data_preparation: 3.552344560623169
writing: 0.11088728904724121
reading: 0.12381386756896973
data_fitting: 0.23440003395080566
flux_point: 1.272252082824707
