n_obs: 10
data_preparation: 4.724631071090698
writing: 0.26297664642333984
reading: 0.1368095874786377
data_fitting: 0.09438395500183105
flux_point: 1.1617100238800049
