n_obs: 10
data_preparation: 8.46324872970581
writing: 0.14522194862365723
reading: 0.15854501724243164
data_fitting: 0.10953211784362793
flux_point: 1.347306489944458
