n_obs: 10
data_preparation: 6.055891275405884
writing: 0.14712738990783691
reading: 0.16180849075317383
data_fitting: 0.18819022178649902
flux_point: 5.805917978286743
