n_obs: 10
data_preparation: 6.310354709625244
writing: 0.17483806610107422
reading: 0.16301870346069336
data_fitting: 0.16008281707763672
flux_point: 2.108530044555664
