n_obs: 10
data_preparation: 3.3003945350646973
writing: 0.23828768730163574
reading: 0.1901226043701172
data_fitting: 1.3432807922363281
flux_point: 3.4212024211883545
