n_obs: 10
data_preparation: 4.760330677032471
writing: 0.14697718620300293
reading: 0.15576624870300293
data_fitting: 0.6191158294677734
flux_point: 6.002741575241089
