n_obs: 10
data_preparation: 3.3497588634490967
writing: 0.10460138320922852
reading: 0.11969804763793945
data_fitting: 0.2221529483795166
flux_point: 1.2096607685089111
