n_obs: 10
data_preparation: 7.664126396179199
writing: 0.19527554512023926
reading: 0.22593951225280762
data_fitting: 0.24577665328979492
flux_point: 3.042422294616699
