n_obs: 10
data_preparation: 4.804102897644043
writing: 0.13027405738830566
reading: 0.11733317375183105
data_fitting: 0.12163639068603516
flux_point: 1.488635778427124
