n_obs: 10
data_preparation: 3.628002643585205
writing: 0.34168291091918945
reading: 0.11405611038208008
data_fitting: 0.09200787544250488
flux_point: 1.1328775882720947
