n_obs: 10
data_preparation: 6.378569841384888
writing: 0.1631169319152832
reading: 0.15899133682250977
data_fitting: 0.14807558059692383
flux_point: 1.8616957664489746
