n_obs: 10
data_preparation: 8.850810289382935
writing: 0.18576478958129883
reading: 0.21359872817993164
data_fitting: 0.25321507453918457
flux_point: 4.120959043502808
