n_obs: 10
data_preparation: 6.070250988006592
writing: 0.19482016563415527
reading: 0.19806718826293945
data_fitting: 0.5278427600860596
flux_point: 4.956259489059448
