n_obs: 10
data_preparation: 8.717338800430298
writing: 0.1418602466583252
reading: 0.15859317779541016
data_fitting: 0.17543697357177734
flux_point: 2.5147697925567627
