n_obs: 10
data_preparation: 5.47015380859375
writing: 0.16438031196594238
reading: 0.17167210578918457
data_fitting: 0.6885330677032471
flux_point: 6.83830451965332
