n_obs: 10
data_preparation: 8.595348596572876
writing: 0.2000584602355957
reading: 0.22045040130615234
data_fitting: 0.28729987144470215
flux_point: 8.248992681503296
