n_obs: 10
data_preparation: 3.562775135040283
writing: 0.33916354179382324
reading: 0.11030721664428711
data_fitting: 0.09053778648376465
flux_point: 1.092376470565796
