n_obs: 10
data_preparation: 3.4908485412597656
writing: 0.3199119567871094
reading: 0.10923004150390625
data_fitting: 0.08934569358825684
flux_point: 1.0892596244812012
