n_obs: 10
data_preparation: 9.713695049285889
writing: 0.20839667320251465
reading: 0.23321795463562012
data_fitting: 0.2570774555206299
flux_point: 3.7380740642547607
