n_obs: 10
data_preparation: 8.869575500488281
writing: 0.17327332496643066
reading: 0.2183990478515625
data_fitting: 0.2782118320465088
flux_point: 4.565650939941406
