n_obs: 10
data_preparation: 6.029760122299194
writing: 0.15160536766052246
reading: 0.17327165603637695
data_fitting: 0.16424894332885742
flux_point: 1.9396495819091797
