n_obs: 10
data_preparation: 3.6355621814727783
writing: 0.38199567794799805
reading: 0.1167287826538086
data_fitting: 0.0997779369354248
flux_point: 1.3132257461547852
