n_obs: 10
data_preparation: 7.023847341537476
writing: 0.14766907691955566
reading: 0.16803216934204102
data_fitting: 0.12069034576416016
flux_point: 1.4970552921295166
