n_obs: 10
data_preparation: 8.466810941696167
writing: 0.14548873901367188
reading: 0.16009831428527832
data_fitting: 0.10923886299133301
flux_point: 1.3533766269683838
