n_obs: 10
data_preparation: 6.595643758773804
writing: 0.13271164894104004
reading: 0.15619492530822754
data_fitting: 0.1751716136932373
flux_point: 2.5521867275238037
