n_obs: 10
data_preparation: 3.337270498275757
writing: 0.24128198623657227
reading: 0.1900174617767334
data_fitting: 1.333996295928955
flux_point: 3.417344093322754
