n_obs: 10
data_preparation: 3.5476999282836914
writing: 0.3323080539703369
reading: 0.11018252372741699
data_fitting: 0.09075450897216797
flux_point: 1.1110789775848389
