n_obs: 10
data_preparation: 4.228498935699463
writing: 0.25885748863220215
reading: 0.13495349884033203
data_fitting: 0.10077810287475586
flux_point: 1.1708989143371582
