n_obs: 10
data_preparation: 6.943115949630737
writing: 0.1375260353088379
reading: 0.16515898704528809
data_fitting: 0.18817782402038574
flux_point: 2.6761131286621094
