n_obs: 10
data_preparation: 3.520634412765503
writing: 0.11021733283996582
reading: 0.12425112724304199
data_fitting: 0.23234939575195312
flux_point: 1.2502257823944092
