n_obs: 10
data_preparation: 8.34585165977478
writing: 0.19577813148498535
reading: 0.2299330234527588
data_fitting: 0.3340940475463867
flux_point: 3.843175172805786
