n_obs: 10
data_preparation: 6.334009408950806
writing: 0.16211915016174316
reading: 0.18559813499450684
data_fitting: 0.22700047492980957
flux_point: 2.153115749359131
