n_obs: 10
data_preparation: 6.248764276504517
writing: 0.15241479873657227
reading: 0.17326593399047852
data_fitting: 0.17409300804138184
flux_point: 2.033555746078491
