n_obs: 10
data_preparation: 6.846787452697754
writing: 0.17056632041931152
reading: 0.19203734397888184
data_fitting: 0.18633532524108887
flux_point: 2.2784032821655273
