n_obs: 10
data_preparation: 8.53783917427063
writing: 0.14374136924743652
reading: 0.16100716590881348
data_fitting: 0.11081266403198242
flux_point: 1.364433765411377
