n_obs: 10
data_preparation: 3.5494344234466553
writing: 0.35654234886169434
reading: 0.10978913307189941
data_fitting: 0.09356856346130371
flux_point: 1.0968737602233887
