n_obs: 10
data_preparation: 3.5516011714935303
writing: 0.3509829044342041
reading: 0.11198210716247559
data_fitting: 0.0948801040649414
flux_point: 1.099071741104126
