n_obs: 10
data_preparation: 3.667232036590576
writing: 0.34526896476745605
reading: 0.11681890487670898
data_fitting: 0.09518265724182129
flux_point: 1.1572020053863525
