n_obs: 10
data_preparation: 3.5684010982513428
writing: 0.35712122917175293
reading: 0.11011862754821777
data_fitting: 0.09291791915893555
flux_point: 1.1047260761260986
