n_obs: 10
data_preparation: 7.267142057418823
writing: 0.15251994132995605
reading: 0.17293047904968262
data_fitting: 0.12105107307434082
flux_point: 1.5258393287658691
