n_obs: 10
data_preparation: 11.342506170272827
writing: 0.2105247974395752
reading: 0.23337841033935547
data_fitting: 0.18931937217712402
flux_point: 2.380492925643921
