n_obs: 10
data_preparation: 3.5847675800323486
writing: 0.3583557605743408
reading: 0.11110424995422363
data_fitting: 0.09341716766357422
flux_point: 1.1021051406860352
