n_obs: 10
data_preparation: 5.003813028335571
writing: 0.16825032234191895
reading: 0.1913926601409912
data_fitting: 0.4529440402984619
flux_point: 18.22440004348755
