n_obs: 10
data_preparation: 5.141197919845581
writing: 0.15670371055603027
reading: 0.1715230941772461
data_fitting: 1.000281810760498
flux_point: 9.239509582519531
