n_obs: 10
data_preparation: 5.484710216522217
writing: 0.17295551300048828
reading: 0.18711638450622559
data_fitting: 0.45130157470703125
flux_point: 4.403687000274658
