n_obs: 10
data_preparation: 7.314844608306885
writing: 0.2030477523803711
reading: 0.2422645092010498
data_fitting: 1.8489768505096436
flux_point: 19.34080696105957
