n_obs: 10
data_preparation: 9.68546175956726
writing: 0.21308302879333496
reading: 0.24342036247253418
data_fitting: 0.2669367790222168
flux_point: 3.7664377689361572
