n_obs: 10
data_preparation: 3.4587512016296387
writing: 0.10851383209228516
reading: 0.1195828914642334
data_fitting: 0.23067617416381836
flux_point: 1.238250970840454
