n_obs: 10
data_preparation: 6.687234163284302
writing: 0.14031577110290527
reading: 0.16473746299743652
data_fitting: 0.1630702018737793
flux_point: 1.980217456817627
