n_obs: 10
data_preparation: 6.0772175788879395
writing: 0.12477445602416992
reading: 0.14252305030822754
data_fitting: 0.16483449935913086
flux_point: 2.3846073150634766
