n_obs: 10
data_preparation: 3.5488734245300293
writing: 0.3432197570800781
reading: 0.11126160621643066
data_fitting: 0.09188342094421387
flux_point: 1.1199181079864502
