n_obs: 10
data_preparation: 8.882372617721558
writing: 0.14799118041992188
reading: 0.167222261428833
data_fitting: 0.12012457847595215
flux_point: 1.4804036617279053
