n_obs: 10
data_preparation: 4.320469856262207
writing: 0.1495814323425293
reading: 0.15519070625305176
data_fitting: 0.3471190929412842
flux_point: 3.1113648414611816
