n_obs: 10
data_preparation: 6.624768257141113
writing: 0.16663217544555664
reading: 0.18660259246826172
data_fitting: 1.4670538902282715
flux_point: 16.246747255325317
