n_obs: 10
data_preparation: 5.126713514328003
writing: 0.12482547760009766
reading: 0.12275004386901855
data_fitting: 0.11046934127807617
flux_point: 1.3546245098114014
