n_obs: 10
data_preparation: 3.5431714057922363
writing: 0.3261220455169678
reading: 0.11379528045654297
data_fitting: 0.09354877471923828
flux_point: 1.0972301959991455
