n_obs: 10
data_preparation: 6.263243198394775
writing: 0.15820884704589844
reading: 0.17911887168884277
data_fitting: 0.16672706604003906
flux_point: 2.071608543395996
