n_obs: 10
data_preparation: 4.231302261352539
writing: 0.2564682960510254
reading: 0.1320035457611084
data_fitting: 0.09921932220458984
flux_point: 1.1804962158203125
