n_obs: 10
data_preparation: 3.5230493545532227
writing: 0.39865756034851074
reading: 0.11540913581848145
data_fitting: 0.23366189002990723
flux_point: 1.2501773834228516
