n_obs: 10
data_preparation: 12.47722601890564
writing: 0.22276592254638672
reading: 0.2635519504547119
data_fitting: 0.19556379318237305
flux_point: 2.465880870819092
