n_obs: 10
data_preparation: 5.780050039291382
writing: 0.14948439598083496
reading: 0.14656949043273926
data_fitting: 0.1365375518798828
flux_point: 1.786397933959961
