n_obs: 10
data_preparation: 8.118471384048462
writing: 0.21167588233947754
reading: 0.23681235313415527
data_fitting: 0.24753141403198242
flux_point: 3.0582387447357178
