n_obs: 10
data_preparation: 3.5917439460754395
writing: 0.3389127254486084
reading: 0.11157631874084473
data_fitting: 0.08793330192565918
flux_point: 0.9858675003051758
