n_obs: 10
data_preparation: 3.836158037185669
writing: 0.3230414390563965
reading: 0.11527204513549805
data_fitting: 0.09229874610900879
flux_point: 1.0606369972229004
