n_obs: 10
data_preparation: 3.434314012527466
writing: 0.1079246997833252
reading: 0.11937785148620605
data_fitting: 0.2266242504119873
flux_point: 1.2173290252685547
