n_obs: 10
data_preparation: 13.518918514251709
writing: 0.23667120933532715
reading: 0.26699399948120117
data_fitting: 0.29981184005737305
flux_point: 4.855836868286133
