n_obs: 10
data_preparation: 8.551562070846558
writing: 0.14646363258361816
reading: 0.16065764427185059
data_fitting: 0.11251044273376465
flux_point: 1.3596060276031494
