n_obs: 10
data_preparation: 3.6136393547058105
writing: 0.35840916633605957
reading: 0.11496210098266602
data_fitting: 0.09678959846496582
flux_point: 1.2633471488952637
