n_obs: 10
data_preparation: 4.55670690536499
writing: 0.2551534175872803
reading: 0.13242840766906738
data_fitting: 0.09414362907409668
flux_point: 1.1937873363494873
