n_obs: 10
data_preparation: 5.837818622589111
writing: 0.1490635871887207
reading: 0.16878199577331543
data_fitting: 0.1619124412536621
flux_point: 1.968770980834961
