n_obs: 10
data_preparation: 6.852375030517578
writing: 0.17511725425720215
reading: 0.1983168125152588
data_fitting: 1.5312166213989258
flux_point: 16.494372844696045
