n_obs: 10
data_preparation: 4.328108787536621
writing: 0.2986419200897217
reading: 0.12556004524230957
data_fitting: 0.09076786041259766
flux_point: 1.1018667221069336
