n_obs: 10
data_preparation: 3.572075128555298
writing: 0.33519816398620605
reading: 0.11000823974609375
data_fitting: 0.09255313873291016
flux_point: 1.110581636428833
