n_obs: 10
data_preparation: 6.246586084365845
writing: 0.1795198917388916
reading: 0.1765449047088623
data_fitting: 0.137190580368042
flux_point: 1.7835168838500977
