n_obs: 10
data_preparation: 6.7560834884643555
writing: 0.1442413330078125
reading: 0.15649938583374023
data_fitting: 0.10930514335632324
flux_point: 1.370718240737915
