n_obs: 10
data_preparation: 6.8175048828125
writing: 0.17908477783203125
reading: 0.21435308456420898
data_fitting: 0.23114442825317383
flux_point: 7.524651050567627
