n_obs: 10
data_preparation: 3.5092132091522217
writing: 0.1067667007446289
reading: 0.11809015274047852
data_fitting: 0.22563385963439941
flux_point: 1.2226831912994385
