n_obs: 10
data_preparation: 7.054347991943359
writing: 0.14553403854370117
reading: 0.1636350154876709
data_fitting: 0.11761116981506348
flux_point: 1.471836805343628
