n_obs: 10
data_preparation: 7.388507127761841
writing: 0.15617036819458008
reading: 0.17551136016845703
data_fitting: 0.21428132057189941
flux_point: 2.8141024112701416
