n_obs: 10
data_preparation: 6.489202499389648
writing: 0.134385347366333
reading: 0.15752410888671875
data_fitting: 0.17220497131347656
flux_point: 2.490041732788086
