n_obs: 10
data_preparation: 6.694761514663696
writing: 0.13950133323669434
reading: 0.1594557762145996
data_fitting: 0.17955875396728516
flux_point: 2.596548080444336
