n_obs: 10
data_preparation: 8.709535121917725
writing: 0.19187235832214355
reading: 0.21593785285949707
data_fitting: 0.1592092514038086
flux_point: 2.0331597328186035
