n_obs: 10
data_preparation: 6.313683986663818
writing: 0.16626572608947754
reading: 0.16286158561706543
data_fitting: 0.18955397605895996
flux_point: 2.3684754371643066
