n_obs: 10
data_preparation: 7.1361823081970215
writing: 0.1479496955871582
reading: 0.16651344299316406
data_fitting: 0.1131277084350586
flux_point: 1.4340980052947998
