n_obs: 10
data_preparation: 3.594250440597534
writing: 0.36636781692504883
reading: 0.11493706703186035
data_fitting: 0.10126399993896484
flux_point: 1.2701056003570557
