n_obs: 10
data_preparation: 3.5462582111358643
writing: 0.3656783103942871
reading: 0.11726093292236328
data_fitting: 0.23460602760314941
flux_point: 1.2432262897491455
