n_obs: 10
data_preparation: 5.896324157714844
writing: 0.15032696723937988
reading: 0.1693286895751953
data_fitting: 0.16279935836791992
flux_point: 1.9803168773651123
