n_obs: 10
data_preparation: 7.1941351890563965
writing: 0.21855497360229492
reading: 0.22633099555969238
data_fitting: 0.3007056713104248
flux_point: 2.7417421340942383
