n_obs: 10
data_preparation: 3.3201823234558105
writing: 0.10462760925292969
reading: 0.11498451232910156
data_fitting: 0.22066068649291992
flux_point: 1.1926801204681396
