n_obs: 10
data_preparation: 6.776683568954468
writing: 0.17913460731506348
reading: 0.19783353805541992
data_fitting: 0.25184106826782227
flux_point: 2.3795571327209473
