n_obs: 10
data_preparation: 6.568812370300293
writing: 0.1569228172302246
reading: 0.1791539192199707
data_fitting: 0.1796731948852539
flux_point: 2.1226351261138916
