n_obs: 10
data_preparation: 8.017909526824951
writing: 0.15812039375305176
reading: 0.1943809986114502
data_fitting: 0.21262502670288086
flux_point: 3.0575950145721436
