n_obs: 10
data_preparation: 3.438596248626709
writing: 0.10801911354064941
reading: 0.12199616432189941
data_fitting: 0.22794294357299805
flux_point: 1.230323314666748
