n_obs: 10
data_preparation: 10.502948760986328
writing: 0.19138669967651367
reading: 0.21335077285766602
data_fitting: 0.18427562713623047
flux_point: 2.250241994857788
