n_obs: 10
data_preparation: 5.060155153274536
writing: 0.16451573371887207
reading: 0.08717989921569824
data_fitting: 0.0832681655883789
flux_point: 0.8370389938354492
