n_obs: 10
data_preparation: 6.7394421100616455
writing: 0.1401510238647461
reading: 0.1663515567779541
data_fitting: 0.18808531761169434
flux_point: 2.6461403369903564
