n_obs: 10
data_preparation: 6.337610483169556
writing: 0.1333916187286377
reading: 0.1526806354522705
data_fitting: 0.17574071884155273
flux_point: 2.502772808074951
