n_obs: 10
data_preparation: 4.230672836303711
writing: 0.14565086364746094
reading: 0.152130126953125
data_fitting: 0.3380751609802246
flux_point: 3.1186254024505615
