n_obs: 10
data_preparation: 6.494072675704956
writing: 0.13694381713867188
reading: 0.15830135345458984
data_fitting: 0.17609643936157227
flux_point: 2.530247926712036
