n_obs: 10
data_preparation: 6.527648687362671
writing: 0.13770747184753418
reading: 0.15735411643981934
data_fitting: 0.1736457347869873
flux_point: 2.496265172958374
