n_obs: 10
data_preparation: 6.541060924530029
writing: 0.1734781265258789
reading: 0.19173908233642578
data_fitting: 0.18151640892028809
flux_point: 2.193258047103882
