n_obs: 10
data_preparation: 5.094486236572266
writing: 0.17820239067077637
reading: 0.1821906566619873
data_fitting: 0.3538541793823242
flux_point: 3.6808671951293945
