n_obs: 10
data_preparation: 7.051836967468262
writing: 0.18249130249023438
reading: 0.20768189430236816
data_fitting: 0.2621774673461914
flux_point: 2.565488576889038
