n_obs: 10
data_preparation: 3.538893461227417
writing: 0.2571268081665039
reading: 0.20840096473693848
data_fitting: 1.3925514221191406
flux_point: 3.619112968444824
