n_obs: 10
data_preparation: 5.695820331573486
writing: 0.14895081520080566
reading: 0.15599393844604492
data_fitting: 0.15568971633911133
flux_point: 1.922919750213623
