n_obs: 10
data_preparation: 6.600704193115234
writing: 0.1338491439819336
reading: 0.1575305461883545
data_fitting: 0.17735981941223145
flux_point: 2.5289549827575684
