n_obs: 10
data_preparation: 3.556874990463257
writing: 0.3280527591705322
reading: 0.11098599433898926
data_fitting: 0.09389901161193848
flux_point: 1.125457525253296
