n_obs: 10
data_preparation: 6.701382637023926
writing: 0.1370105743408203
reading: 0.15976786613464355
data_fitting: 0.17700505256652832
flux_point: 2.544447422027588
