n_obs: 10
data_preparation: 8.013188600540161
writing: 0.17597603797912598
reading: 0.26105666160583496
data_fitting: 0.2554905414581299
flux_point: 7.726654767990112
