n_obs: 10
data_preparation: 4.229310512542725
writing: 0.24568700790405273
reading: 0.1352987289428711
data_fitting: 0.1001133918762207
flux_point: 1.193936824798584
