n_obs: 10
data_preparation: 3.5021848678588867
writing: 0.11553239822387695
reading: 0.1260995864868164
data_fitting: 0.22952532768249512
flux_point: 1.2411949634552002
