n_obs: 10
data_preparation: 6.79460883140564
writing: 0.14775323867797852
reading: 0.1679854393005371
data_fitting: 0.17078828811645508
flux_point: 2.0524022579193115
