n_obs: 10
data_preparation: 7.98161768913269
writing: 0.20196962356567383
reading: 0.2311534881591797
data_fitting: 0.27283763885498047
flux_point: 3.1462459564208984
