n_obs: 10
data_preparation: 3.5327627658843994
writing: 0.30376577377319336
reading: 0.11204051971435547
data_fitting: 0.09354901313781738
flux_point: 1.1227443218231201
