n_obs: 10
data_preparation: 6.618474006652832
writing: 0.13730978965759277
reading: 0.15931391716003418
data_fitting: 0.1725752353668213
flux_point: 2.6935935020446777
