n_obs: 10
data_preparation: 3.5532426834106445
writing: 0.3253023624420166
reading: 0.10873937606811523
data_fitting: 0.09039711952209473
flux_point: 1.0952458381652832
