n_obs: 10
data_preparation: 7.833115339279175
writing: 0.21436190605163574
reading: 0.18716120719909668
data_fitting: 0.319171667098999
flux_point: 4.273529052734375
