n_obs: 10
data_preparation: 8.462998628616333
writing: 0.14389705657958984
reading: 0.16066312789916992
data_fitting: 0.11599445343017578
flux_point: 1.4392106533050537
