n_obs: 10
data_preparation: 5.248748779296875
writing: 0.2015066146850586
reading: 0.21323347091674805
data_fitting: 0.45987915992736816
flux_point: 4.277205467224121
