n_obs: 10
data_preparation: 3.553966522216797
writing: 0.3331577777862549
reading: 0.10947775840759277
data_fitting: 0.09138202667236328
flux_point: 1.1311218738555908
