n_obs: 10
data_preparation: 7.650777101516724
writing: 0.16890835762023926
reading: 0.1925814151763916
data_fitting: 0.25461363792419434
flux_point: 8.07918667793274
