n_obs: 10
data_preparation: 11.407403469085693
writing: 0.2037365436553955
reading: 0.24187803268432617
data_fitting: 0.18209266662597656
flux_point: 2.3724524974823
