n_obs: 10
data_preparation: 3.5197103023529053
writing: 0.31819701194763184
reading: 0.10647892951965332
data_fitting: 0.09060883522033691
flux_point: 1.096836805343628
