n_obs: 10
data_preparation: 6.715948104858398
writing: 0.1351785659790039
reading: 0.16094088554382324
data_fitting: 0.17810964584350586
flux_point: 2.5945379734039307
