n_obs: 10
data_preparation: 6.6368255615234375
writing: 0.13207221031188965
reading: 0.15668368339538574
data_fitting: 0.17602801322937012
flux_point: 2.617677927017212
