n_obs: 10
data_preparation: 5.904467344284058
writing: 0.1856529712677002
reading: 0.19767022132873535
data_fitting: 0.44130825996398926
flux_point: 3.755685806274414
