n_obs: 10
data_preparation: 4.527271032333374
writing: 0.3213832378387451
reading: 0.13352274894714355
data_fitting: 0.09406566619873047
flux_point: 1.1628472805023193
