n_obs: 10
data_preparation: 3.364119529724121
writing: 0.10518598556518555
reading: 0.12079286575317383
data_fitting: 0.22363042831420898
flux_point: 1.2061729431152344
