n_obs: 10
data_preparation: 7.0357506275177
writing: 0.14976048469543457
reading: 0.16484737396240234
data_fitting: 0.1124570369720459
flux_point: 1.4090771675109863
