n_obs: 10
data_preparation: 3.9952075481414795
writing: 0.3577899932861328
reading: 0.1206052303314209
data_fitting: 0.09606218338012695
flux_point: 1.1198692321777344
