n_obs: 10
data_preparation: 5.957509994506836
writing: 0.15225696563720703
reading: 0.17113327980041504
data_fitting: 0.21470046043395996
flux_point: 2.0990285873413086
