n_obs: 10
data_preparation: 3.1336090564727783
writing: 0.21599864959716797
reading: 0.17488384246826172
data_fitting: 1.0887181758880615
flux_point: 3.1201443672180176
