n_obs: 10
data_preparation: 6.7674400806427
writing: 0.1387500762939453
reading: 0.16287493705749512
data_fitting: 0.17836380004882812
flux_point: 2.5804450511932373
