n_obs: 10
data_preparation: 6.812356233596802
writing: 0.17086005210876465
reading: 0.1750330924987793
data_fitting: 0.18681073188781738
flux_point: 2.5788636207580566
