n_obs: 10
data_preparation: 3.5317258834838867
writing: 0.3786482810974121
reading: 0.1165926456451416
data_fitting: 0.23803091049194336
flux_point: 1.2727150917053223
