n_obs: 10
data_preparation: 6.951411485671997
writing: 0.14594507217407227
reading: 0.1618964672088623
data_fitting: 0.11140131950378418
flux_point: 1.4032864570617676
