n_obs: 10
data_preparation: 3.460949659347534
writing: 0.3525080680847168
reading: 0.1145622730255127
data_fitting: 0.22970223426818848
flux_point: 1.2350730895996094
