n_obs: 10
data_preparation: 7.449557304382324
writing: 0.1508779525756836
reading: 0.17456793785095215
data_fitting: 0.12763118743896484
flux_point: 1.553565263748169
