n_obs: 10
data_preparation: 3.5312998294830322
writing: 0.3265097141265869
reading: 0.1113739013671875
data_fitting: 0.08953642845153809
flux_point: 1.0891509056091309
