n_obs: 10
data_preparation: 3.5640368461608887
writing: 0.38277339935302734
reading: 0.11497044563293457
data_fitting: 0.23518991470336914
flux_point: 1.2898364067077637
