n_obs: 10
data_preparation: 3.6580088138580322
writing: 0.35178446769714355
reading: 0.11401486396789551
data_fitting: 0.09313344955444336
flux_point: 1.1256842613220215
