n_obs: 10
data_preparation: 7.499501466751099
writing: 0.16896557807922363
reading: 0.19385290145874023
data_fitting: 0.21500205993652344
flux_point: 3.0001792907714844
