n_obs: 10
data_preparation: 3.6050868034362793
writing: 0.32512640953063965
reading: 0.11049675941467285
data_fitting: 0.0941762924194336
flux_point: 1.1356441974639893
