n_obs: 10
data_preparation: 3.3775603771209717
writing: 0.24462175369262695
reading: 0.19674968719482422
data_fitting: 1.4148437976837158
flux_point: 3.476914167404175
