n_obs: 10
data_preparation: 3.3911681175231934
writing: 0.24129915237426758
reading: 0.19520783424377441
data_fitting: 1.3625226020812988
flux_point: 3.4838056564331055
