n_obs: 10
data_preparation: 7.197189807891846
writing: 0.14655613899230957
reading: 0.163102388381958
data_fitting: 0.193495512008667
flux_point: 2.810685396194458
