n_obs: 10
data_preparation: 7.910520315170288
writing: 0.16079378128051758
reading: 0.18481183052062988
data_fitting: 0.1349496841430664
flux_point: 1.6639471054077148
