n_obs: 10
data_preparation: 6.671709299087524
writing: 0.13818359375
reading: 0.16208505630493164
data_fitting: 0.17737412452697754
flux_point: 2.551891565322876
