n_obs: 10
data_preparation: 3.3458569049835205
writing: 0.10384011268615723
reading: 0.11887168884277344
data_fitting: 0.28817272186279297
flux_point: 1.254101037979126
