n_obs: 10
data_preparation: 4.36072564125061
writing: 0.30954837799072266
reading: 0.12823057174682617
data_fitting: 0.09083151817321777
flux_point: 1.1066927909851074
