n_obs: 10
data_preparation: 3.5323069095611572
writing: 0.3502984046936035
reading: 0.11944413185119629
data_fitting: 0.2316303253173828
flux_point: 1.258563756942749
