n_obs: 10
data_preparation: 3.5661253929138184
writing: 0.3321709632873535
reading: 0.1113426685333252
data_fitting: 0.09340357780456543
flux_point: 1.1465585231781006
