n_obs: 10
data_preparation: 6.277228116989136
writing: 0.13353967666625977
reading: 0.15088915824890137
data_fitting: 0.17395853996276855
flux_point: 2.476161479949951
