n_obs: 10
data_preparation: 7.826622009277344
writing: 0.15701913833618164
reading: 0.18056917190551758
data_fitting: 0.24689602851867676
flux_point: 4.101377725601196
