n_obs: 10
data_preparation: 5.9327006340026855
writing: 0.15335607528686523
reading: 0.17082858085632324
data_fitting: 0.16264605522155762
flux_point: 1.9230329990386963
