n_obs: 10
data_preparation: 3.5328705310821533
writing: 0.34981727600097656
reading: 0.11861419677734375
data_fitting: 0.23091864585876465
flux_point: 1.2516210079193115
