n_obs: 10
data_preparation: 9.730602741241455
writing: 0.1613161563873291
reading: 0.17233753204345703
data_fitting: 0.1267390251159668
flux_point: 1.6541242599487305
