n_obs: 10
data_preparation: 4.545025587081909
writing: 0.25282907485961914
reading: 0.12990593910217285
data_fitting: 0.09176993370056152
flux_point: 1.1284945011138916
