n_obs: 10
data_preparation: 6.198826789855957
writing: 0.15892577171325684
reading: 0.15996909141540527
data_fitting: 0.15110373497009277
flux_point: 1.9624300003051758
