n_obs: 10
data_preparation: 4.568068981170654
writing: 0.347522497177124
reading: 0.1348247528076172
data_fitting: 0.09659314155578613
flux_point: 1.1582329273223877
