n_obs: 10
data_preparation: 4.410284042358398
writing: 0.2563443183898926
reading: 0.13693928718566895
data_fitting: 0.10234808921813965
flux_point: 1.2312366962432861
