n_obs: 10
data_preparation: 8.523062467575073
writing: 0.17488503456115723
reading: 0.19880151748657227
data_fitting: 0.26058506965637207
flux_point: 4.277249574661255
