n_obs: 10
data_preparation: 3.6131491661071777
writing: 0.3289468288421631
reading: 0.11056327819824219
data_fitting: 0.09232211112976074
flux_point: 1.115900993347168
