n_obs: 10
data_preparation: 6.786086082458496
writing: 0.15453457832336426
reading: 0.17651700973510742
data_fitting: 0.21207308769226074
flux_point: 6.205524682998657
