n_obs: 10
data_preparation: 8.817662000656128
writing: 0.1434168815612793
reading: 0.16177630424499512
data_fitting: 0.18102002143859863
flux_point: 2.5865588188171387
