n_obs: 10
data_preparation: 7.047919750213623
writing: 0.16999149322509766
reading: 0.18552899360656738
data_fitting: 0.22525739669799805
flux_point: 6.783408164978027
