n_obs: 10
data_preparation: 3.449181079864502
writing: 0.11435866355895996
reading: 0.12640976905822754
data_fitting: 0.23421192169189453
flux_point: 1.2596454620361328
