n_obs: 10
data_preparation: 6.0140910148620605
writing: 0.19591832160949707
reading: 0.2069404125213623
data_fitting: 0.8468186855316162
flux_point: 8.225178956985474
