n_obs: 10
data_preparation: 3.1078062057495117
writing: 0.09576129913330078
reading: 0.11035966873168945
data_fitting: 0.2024846076965332
flux_point: 1.2031991481781006
