n_obs: 10
data_preparation: 4.57738184928894
writing: 0.25423407554626465
reading: 0.13374042510986328
data_fitting: 0.09492158889770508
flux_point: 1.1637768745422363
