n_obs: 10
data_preparation: 3.3176894187927246
writing: 0.10471129417419434
reading: 0.1178584098815918
data_fitting: 0.27927660942077637
flux_point: 1.2288384437561035
