n_obs: 10
data_preparation: 6.692095041275024
writing: 0.13608479499816895
reading: 0.15873003005981445
data_fitting: 0.17711353302001953
flux_point: 2.5711846351623535
