n_obs: 10
data_preparation: 8.725068807601929
writing: 0.14707589149475098
reading: 0.15885257720947266
data_fitting: 0.17322945594787598
flux_point: 2.4625015258789062
