n_obs: 10
data_preparation: 8.609196186065674
writing: 0.1760082244873047
reading: 0.2032790184020996
data_fitting: 0.16885638236999512
flux_point: 1.9980366230010986
