n_obs: 10
data_preparation: 3.6430554389953613
writing: 0.3731260299682617
reading: 0.11402440071105957
data_fitting: 0.09832096099853516
flux_point: 1.282456874847412
