n_obs: 10
data_preparation: 6.945565938949585
writing: 0.14316177368164062
reading: 0.16070556640625
data_fitting: 0.11802172660827637
flux_point: 1.47113037109375
