n_obs: 10
data_preparation: 3.5613698959350586
writing: 0.3279144763946533
reading: 0.1101536750793457
data_fitting: 0.09220075607299805
flux_point: 1.113682508468628
