n_obs: 10
data_preparation: 3.5235960483551025
writing: 0.32886695861816406
reading: 0.1104879379272461
data_fitting: 0.09129643440246582
flux_point: 1.1132116317749023
