n_obs: 10
data_preparation: 3.5917813777923584
writing: 0.3809089660644531
reading: 0.11480355262756348
data_fitting: 0.23590850830078125
flux_point: 1.4088075160980225
