n_obs: 10
data_preparation: 8.787179470062256
writing: 0.145249605178833
reading: 0.15956783294677734
data_fitting: 0.17389225959777832
flux_point: 2.5139408111572266
