n_obs: 10
data_preparation: 7.033399820327759
writing: 0.1401970386505127
reading: 0.16590023040771484
data_fitting: 0.1884326934814453
flux_point: 2.711711883544922
