n_obs: 10
data_preparation: 6.907275438308716
writing: 0.14627838134765625
reading: 0.16278624534606934
data_fitting: 0.11218976974487305
flux_point: 1.408033847808838
