n_obs: 10
data_preparation: 3.6410632133483887
writing: 0.37064671516418457
reading: 0.12416648864746094
data_fitting: 0.2341609001159668
flux_point: 1.3132586479187012
