n_obs: 10
data_preparation: 5.126478910446167
writing: 0.14080572128295898
reading: 0.15389227867126465
data_fitting: 0.11814045906066895
flux_point: 1.544905424118042
