n_obs: 10
data_preparation: 3.571909189224243
writing: 0.33158063888549805
reading: 0.11136150360107422
data_fitting: 0.09274148941040039
flux_point: 1.102428674697876
