n_obs: 10
data_preparation: 6.734771251678467
writing: 0.17097020149230957
reading: 0.1996784210205078
data_fitting: 0.24697566032409668
flux_point: 2.3755040168762207
