n_obs: 10
data_preparation: 8.086591005325317
writing: 0.2043623924255371
reading: 0.2337179183959961
data_fitting: 1.8129260540008545
flux_point: 19.70425581932068
