n_obs: 10
data_preparation: 3.658660888671875
writing: 0.1142270565032959
reading: 0.12978720664978027
data_fitting: 0.24002981185913086
flux_point: 1.2985954284667969
