n_obs: 10
data_preparation: 6.107431173324585
writing: 0.15215682983398438
reading: 0.17423152923583984
data_fitting: 0.16397643089294434
flux_point: 1.9357197284698486
