n_obs: 10
data_preparation: 8.828320980072021
writing: 0.14481043815612793
reading: 0.1620030403137207
data_fitting: 0.17728471755981445
flux_point: 2.5328688621520996
