n_obs: 10
data_preparation: 3.7911596298217773
writing: 0.36791443824768066
reading: 0.11622095108032227
data_fitting: 0.09461212158203125
flux_point: 1.166003942489624
