n_obs: 10
data_preparation: 6.704148769378662
writing: 0.18003129959106445
reading: 0.17422175407409668
data_fitting: 0.1667475700378418
flux_point: 2.2506797313690186
