n_obs: 10
data_preparation: 6.623297452926636
writing: 0.13571739196777344
reading: 0.1550302505493164
data_fitting: 0.17495107650756836
flux_point: 2.518507480621338
