n_obs: 10
data_preparation: 3.6042160987854004
writing: 0.3727858066558838
reading: 0.11336565017700195
data_fitting: 0.09820914268493652
flux_point: 1.275559663772583
