n_obs: 10
data_preparation: 6.510893821716309
writing: 0.165496826171875
reading: 0.1955883502960205
data_fitting: 1.6317791938781738
flux_point: 17.652867794036865
