n_obs: 10
data_preparation: 3.443537950515747
writing: 0.10721087455749512
reading: 0.11843156814575195
data_fitting: 0.22823643684387207
flux_point: 1.2370874881744385
