n_obs: 10
data_preparation: 3.549272298812866
writing: 0.3238036632537842
reading: 0.10891890525817871
data_fitting: 0.09013557434082031
flux_point: 1.0947957038879395
