n_obs: 10
data_preparation: 3.3823671340942383
writing: 0.10963582992553711
reading: 0.11885404586791992
data_fitting: 0.2878396511077881
flux_point: 1.2629103660583496
