n_obs: 10
data_preparation: 7.569259405136108
writing: 0.16419672966003418
reading: 0.172990083694458
data_fitting: 0.21169257164001465
flux_point: 6.345839023590088
