n_obs: 10
data_preparation: 7.093811273574829
writing: 0.17388296127319336
reading: 0.19466495513916016
data_fitting: 0.2221224308013916
flux_point: 2.985722780227661
