n_obs: 10
data_preparation: 4.720613241195679
writing: 0.26036906242370605
reading: 0.13830900192260742
data_fitting: 0.09469485282897949
flux_point: 1.184105396270752
