n_obs: 10
data_preparation: 4.935881853103638
writing: 0.16950464248657227
reading: 0.17580842971801758
data_fitting: 0.3445866107940674
flux_point: 3.5918116569519043
