n_obs: 10
data_preparation: 7.855366945266724
writing: 0.16034197807312012
reading: 0.18749332427978516
data_fitting: 0.21104168891906738
flux_point: 3.0298097133636475
