n_obs: 10
data_preparation: 7.986012697219849
writing: 0.16274642944335938
reading: 0.19022607803344727
data_fitting: 0.21596217155456543
flux_point: 3.3025996685028076
