n_obs: 10
data_preparation: 7.051316022872925
writing: 0.17243075370788574
reading: 0.18472003936767578
data_fitting: 0.2257368564605713
flux_point: 6.773892402648926
