n_obs: 10
data_preparation: 4.125458717346191
writing: 0.24636101722717285
reading: 0.12792468070983887
data_fitting: 0.09685945510864258
flux_point: 1.1418795585632324
