n_obs: 10
data_preparation: 6.441163539886475
writing: 0.1443789005279541
reading: 0.16191697120666504
data_fitting: 0.17903780937194824
flux_point: 2.552581787109375
