n_obs: 10
data_preparation: 3.369004964828491
writing: 0.10672688484191895
reading: 0.11634373664855957
data_fitting: 0.22544360160827637
flux_point: 1.208918809890747
