n_obs: 10
data_preparation: 3.2850797176361084
writing: 0.22271943092346191
reading: 0.18224263191223145
data_fitting: 1.1212666034698486
flux_point: 3.1937527656555176
