n_obs: 10
data_preparation: 4.026451110839844
writing: 0.34641170501708984
reading: 0.11855745315551758
data_fitting: 0.09505677223205566
flux_point: 1.125706672668457
