n_obs: 10
data_preparation: 3.465405225753784
writing: 0.36731600761413574
reading: 0.11358809471130371
data_fitting: 0.23418951034545898
flux_point: 1.2461276054382324
