n_obs: 10
data_preparation: 3.5577895641326904
writing: 0.2531890869140625
reading: 0.19818902015686035
data_fitting: 1.375901222229004
flux_point: 3.5762765407562256
