n_obs: 10
data_preparation: 5.422501087188721
writing: 0.14000463485717773
reading: 0.14630818367004395
data_fitting: 0.17549633979797363
flux_point: 5.340201377868652
