n_obs: 10
data_preparation: 4.219019412994385
writing: 0.26188039779663086
reading: 0.13268184661865234
data_fitting: 0.1006925106048584
flux_point: 1.1900081634521484
