n_obs: 10
data_preparation: 3.337956190109253
writing: 0.10714912414550781
reading: 0.11705803871154785
data_fitting: 0.22644710540771484
flux_point: 1.2153477668762207
