n_obs: 10
data_preparation: 3.356600522994995
writing: 0.10298657417297363
reading: 0.11881208419799805
data_fitting: 0.2250826358795166
flux_point: 1.201789140701294
