n_obs: 10
data_preparation: 3.4917383193969727
writing: 0.3147287368774414
reading: 0.10972857475280762
data_fitting: 0.09009909629821777
flux_point: 1.0953712463378906
