n_obs: 10
data_preparation: 3.412978172302246
writing: 0.1070716381072998
reading: 0.11996221542358398
data_fitting: 0.2917206287384033
flux_point: 1.2691295146942139
