n_obs: 10
data_preparation: 6.521795749664307
writing: 0.1735095977783203
reading: 0.17569541931152344
data_fitting: 0.16666364669799805
flux_point: 2.177386999130249
