n_obs: 10
data_preparation: 6.909308671951294
writing: 0.17163491249084473
reading: 0.16089630126953125
data_fitting: 0.1671736240386963
flux_point: 2.233811140060425
