n_obs: 10
data_preparation: 8.730451583862305
writing: 0.14328312873840332
reading: 0.1603243350982666
data_fitting: 0.17590618133544922
flux_point: 2.5154829025268555
