n_obs: 10
data_preparation: 3.4885613918304443
writing: 0.2763857841491699
reading: 0.20119929313659668
data_fitting: 1.3962223529815674
flux_point: 3.5951075553894043
