n_obs: 10
data_preparation: 4.887506723403931
writing: 0.1765458583831787
reading: 0.1751871109008789
data_fitting: 0.3363649845123291
flux_point: 3.4974985122680664
