n_obs: 10
data_preparation: 4.65641975402832
writing: 0.17508888244628906
reading: 0.18051624298095703
data_fitting: 0.42858076095581055
flux_point: 3.9016921520233154
