n_obs: 10
data_preparation: 6.849213361740112
writing: 0.17760086059570312
reading: 0.21007394790649414
data_fitting: 0.44827818870544434
flux_point: 3.292170763015747
