n_obs: 10
data_preparation: 6.640989065170288
writing: 0.1381239891052246
reading: 0.15787601470947266
data_fitting: 0.17438507080078125
flux_point: 2.5143890380859375
