n_obs: 10
data_preparation: 4.51725697517395
writing: 0.2573976516723633
reading: 0.1341569423675537
data_fitting: 0.09404611587524414
flux_point: 1.147139549255371
