n_obs: 10
data_preparation: 7.827727794647217
writing: 0.25191807746887207
reading: 0.21530818939208984
data_fitting: 0.2774479389190674
flux_point: 2.9978280067443848
