n_obs: 10
data_preparation: 3.8431859016418457
writing: 0.31899404525756836
reading: 0.11581707000732422
data_fitting: 0.09146666526794434
flux_point: 1.087172269821167
