n_obs: 10
data_preparation: 5.182905435562134
writing: 0.1293776035308838
reading: 0.15169310569763184
data_fitting: 0.340714693069458
flux_point: 2.320204019546509
