n_obs: 10
data_preparation: 6.857696533203125
writing: 0.14028429985046387
reading: 0.15764498710632324
data_fitting: 0.18386244773864746
flux_point: 2.8480968475341797
