n_obs: 10
data_preparation: 3.604480743408203
writing: 0.33524656295776367
reading: 0.1137089729309082
data_fitting: 0.09239721298217773
flux_point: 1.109363317489624
