n_obs: 10
data_preparation: 3.647639751434326
writing: 0.3285984992980957
reading: 0.11368274688720703
data_fitting: 0.09470820426940918
flux_point: 1.1625826358795166
