n_obs: 10
data_preparation: 6.501763343811035
writing: 0.1628429889678955
reading: 0.16572284698486328
data_fitting: 0.20827651023864746
flux_point: 6.329644203186035
