n_obs: 10
data_preparation: 3.6319353580474854
writing: 0.33521151542663574
reading: 0.11392593383789062
data_fitting: 0.09070301055908203
flux_point: 1.1152615547180176
