n_obs: 10
data_preparation: 6.498094797134399
writing: 0.13146185874938965
reading: 0.15456628799438477
data_fitting: 0.17972445487976074
flux_point: 2.578721761703491
