n_obs: 10
data_preparation: 3.769440174102783
writing: 0.3200998306274414
reading: 0.11328268051147461
data_fitting: 0.08957958221435547
flux_point: 1.0597832202911377
