n_obs: 10
data_preparation: 7.638640642166138
writing: 0.20223236083984375
reading: 0.22828912734985352
data_fitting: 0.3173997402191162
flux_point: 3.0380918979644775
