n_obs: 10
data_preparation: 8.934571266174316
writing: 0.22442078590393066
reading: 0.2575645446777344
data_fitting: 0.269747257232666
flux_point: 3.3243753910064697
