n_obs: 10
data_preparation: 5.626790761947632
writing: 0.2570936679840088
reading: 0.21536564826965332
data_fitting: 0.4284203052520752
flux_point: 4.577914476394653
