n_obs: 10
data_preparation: 7.6686131954193115
writing: 0.1670541763305664
reading: 0.18339920043945312
data_fitting: 0.20073866844177246
flux_point: 3.1436312198638916
