n_obs: 10
data_preparation: 3.564976453781128
writing: 0.3496572971343994
reading: 0.11168837547302246
data_fitting: 0.09042477607727051
flux_point: 1.0935289859771729
