n_obs: 10
data_preparation: 6.988037586212158
writing: 0.13129138946533203
reading: 0.14952993392944336
data_fitting: 0.16174793243408203
flux_point: 2.006701946258545
