n_obs: 10
data_preparation: 4.365975856781006
writing: 0.305011510848999
reading: 0.12691211700439453
data_fitting: 0.09063339233398438
flux_point: 1.0999226570129395
