n_obs: 10
data_preparation: 6.914659023284912
writing: 0.1437392234802246
reading: 0.16422033309936523
data_fitting: 0.11796069145202637
flux_point: 1.4718778133392334
