n_obs: 10
data_preparation: 3.4903223514556885
writing: 0.11116147041320801
reading: 0.12191891670227051
data_fitting: 0.22976183891296387
flux_point: 1.2411298751831055
