n_obs: 10
data_preparation: 3.5073466300964355
writing: 0.3240067958831787
reading: 0.11027669906616211
data_fitting: 0.09157490730285645
flux_point: 1.114443063735962
