n_obs: 10
data_preparation: 3.6532320976257324
writing: 0.3544890880584717
reading: 0.11627960205078125
data_fitting: 0.09488391876220703
flux_point: 1.1728785037994385
