n_obs: 10
data_preparation: 7.137207746505737
writing: 0.17525267601013184
reading: 0.19814491271972656
data_fitting: 0.1944594383239746
flux_point: 2.273099899291992
