n_obs: 10
data_preparation: 3.5769495964050293
writing: 0.3733236789703369
reading: 0.1112980842590332
data_fitting: 0.09313845634460449
flux_point: 1.1095633506774902
