n_obs: 10
data_preparation: 9.339226961135864
writing: 0.2240314483642578
reading: 0.2218458652496338
data_fitting: 0.4829831123352051
flux_point: 21.837679386138916
