n_obs: 10
data_preparation: 3.493908643722534
writing: 0.3251307010650635
reading: 0.10964536666870117
data_fitting: 0.09042739868164062
flux_point: 1.1015267372131348
