n_obs: 10
data_preparation: 8.541202545166016
writing: 0.17581939697265625
reading: 0.20088434219360352
data_fitting: 0.1464674472808838
flux_point: 1.825514554977417
