n_obs: 10
data_preparation: 3.3874566555023193
writing: 0.10844111442565918
reading: 0.11758852005004883
data_fitting: 0.22700905799865723
flux_point: 1.216855764389038
