n_obs: 10
data_preparation: 3.135403871536255
writing: 0.22513270378112793
reading: 0.1838972568511963
data_fitting: 1.2186603546142578
flux_point: 3.2692482471466064
