n_obs: 10
data_preparation: 9.675404071807861
writing: 0.20929789543151855
reading: 0.260209321975708
data_fitting: 0.2880518436431885
flux_point: 4.883981466293335
