n_obs: 10
data_preparation: 7.706014633178711
writing: 0.20290017127990723
reading: 0.2306060791015625
data_fitting: 0.27886033058166504
flux_point: 2.692307710647583
