n_obs: 10
data_preparation: 6.7893455028533936
writing: 0.16365718841552734
reading: 0.18592357635498047
data_fitting: 0.18196964263916016
flux_point: 2.226700782775879
