n_obs: 10
data_preparation: 5.280646800994873
writing: 0.18517160415649414
reading: 0.19360041618347168
data_fitting: 0.4977908134460449
flux_point: 19.734140157699585
