n_obs: 10
data_preparation: 3.5410070419311523
writing: 0.355086088180542
reading: 0.12011432647705078
data_fitting: 0.23411345481872559
flux_point: 1.2610490322113037
