n_obs: 10
data_preparation: 3.598904609680176
writing: 0.315645694732666
reading: 0.1106405258178711
data_fitting: 0.09281301498413086
flux_point: 1.1251435279846191
