n_obs: 10
data_preparation: 7.499674558639526
writing: 0.19493675231933594
reading: 0.2163708209991455
data_fitting: 1.7459254264831543
flux_point: 18.97802996635437
