n_obs: 10
data_preparation: 6.457286357879639
writing: 0.17241168022155762
reading: 0.18893051147460938
data_fitting: 0.24318218231201172
flux_point: 2.325094699859619
