n_obs: 10
data_preparation: 3.6177642345428467
writing: 0.10883545875549316
reading: 0.12009263038635254
data_fitting: 0.2284553050994873
flux_point: 1.2474761009216309
