n_obs: 10
data_preparation: 3.3767006397247314
writing: 0.10821962356567383
reading: 0.1173558235168457
data_fitting: 0.22861957550048828
flux_point: 1.2296137809753418
