n_obs: 10
data_preparation: 5.979629755020142
writing: 0.1571059226989746
reading: 0.1605379581451416
data_fitting: 0.12853670120239258
flux_point: 1.6860432624816895
