n_obs: 10
data_preparation: 4.8741466999053955
writing: 0.17176461219787598
reading: 0.1686711311340332
data_fitting: 0.37828612327575684
flux_point: 4.014306545257568
