n_obs: 10
data_preparation: 3.593050241470337
writing: 0.3495447635650635
reading: 0.11018061637878418
data_fitting: 0.0909585952758789
flux_point: 1.0978832244873047
