n_obs: 10
data_preparation: 6.798071622848511
writing: 0.14425063133239746
reading: 0.15729761123657227
data_fitting: 0.11500358581542969
flux_point: 1.4386498928070068
