n_obs: 10
data_preparation: 8.669099807739258
writing: 0.20119833946228027
reading: 0.2168271541595459
data_fitting: 0.21776103973388672
flux_point: 3.1823294162750244
