n_obs: 10
data_preparation: 6.652310609817505
writing: 0.13342809677124023
reading: 0.15741276741027832
data_fitting: 0.17992711067199707
flux_point: 2.5861711502075195
