n_obs: 10
data_preparation: 5.578397274017334
writing: 0.20939207077026367
reading: 0.22639822959899902
data_fitting: 0.48029136657714844
flux_point: 4.426340341567993
