n_obs: 10
data_preparation: 3.499234437942505
writing: 0.35326552391052246
reading: 0.11846184730529785
data_fitting: 0.2303769588470459
flux_point: 1.2529025077819824
