n_obs: 10
data_preparation: 8.555252313613892
writing: 0.18254733085632324
reading: 0.20868372917175293
data_fitting: 0.23813366889953613
flux_point: 3.987501621246338
