n_obs: 10
data_preparation: 3.531773090362549
writing: 0.11292505264282227
reading: 0.12155723571777344
data_fitting: 0.23388671875
flux_point: 1.26057767868042
