n_obs: 10
data_preparation: 8.192163705825806
writing: 0.18975830078125
reading: 0.20721173286437988
data_fitting: 0.20744061470031738
flux_point: 2.706371307373047
