n_obs: 10
data_preparation: 6.190030574798584
writing: 0.15201163291931152
reading: 0.17289257049560547
data_fitting: 0.17076325416564941
flux_point: 1.9978735446929932
