n_obs: 10
data_preparation: 3.3558294773101807
writing: 0.10694742202758789
reading: 0.11913347244262695
data_fitting: 0.22509026527404785
flux_point: 1.2244441509246826
