n_obs: 10
data_preparation: 3.4622080326080322
writing: 0.2541999816894531
reading: 0.20325040817260742
data_fitting: 1.3567373752593994
flux_point: 3.523221254348755
