n_obs: 10
data_preparation: 6.001378774642944
writing: 0.1524038314819336
reading: 0.1715226173400879
data_fitting: 0.16294217109680176
flux_point: 1.9119575023651123
