n_obs: 10
data_preparation: 4.512531518936157
writing: 0.24743151664733887
reading: 0.12877678871154785
data_fitting: 0.09066200256347656
flux_point: 1.1199378967285156
