n_obs: 10
data_preparation: 7.15401029586792
writing: 0.14701509475708008
reading: 0.16580414772033691
data_fitting: 0.11890268325805664
flux_point: 1.5094895362854004
