n_obs: 10
data_preparation: 3.3100249767303467
writing: 0.10520672798156738
reading: 0.11775016784667969
data_fitting: 0.21929359436035156
flux_point: 1.1807990074157715
