n_obs: 10
data_preparation: 6.5392279624938965
writing: 0.1347503662109375
reading: 0.15953493118286133
data_fitting: 0.1749117374420166
flux_point: 2.528921127319336
