n_obs: 10
data_preparation: 5.670931339263916
writing: 0.1436922550201416
reading: 0.14852499961853027
data_fitting: 0.13759350776672363
flux_point: 1.743729829788208
