n_obs: 10
data_preparation: 8.417212724685669
writing: 0.19408082962036133
reading: 0.19919466972351074
data_fitting: 0.2682216167449951
flux_point: 7.841047525405884
