n_obs: 10
data_preparation: 5.281229734420776
writing: 0.11807847023010254
reading: 0.1385509967803955
data_fitting: 0.14345693588256836
flux_point: 2.2860493659973145
