n_obs: 10
data_preparation: 3.6034460067749023
writing: 0.3737967014312744
reading: 0.11470794677734375
data_fitting: 0.09813928604125977
flux_point: 1.100935935974121
