n_obs: 10
data_preparation: 7.788469076156616
writing: 0.17285656929016113
reading: 0.17693161964416504
data_fitting: 0.37607598304748535
flux_point: 16.91183638572693
