n_obs: 10
data_preparation: 13.109154462814331
writing: 0.2130143642425537
reading: 0.24432826042175293
data_fitting: 0.28000426292419434
flux_point: 4.555245399475098
