n_obs: 10
data_preparation: 3.7945268154144287
writing: 0.27417635917663574
reading: 0.22389841079711914
data_fitting: 1.5269708633422852
flux_point: 3.781316041946411
