n_obs: 10
data_preparation: 8.001097917556763
writing: 0.21065998077392578
reading: 0.2451159954071045
data_fitting: 0.25579190254211426
flux_point: 3.2225401401519775
