n_obs: 10
data_preparation: 6.098204612731934
writing: 0.15362215042114258
reading: 0.1775655746459961
data_fitting: 0.22379159927368164
flux_point: 2.220409393310547
