n_obs: 10
data_preparation: 7.17742657661438
writing: 0.1758885383605957
reading: 0.19861698150634766
data_fitting: 0.2495577335357666
flux_point: 7.111920595169067
