n_obs: 10
data_preparation: 3.7500860691070557
writing: 0.3995234966278076
reading: 0.12941932678222656
data_fitting: 0.2407240867614746
flux_point: 1.31593918800354
