n_obs: 10
data_preparation: 6.840709924697876
writing: 0.14588332176208496
reading: 0.16178131103515625
data_fitting: 0.1121206283569336
flux_point: 1.3985483646392822
