n_obs: 10
data_preparation: 3.5350587368011475
writing: 0.32622551918029785
reading: 0.1071770191192627
data_fitting: 0.09186220169067383
flux_point: 1.0984647274017334
