n_obs: 10
data_preparation: 8.84318208694458
writing: 0.14589810371398926
reading: 0.16045522689819336
data_fitting: 0.17430830001831055
flux_point: 2.4905364513397217
