n_obs: 10
data_preparation: 3.5264639854431152
writing: 0.3279545307159424
reading: 0.10861659049987793
data_fitting: 0.08475327491760254
flux_point: 0.9356050491333008
