n_obs: 10
data_preparation: 3.629261016845703
writing: 0.3448183536529541
reading: 0.11350202560424805
data_fitting: 0.08580470085144043
flux_point: 0.9702363014221191
