n_obs: 10
data_preparation: 11.042587757110596
writing: 0.19600987434387207
reading: 0.2203078269958496
data_fitting: 0.16411423683166504
flux_point: 2.1475601196289062
