n_obs: 10
data_preparation: 3.5060861110687256
writing: 0.3545114994049072
reading: 0.10888338088989258
data_fitting: 0.09044098854064941
flux_point: 1.0727133750915527
