n_obs: 10
data_preparation: 3.4040310382843018
writing: 0.3548619747161865
reading: 0.11246442794799805
data_fitting: 0.22712993621826172
flux_point: 1.2252025604248047
