n_obs: 10
data_preparation: 7.552415370941162
writing: 0.19038844108581543
reading: 0.2164163589477539
data_fitting: 0.21390271186828613
flux_point: 2.6717915534973145
