n_obs: 10
data_preparation: 4.806458950042725
writing: 0.17600345611572266
reading: 0.18436217308044434
data_fitting: 0.435283899307251
flux_point: 4.164271831512451
