n_obs: 10
data_preparation: 7.865102767944336
writing: 0.16707372665405273
reading: 0.18465638160705566
data_fitting: 0.22320795059204102
flux_point: 3.7174878120422363
