n_obs: 10
data_preparation: 3.602991819381714
writing: 0.33952784538269043
reading: 0.1140751838684082
data_fitting: 0.0867910385131836
flux_point: 0.9570167064666748
