n_obs: 10
data_preparation: 6.992777109146118
writing: 0.13770461082458496
reading: 0.15993618965148926
data_fitting: 0.18543028831481934
flux_point: 2.709442377090454
