n_obs: 10
data_preparation: 4.745003938674927
writing: 0.15542197227478027
reading: 0.16451644897460938
data_fitting: 0.3926992416381836
flux_point: 3.4749932289123535
