n_obs: 10
data_preparation: 6.3898937702178955
writing: 0.12681126594543457
reading: 0.15528178215026855
data_fitting: 0.16842913627624512
flux_point: 2.457305908203125
