n_obs: 10
data_preparation: 8.705460548400879
writing: 0.18173670768737793
reading: 0.20667624473571777
data_fitting: 0.14877963066101074
flux_point: 1.8493428230285645
