n_obs: 10
data_preparation: 4.599266290664673
writing: 0.2502713203430176
reading: 0.1341390609741211
data_fitting: 0.0927431583404541
flux_point: 1.1298623085021973
