n_obs: 10
data_preparation: 6.4692065715789795
writing: 0.162308931350708
reading: 0.19287896156311035
data_fitting: 0.4008057117462158
flux_point: 2.940232753753662
