n_obs: 10
data_preparation: 3.4925782680511475
writing: 0.33983635902404785
reading: 0.10699033737182617
data_fitting: 0.09043216705322266
flux_point: 1.0783803462982178
