n_obs: 10
data_preparation: 6.001742839813232
writing: 0.14301824569702148
reading: 0.14295601844787598
data_fitting: 0.21497845649719238
flux_point: 5.63386344909668
