n_obs: 10
data_preparation: 6.008543491363525
writing: 0.14736080169677734
reading: 0.16733527183532715
data_fitting: 0.16642212867736816
flux_point: 1.9556431770324707
