n_obs: 10
data_preparation: 8.788508176803589
writing: 0.1447000503540039
reading: 0.15897417068481445
data_fitting: 0.1738286018371582
flux_point: 2.477376699447632
