n_obs: 10
data_preparation: 4.608116388320923
writing: 0.1493222713470459
reading: 0.15484976768493652
data_fitting: 0.3586580753326416
flux_point: 3.268756151199341
