n_obs: 10
data_preparation: 3.591461420059204
writing: 0.3821883201599121
reading: 0.11125612258911133
data_fitting: 0.09401726722717285
flux_point: 1.12461519241333
