n_obs: 10
data_preparation: 4.336691856384277
writing: 0.14162087440490723
reading: 0.1481616497039795
data_fitting: 0.33196282386779785
flux_point: 3.0893189907073975
