n_obs: 10
data_preparation: 4.513355731964111
writing: 0.3220102787017822
reading: 0.13630056381225586
data_fitting: 0.09393739700317383
flux_point: 1.145540714263916
