n_obs: 10
data_preparation: 3.340543270111084
writing: 0.22295117378234863
reading: 0.18243813514709473
data_fitting: 1.100905179977417
flux_point: 3.198829174041748
