n_obs: 10
data_preparation: 3.343108892440796
writing: 0.10881543159484863
reading: 0.11981558799743652
data_fitting: 0.2284839153289795
flux_point: 1.2094457149505615
