n_obs: 10
data_preparation: 3.6959457397460938
writing: 0.37903809547424316
reading: 0.11345410346984863
data_fitting: 0.09352326393127441
flux_point: 1.1270837783813477
