n_obs: 10
data_preparation: 8.122072219848633
writing: 0.17298603057861328
reading: 0.204453706741333
data_fitting: 0.23555326461791992
flux_point: 3.371283769607544
