n_obs: 10
data_preparation: 5.815981864929199
writing: 0.12612366676330566
reading: 0.08184099197387695
data_fitting: 0.06388211250305176
flux_point: 0.5578708648681641
