n_obs: 10
data_preparation: 3.5489933490753174
writing: 0.3410215377807617
reading: 0.11216998100280762
data_fitting: 0.09272027015686035
flux_point: 1.1427035331726074
