n_obs: 10
data_preparation: 5.1010825634002686
writing: 0.17551684379577637
reading: 0.18285155296325684
data_fitting: 0.4178307056427002
flux_point: 16.798449754714966
