n_obs: 10
data_preparation: 3.6481916904449463
writing: 0.3215498924255371
reading: 0.11325359344482422
data_fitting: 0.09388065338134766
flux_point: 1.1470458507537842
