n_obs: 10
data_preparation: 7.5721845626831055
writing: 0.16631245613098145
reading: 0.1708695888519287
data_fitting: 0.2322237491607666
flux_point: 6.613189220428467
