n_obs: 10
data_preparation: 6.101290941238403
writing: 0.14726948738098145
reading: 0.1689915657043457
data_fitting: 0.16762208938598633
flux_point: 1.9834377765655518
