n_obs: 10
data_preparation: 7.947320222854614
writing: 0.15791845321655273
reading: 0.18593788146972656
data_fitting: 0.2271413803100586
flux_point: 3.7849717140197754
