n_obs: 10
data_preparation: 3.5490221977233887
writing: 0.3642880916595459
reading: 0.11979484558105469
data_fitting: 0.23039793968200684
flux_point: 1.2451272010803223
