n_obs: 10
data_preparation: 7.16008186340332
writing: 0.17269182205200195
reading: 0.18220162391662598
data_fitting: 0.2638518810272217
flux_point: 7.928764343261719
