n_obs: 10
data_preparation: 5.255860090255737
writing: 0.18177509307861328
reading: 0.2002885341644287
data_fitting: 0.39727139472961426
flux_point: 4.13434910774231
