n_obs: 10
data_preparation: 5.637186288833618
writing: 0.19557452201843262
reading: 0.221083402633667
data_fitting: 0.4653487205505371
flux_point: 19.9517560005188
