n_obs: 10
data_preparation: 7.509767532348633
writing: 0.1529529094696045
reading: 0.17473244667053223
data_fitting: 0.20885992050170898
flux_point: 2.9621670246124268
