n_obs: 10
data_preparation: 3.474259376525879
writing: 0.366424560546875
reading: 0.11270260810852051
data_fitting: 0.22850298881530762
flux_point: 1.3654205799102783
