n_obs: 10
data_preparation: 3.5098824501037598
writing: 0.11018776893615723
reading: 0.1199500560760498
data_fitting: 0.23093342781066895
flux_point: 1.2504851818084717
