n_obs: 10
data_preparation: 8.120997428894043
writing: 0.1892695426940918
reading: 0.2128920555114746
data_fitting: 0.27477526664733887
flux_point: 8.569858074188232
