n_obs: 10
data_preparation: 3.3644630908966064
writing: 0.24088311195373535
reading: 0.1925351619720459
data_fitting: 1.370527744293213
flux_point: 3.465116024017334
