n_obs: 10
data_preparation: 3.5566322803497314
writing: 0.33223891258239746
reading: 0.10872626304626465
data_fitting: 0.0901479721069336
flux_point: 1.104006290435791
