n_obs: 10
data_preparation: 3.5366508960723877
writing: 0.32334256172180176
reading: 0.10840582847595215
data_fitting: 0.08571076393127441
flux_point: 0.9479877948760986
