n_obs: 10
data_preparation: 3.561159372329712
writing: 0.10996341705322266
reading: 0.12235856056213379
data_fitting: 0.23069095611572266
flux_point: 1.2661662101745605
