n_obs: 10
data_preparation: 9.029549598693848
writing: 0.1880342960357666
reading: 0.2160508632659912
data_fitting: 0.27309584617614746
flux_point: 4.485527992248535
