n_obs: 10
data_preparation: 5.42977499961853
writing: 0.1323404312133789
reading: 0.14098262786865234
data_fitting: 0.1706218719482422
flux_point: 5.211512327194214
