n_obs: 10
data_preparation: 3.502856969833374
writing: 0.3544957637786865
reading: 0.11765265464782715
data_fitting: 0.22847795486450195
flux_point: 1.2342615127563477
