n_obs: 10
data_preparation: 3.903743028640747
writing: 0.3257873058319092
reading: 0.11551165580749512
data_fitting: 0.09526443481445312
flux_point: 1.0967254638671875
