n_obs: 10
data_preparation: 3.388312816619873
writing: 0.10876059532165527
reading: 0.12256503105163574
data_fitting: 0.2913646697998047
flux_point: 1.2836296558380127
