n_obs: 10
data_preparation: 3.8646836280822754
writing: 0.32362866401672363
reading: 0.11499977111816406
data_fitting: 0.09182333946228027
flux_point: 1.0846896171569824
