n_obs: 10
data_preparation: 6.680123805999756
writing: 0.17639851570129395
reading: 0.17238116264343262
data_fitting: 0.16979479789733887
flux_point: 2.22782301902771
