n_obs: 10
data_preparation: 3.533038854598999
writing: 0.3832416534423828
reading: 0.11134123802185059
data_fitting: 0.09230589866638184
flux_point: 1.0959947109222412
