n_obs: 10
data_preparation: 3.4550721645355225
writing: 0.10906147956848145
reading: 0.12146377563476562
data_fitting: 0.22881340980529785
flux_point: 1.2452964782714844
