n_obs: 10
data_preparation: 6.827924966812134
writing: 0.17188453674316406
reading: 0.20437169075012207
data_fitting: 0.19738507270812988
flux_point: 2.2658374309539795
