n_obs: 10
data_preparation: 7.140673398971558
writing: 0.14021539688110352
reading: 0.16628503799438477
data_fitting: 0.19617843627929688
flux_point: 2.822314500808716
