n_obs: 10
data_preparation: 3.538525104522705
writing: 0.3646383285522461
reading: 0.12127137184143066
data_fitting: 0.23572659492492676
flux_point: 1.2668945789337158
