n_obs: 10
data_preparation: 3.5925276279449463
writing: 0.32949113845825195
reading: 0.11215829849243164
data_fitting: 0.0919349193572998
flux_point: 1.1170892715454102
