n_obs: 10
data_preparation: 3.8495912551879883
writing: 0.3469054698944092
reading: 0.11584663391113281
data_fitting: 0.0922393798828125
flux_point: 1.0898239612579346
