n_obs: 10
data_preparation: 3.4189937114715576
writing: 0.0996849536895752
reading: 0.12229704856872559
data_fitting: 0.28023672103881836
flux_point: 1.2016193866729736
