n_obs: 10
data_preparation: 3.4649906158447266
writing: 0.3535432815551758
reading: 0.11321496963500977
data_fitting: 0.2335221767425537
flux_point: 1.260927438735962
