n_obs: 10
data_preparation: 6.896341323852539
writing: 0.17983460426330566
reading: 0.21554899215698242
data_fitting: 0.5251414775848389
flux_point: 3.5664079189300537
