n_obs: 10
data_preparation: 3.543621778488159
writing: 0.28212499618530273
reading: 0.203141450881958
data_fitting: 1.4181544780731201
flux_point: 3.6235179901123047
