n_obs: 10
data_preparation: 3.529900312423706
writing: 0.34740257263183594
reading: 0.10926246643066406
data_fitting: 0.09204816818237305
flux_point: 1.0928783416748047
