n_obs: 10
data_preparation: 5.316302299499512
writing: 0.13867592811584473
reading: 0.15663981437683105
data_fitting: 0.44678306579589844
flux_point: 3.0026981830596924
