n_obs: 10
data_preparation: 8.036028385162354
writing: 0.16249465942382812
reading: 0.19031357765197754
data_fitting: 0.2122509479522705
flux_point: 3.040865659713745
