n_obs: 10
data_preparation: 3.6033132076263428
writing: 0.34980225563049316
reading: 0.11635684967041016
data_fitting: 0.0925438404083252
flux_point: 1.1416804790496826
