n_obs: 10
data_preparation: 8.574338912963867
writing: 0.14429306983947754
reading: 0.16326045989990234
data_fitting: 0.11104750633239746
flux_point: 1.3755621910095215
