n_obs: 10
data_preparation: 4.177846193313599
writing: 0.2458653450012207
reading: 0.1291971206665039
data_fitting: 0.09063482284545898
flux_point: 1.0764203071594238
