n_obs: 10
data_preparation: 3.8050496578216553
writing: 0.31743550300598145
reading: 0.11479043960571289
data_fitting: 0.08940577507019043
flux_point: 1.064620018005371
