n_obs: 10
data_preparation: 3.5768966674804688
writing: 0.36077380180358887
reading: 0.11118435859680176
data_fitting: 0.09215712547302246
flux_point: 1.1141047477722168
