n_obs: 10
data_preparation: 5.926904678344727
writing: 0.1492326259613037
reading: 0.1550908088684082
data_fitting: 0.12845730781555176
flux_point: 1.7147390842437744
