n_obs: 10
data_preparation: 8.732524156570435
writing: 0.1581251621246338
reading: 0.17888975143432617
data_fitting: 0.11780047416687012
flux_point: 1.4068641662597656
