n_obs: 10
data_preparation: 3.206037759780884
writing: 0.09113955497741699
reading: 0.11019515991210938
data_fitting: 0.2555973529815674
flux_point: 1.2361984252929688
