n_obs: 10
data_preparation: 7.8910558223724365
writing: 0.16149139404296875
reading: 0.18700551986694336
data_fitting: 0.2123250961303711
flux_point: 3.0452277660369873
