n_obs: 10
data_preparation: 9.706844091415405
writing: 0.16643381118774414
reading: 0.18848586082458496
data_fitting: 0.1347651481628418
flux_point: 1.6355669498443604
