n_obs: 10
data_preparation: 7.057331085205078
writing: 0.17591428756713867
reading: 0.19846034049987793
data_fitting: 0.18932032585144043
flux_point: 2.2966859340667725
