n_obs: 10
data_preparation: 3.4372217655181885
writing: 0.10698437690734863
reading: 0.1186528205871582
data_fitting: 0.23006606101989746
flux_point: 1.2335054874420166
