n_obs: 10
data_preparation: 8.256292819976807
writing: 0.1424703598022461
reading: 0.15574026107788086
data_fitting: 0.11506247520446777
flux_point: 1.4378135204315186
