n_obs: 10
data_preparation: 6.064450740814209
writing: 0.16124367713928223
reading: 0.16747760772705078
data_fitting: 0.18712735176086426
flux_point: 2.3351173400878906
