n_obs: 10
data_preparation: 4.543051481246948
writing: 0.3254551887512207
reading: 0.1359553337097168
data_fitting: 0.09441065788269043
flux_point: 1.1399955749511719
