n_obs: 10
data_preparation: 7.266139268875122
writing: 0.18258023262023926
reading: 0.2070174217224121
data_fitting: 0.20062994956970215
flux_point: 2.4205715656280518
