n_obs: 10
data_preparation: 3.4979255199432373
writing: 0.3254091739654541
reading: 0.10974502563476562
data_fitting: 0.08916187286376953
flux_point: 1.0896434783935547
