n_obs: 10
data_preparation: 6.2026686668396
writing: 0.17171883583068848
reading: 0.17862296104431152
data_fitting: 0.12985539436340332
flux_point: 1.7454874515533447
