n_obs: 10
data_preparation: 6.00770378112793
writing: 0.15079522132873535
reading: 0.17455196380615234
data_fitting: 0.16489505767822266
flux_point: 1.9947428703308105
