n_obs: 10
data_preparation: 3.5913097858428955
writing: 0.37158751487731934
reading: 0.11137890815734863
data_fitting: 0.09347391128540039
flux_point: 1.115859031677246
