n_obs: 10
data_preparation: 3.7557263374328613
writing: 0.357987642288208
reading: 0.11611247062683105
data_fitting: 0.09289932250976562
flux_point: 1.1327331066131592
