n_obs: 10
data_preparation: 3.466160535812378
writing: 0.35044097900390625
reading: 0.11941123008728027
data_fitting: 0.23064947128295898
flux_point: 1.2396643161773682
