n_obs: 10
data_preparation: 6.797422885894775
writing: 0.1587843894958496
reading: 0.17800498008728027
data_fitting: 0.23715710639953613
flux_point: 6.508503437042236
