n_obs: 10
data_preparation: 8.830596446990967
writing: 0.14651274681091309
reading: 0.1613295078277588
data_fitting: 0.17469501495361328
flux_point: 2.5024938583374023
