n_obs: 10
data_preparation: 3.827942132949829
writing: 0.31934237480163574
reading: 0.11443018913269043
data_fitting: 0.09381437301635742
flux_point: 1.0772929191589355
