n_obs: 10
data_preparation: 5.344871759414673
writing: 0.1345348358154297
reading: 0.15623831748962402
data_fitting: 0.20339465141296387
flux_point: 1.8397881984710693
