n_obs: 10
data_preparation: 8.300296306610107
writing: 0.1410844326019287
reading: 0.15779852867126465
data_fitting: 0.1158444881439209
flux_point: 1.3917045593261719
