n_obs: 10
data_preparation: 3.4960105419158936
writing: 0.3600730895996094
reading: 0.11707496643066406
data_fitting: 0.23518037796020508
flux_point: 1.2764675617218018
