n_obs: 10
data_preparation: 3.555016040802002
writing: 0.36699986457824707
reading: 0.12042450904846191
data_fitting: 0.23593807220458984
flux_point: 1.3071527481079102
