n_obs: 10
data_preparation: 5.1072070598602295
writing: 0.17993974685668945
reading: 0.18227696418762207
data_fitting: 0.36304545402526855
flux_point: 3.792113780975342
