n_obs: 10
data_preparation: 3.4782328605651855
writing: 0.11165499687194824
reading: 0.12317657470703125
data_fitting: 0.23290085792541504
flux_point: 1.2612948417663574
