n_obs: 10
data_preparation: 7.652538776397705
writing: 0.16398978233337402
reading: 0.20102286338806152
data_fitting: 0.20404529571533203
flux_point: 3.104393482208252
