n_obs: 10
data_preparation: 3.392775774002075
writing: 0.10642385482788086
reading: 0.12000608444213867
data_fitting: 0.22567963600158691
flux_point: 1.224931240081787
