n_obs: 10
data_preparation: 4.401573419570923
writing: 0.30756664276123047
reading: 0.1287517547607422
data_fitting: 0.09290218353271484
flux_point: 1.1204617023468018
