n_obs: 10
data_preparation: 6.614833116531372
writing: 0.16725683212280273
reading: 0.1675095558166504
data_fitting: 0.15379905700683594
flux_point: 2.0078608989715576
