n_obs: 10
data_preparation: 3.4082369804382324
writing: 0.10865283012390137
reading: 0.12036657333374023
data_fitting: 0.23176836967468262
flux_point: 1.2313737869262695
