n_obs: 10
data_preparation: 3.5705366134643555
writing: 0.11479926109313965
reading: 0.12493228912353516
data_fitting: 0.23064517974853516
flux_point: 1.260669469833374
