n_obs: 10
data_preparation: 3.3476035594940186
writing: 0.10708975791931152
reading: 0.12018966674804688
data_fitting: 0.22202444076538086
flux_point: 1.2214884757995605
