n_obs: 10
data_preparation: 5.048227787017822
writing: 0.17364287376403809
reading: 0.1804807186126709
data_fitting: 0.40931272506713867
flux_point: 3.7398810386657715
