n_obs: 10
data_preparation: 6.329815626144409
writing: 0.16219377517700195
reading: 0.1679823398590088
data_fitting: 0.16869211196899414
flux_point: 1.988802194595337
