n_obs: 10
data_preparation: 3.6163387298583984
writing: 0.3708231449127197
reading: 0.1141810417175293
data_fitting: 0.09785890579223633
flux_point: 1.2801833152770996
