n_obs: 10
data_preparation: 6.5315821170806885
writing: 0.13216686248779297
reading: 0.15462827682495117
data_fitting: 0.17471003532409668
flux_point: 2.6993846893310547
