n_obs: 10
data_preparation: 3.320460557937622
writing: 0.10485553741455078
reading: 0.11877679824829102
data_fitting: 0.2884087562561035
flux_point: 1.2454030513763428
