n_obs: 10
data_preparation: 7.12160062789917
writing: 0.1698002815246582
reading: 0.18790292739868164
data_fitting: 0.19188618659973145
flux_point: 2.210026979446411
