n_obs: 10
data_preparation: 6.284538269042969
writing: 0.13434934616088867
reading: 0.15273213386535645
data_fitting: 0.17391419410705566
flux_point: 2.4711368083953857
