n_obs: 10
data_preparation: 6.645839214324951
writing: 0.1322331428527832
reading: 0.15597867965698242
data_fitting: 0.18064355850219727
flux_point: 2.6275181770324707
