n_obs: 10
data_preparation: 5.942131996154785
writing: 0.15210342407226562
reading: 0.17006182670593262
data_fitting: 0.16422319412231445
flux_point: 1.9955577850341797
