n_obs: 10
data_preparation: 3.5455565452575684
writing: 0.3973255157470703
reading: 0.1190483570098877
data_fitting: 0.23372387886047363
flux_point: 1.2639682292938232
