n_obs: 10
data_preparation: 4.489973306655884
writing: 0.3074214458465576
reading: 0.12877702713012695
data_fitting: 0.0925607681274414
flux_point: 1.1312642097473145
