n_obs: 10
data_preparation: 6.795132637023926
writing: 0.1603090763092041
reading: 0.16753196716308594
data_fitting: 0.19912171363830566
flux_point: 6.219195365905762
