n_obs: 10
data_preparation: 8.326812028884888
writing: 0.14295101165771484
reading: 0.1546628475189209
data_fitting: 0.10851907730102539
flux_point: 1.3678319454193115
