n_obs: 10
data_preparation: 3.5986855030059814
writing: 0.31264352798461914
reading: 0.11228775978088379
data_fitting: 0.09343981742858887
flux_point: 1.147017240524292
