n_obs: 10
data_preparation: 6.081679821014404
writing: 0.1509084701538086
reading: 0.1696155071258545
data_fitting: 0.1649796962738037
flux_point: 1.949617862701416
