n_obs: 10
data_preparation: 3.561640501022339
writing: 0.3590977191925049
reading: 0.11901974678039551
data_fitting: 0.23302912712097168
flux_point: 1.2628788948059082
