n_obs: 10
data_preparation: 6.859381914138794
writing: 0.17666006088256836
reading: 0.20197224617004395
data_fitting: 0.2607998847961426
flux_point: 2.4842162132263184
