n_obs: 10
data_preparation: 6.11206316947937
writing: 0.15190911293029785
reading: 0.17779874801635742
data_fitting: 0.3833491802215576
flux_point: 2.7810184955596924
