n_obs: 10
data_preparation: 3.3124406337738037
writing: 0.10248851776123047
reading: 0.11481189727783203
data_fitting: 0.2263200283050537
flux_point: 1.199552059173584
