n_obs: 10
data_preparation: 4.408670902252197
writing: 0.3055264949798584
reading: 0.12816214561462402
data_fitting: 0.09283208847045898
flux_point: 1.125617265701294
