n_obs: 10
data_preparation: 3.5278608798980713
writing: 0.33112001419067383
reading: 0.11015510559082031
data_fitting: 0.09154844284057617
flux_point: 1.117600917816162
