n_obs: 10
data_preparation: 6.685242652893066
writing: 0.13295745849609375
reading: 0.16074514389038086
data_fitting: 0.1852741241455078
flux_point: 2.6343867778778076
