n_obs: 10
data_preparation: 3.5152695178985596
writing: 0.316478967666626
reading: 0.1063849925994873
data_fitting: 0.09211540222167969
flux_point: 1.0915522575378418
