n_obs: 10
data_preparation: 6.653876304626465
writing: 0.15451502799987793
reading: 0.16685009002685547
data_fitting: 0.20561623573303223
flux_point: 6.293691635131836
