n_obs: 10
data_preparation: 6.402361631393433
writing: 0.15416765213012695
reading: 0.18210959434509277
data_fitting: 0.17215585708618164
flux_point: 2.014784097671509
