n_obs: 10
data_preparation: 6.398151874542236
writing: 0.13391399383544922
reading: 0.1531848907470703
data_fitting: 0.16836047172546387
flux_point: 2.6086034774780273
