n_obs: 10
data_preparation: 6.461684703826904
writing: 0.13294720649719238
reading: 0.15360403060913086
data_fitting: 0.17271661758422852
flux_point: 2.493165969848633
