n_obs: 10
data_preparation: 3.5745601654052734
writing: 0.32419300079345703
reading: 0.11106753349304199
data_fitting: 0.09133315086364746
flux_point: 1.117197036743164
