n_obs: 10
data_preparation: 3.6241235733032227
writing: 0.3336648941040039
reading: 0.11360502243041992
data_fitting: 0.09262847900390625
flux_point: 1.128399133682251
