n_obs: 10
data_preparation: 7.28002405166626
writing: 0.17864632606506348
reading: 0.2016162872314453
data_fitting: 0.19838309288024902
flux_point: 2.3315391540527344
