n_obs: 10
data_preparation: 3.5551390647888184
writing: 0.33396029472351074
reading: 0.11159062385559082
data_fitting: 0.0922861099243164
flux_point: 1.1057095527648926
