n_obs: 10
data_preparation: 6.498780012130737
writing: 0.13508176803588867
reading: 0.15370678901672363
data_fitting: 0.17468881607055664
flux_point: 2.705183744430542
