n_obs: 10
data_preparation: 3.5164246559143066
writing: 0.31966662406921387
reading: 0.10811853408813477
data_fitting: 0.08953213691711426
flux_point: 1.1144139766693115
