n_obs: 10
data_preparation: 7.976580381393433
writing: 0.17056655883789062
reading: 0.19365215301513672
data_fitting: 0.2001206874847412
flux_point: 2.5299184322357178
