n_obs: 10
data_preparation: 3.26414155960083
writing: 0.09945201873779297
reading: 0.11664247512817383
data_fitting: 0.2048933506011963
flux_point: 1.248159646987915
