n_obs: 10
data_preparation: 3.550100326538086
writing: 0.32888054847717285
reading: 0.11135697364807129
data_fitting: 0.09271597862243652
flux_point: 1.1223740577697754
