n_obs: 10
data_preparation: 6.809683322906494
writing: 0.1440134048461914
reading: 0.16145944595336914
data_fitting: 0.11096811294555664
flux_point: 1.3899238109588623
