n_obs: 10
data_preparation: 5.63020920753479
writing: 0.2175273895263672
reading: 0.20418357849121094
data_fitting: 0.46948766708374023
flux_point: 4.274200916290283
