n_obs: 10
data_preparation: 7.229298114776611
writing: 0.1852865219116211
reading: 0.20622587203979492
data_fitting: 0.19633793830871582
flux_point: 2.315854072570801
