n_obs: 10
data_preparation: 9.154947519302368
writing: 0.1889340877532959
reading: 0.22808170318603516
data_fitting: 0.25333070755004883
flux_point: 4.169058799743652
