n_obs: 10
data_preparation: 7.035096168518066
writing: 0.17620062828063965
reading: 0.19997072219848633
data_fitting: 0.19299054145812988
flux_point: 2.3396763801574707
