n_obs: 10
data_preparation: 9.323100328445435
writing: 0.18852710723876953
reading: 0.21729397773742676
data_fitting: 0.18463730812072754
flux_point: 2.157493829727173
