n_obs: 10
data_preparation: 6.58431339263916
writing: 0.13185763359069824
reading: 0.154449462890625
data_fitting: 0.17751359939575195
flux_point: 2.539854049682617
