n_obs: 10
data_preparation: 6.187068223953247
writing: 0.15688323974609375
reading: 0.1575770378112793
data_fitting: 0.12740373611450195
flux_point: 1.6777050495147705
