n_obs: 10
data_preparation: 3.487769842147827
writing: 0.3121376037597656
reading: 0.11005735397338867
data_fitting: 0.09058046340942383
flux_point: 1.1005008220672607
