n_obs: 10
data_preparation: 5.5948100090026855
writing: 0.1754906177520752
reading: 0.18285083770751953
data_fitting: 0.7322871685028076
flux_point: 7.043412923812866
