n_obs: 10
data_preparation: 3.432462453842163
writing: 0.10673666000366211
reading: 0.11876440048217773
data_fitting: 0.22445416450500488
flux_point: 1.2225749492645264
