n_obs: 10
data_preparation: 4.385279178619385
writing: 0.3061652183532715
reading: 0.12767863273620605
data_fitting: 0.09089303016662598
flux_point: 1.1077892780303955
