n_obs: 10
data_preparation: 8.630776405334473
writing: 0.22381353378295898
reading: 0.2565634250640869
data_fitting: 0.2608652114868164
flux_point: 3.1643903255462646
