n_obs: 10
data_preparation: 3.4708616733551025
writing: 0.313248872756958
reading: 0.10840916633605957
data_fitting: 0.08730077743530273
flux_point: 1.0945539474487305
