n_obs: 10
data_preparation: 8.149604797363281
writing: 0.18824195861816406
reading: 0.215423583984375
data_fitting: 0.2709958553314209
flux_point: 4.315505743026733
