n_obs: 10
data_preparation: 8.969020128250122
writing: 0.20242857933044434
reading: 0.21686172485351562
data_fitting: 0.2522737979888916
flux_point: 4.145127296447754
