n_obs: 10
data_preparation: 10.127082586288452
writing: 0.22080302238464355
reading: 0.24146771430969238
data_fitting: 0.3137824535369873
flux_point: 5.092253684997559
