n_obs: 10
data_preparation: 3.191718339920044
writing: 0.23437285423278809
reading: 0.18718528747558594
data_fitting: 1.2653746604919434
flux_point: 3.331855058670044
