n_obs: 10
data_preparation: 3.5321290493011475
writing: 0.3722686767578125
reading: 0.1157066822052002
data_fitting: 0.23140764236450195
flux_point: 1.2799720764160156
