n_obs: 10
data_preparation: 6.590153932571411
writing: 0.1338040828704834
reading: 0.15432310104370117
data_fitting: 0.18592500686645508
flux_point: 2.6044981479644775
