n_obs: 10
data_preparation: 7.470394134521484
writing: 0.1851191520690918
reading: 0.2172529697418213
data_fitting: 0.3095402717590332
flux_point: 2.981102466583252
