n_obs: 10
data_preparation: 8.993346452713013
writing: 0.19111275672912598
reading: 0.2177872657775879
data_fitting: 0.1752488613128662
flux_point: 2.141002655029297
