n_obs: 10
data_preparation: 3.633873224258423
writing: 0.34271836280822754
reading: 0.11046385765075684
data_fitting: 0.08683037757873535
flux_point: 0.9694473743438721
