n_obs: 10
data_preparation: 8.299346923828125
writing: 0.17389416694641113
reading: 0.20635271072387695
data_fitting: 0.22023844718933105
flux_point: 3.231205940246582
