n_obs: 10
data_preparation: 4.530570983886719
writing: 0.24968647956848145
reading: 0.1302947998046875
data_fitting: 0.0918283462524414
flux_point: 1.1346485614776611
