n_obs: 10
data_preparation: 4.270904302597046
writing: 0.14759087562561035
reading: 0.15271353721618652
data_fitting: 0.3471555709838867
flux_point: 3.038065195083618
