n_obs: 10
data_preparation: 7.415961980819702
writing: 0.18874049186706543
reading: 0.21558332443237305
data_fitting: 1.8428699970245361
flux_point: 20.035242557525635
