n_obs: 10
data_preparation: 4.46875786781311
writing: 0.15233111381530762
reading: 0.1611480712890625
data_fitting: 0.3776707649230957
flux_point: 14.756718397140503
