n_obs: 10
data_preparation: 4.001985549926758
writing: 0.3534562587738037
reading: 0.12362313270568848
data_fitting: 0.09524321556091309
flux_point: 1.148041009902954
