n_obs: 10
data_preparation: 6.162557601928711
writing: 0.13120698928833008
reading: 0.15289044380187988
data_fitting: 0.15274667739868164
flux_point: 2.019536256790161
