n_obs: 10
data_preparation: 3.574763536453247
writing: 0.3204188346862793
reading: 0.11094951629638672
data_fitting: 0.09321331977844238
flux_point: 1.140620470046997
