n_obs: 10
data_preparation: 6.9464123249053955
writing: 0.14612817764282227
reading: 0.16416597366333008
data_fitting: 0.11898159980773926
flux_point: 1.4870223999023438
