n_obs: 10
data_preparation: 3.306563138961792
writing: 0.10603046417236328
reading: 0.11731815338134766
data_fitting: 0.22293829917907715
flux_point: 1.1939115524291992
