n_obs: 10
data_preparation: 6.684511423110962
writing: 0.135239839553833
reading: 0.15519380569458008
data_fitting: 0.1777949333190918
flux_point: 2.5637526512145996
