n_obs: 10
data_preparation: 4.4044084548950195
writing: 0.3082287311553955
reading: 0.1276695728302002
data_fitting: 0.09110498428344727
flux_point: 1.1118521690368652
