n_obs: 10
data_preparation: 3.2902393341064453
writing: 0.22543001174926758
reading: 0.18091344833374023
data_fitting: 1.0852420330047607
flux_point: 3.191927909851074
