n_obs: 10
data_preparation: 6.8728415966033936
writing: 0.1502211093902588
reading: 0.17134499549865723
data_fitting: 0.1721973419189453
flux_point: 2.089510202407837
