n_obs: 10
data_preparation: 9.387993574142456
writing: 0.1938648223876953
reading: 0.23133277893066406
data_fitting: 0.2709975242614746
flux_point: 4.504127502441406
