n_obs: 10
data_preparation: 8.764620780944824
writing: 0.16922545433044434
reading: 0.20779800415039062
data_fitting: 0.2709197998046875
flux_point: 4.460463762283325
