n_obs: 10
data_preparation: 6.973475933074951
writing: 0.1438767910003662
reading: 0.16196298599243164
data_fitting: 0.11125826835632324
flux_point: 1.4019718170166016
