n_obs: 10
data_preparation: 3.645416498184204
writing: 0.33523130416870117
reading: 0.11494088172912598
data_fitting: 0.09209513664245605
flux_point: 1.1149897575378418
