n_obs: 10
data_preparation: 7.948892831802368
writing: 0.19237565994262695
reading: 0.20589423179626465
data_fitting: 0.25530505180358887
flux_point: 8.177127122879028
