n_obs: 10
data_preparation: 3.4836645126342773
writing: 0.10866498947143555
reading: 0.12072920799255371
data_fitting: 0.23331236839294434
flux_point: 1.246581792831421
