n_obs: 10
data_preparation: 6.737473249435425
writing: 0.13393068313598633
reading: 0.15671062469482422
data_fitting: 0.17332911491394043
flux_point: 2.4701638221740723
