n_obs: 10
data_preparation: 9.563818454742432
writing: 0.192518949508667
reading: 0.23286128044128418
data_fitting: 0.16308188438415527
flux_point: 1.9525961875915527
