n_obs: 10
data_preparation: 3.6056365966796875
writing: 0.3592245578765869
reading: 0.11362123489379883
data_fitting: 0.09760212898254395
flux_point: 1.274644374847412
