n_obs: 10
data_preparation: 4.4467246532440186
writing: 0.3118302822113037
reading: 0.12809419631958008
data_fitting: 0.0924222469329834
flux_point: 1.1112167835235596
