n_obs: 10
data_preparation: 3.6443309783935547
writing: 0.38764142990112305
reading: 0.12031006813049316
data_fitting: 0.23385405540466309
flux_point: 1.2858099937438965
