n_obs: 10
data_preparation: 7.90548849105835
writing: 0.15503430366516113
reading: 0.18545794486999512
data_fitting: 0.20890307426452637
flux_point: 3.0241339206695557
