n_obs: 10
data_preparation: 3.579509735107422
writing: 0.3917539119720459
reading: 0.11581563949584961
data_fitting: 0.23565936088562012
flux_point: 1.287245273590088
