n_obs: 10
data_preparation: 8.793702363967896
writing: 0.16936135292053223
reading: 0.20490264892578125
data_fitting: 0.26709413528442383
flux_point: 4.38281512260437
