n_obs: 10
data_preparation: 6.602288246154785
writing: 0.13462495803833008
reading: 0.15673279762268066
data_fitting: 0.17888545989990234
flux_point: 2.577171564102173
