n_obs: 10
data_preparation: 4.50324010848999
writing: 0.24205684661865234
reading: 0.1296844482421875
data_fitting: 0.09324049949645996
flux_point: 1.1427855491638184
