n_obs: 10
data_preparation: 7.225332736968994
writing: 0.17049455642700195
reading: 0.1783127784729004
data_fitting: 0.2182159423828125
flux_point: 6.724860668182373
