n_obs: 10
data_preparation: 7.032863616943359
writing: 0.17089295387268066
reading: 0.17081356048583984
data_fitting: 0.16819477081298828
flux_point: 2.1994502544403076
