n_obs: 10
data_preparation: 7.261957168579102
writing: 0.1771399974822998
reading: 0.1984853744506836
data_fitting: 0.19710159301757812
flux_point: 2.320260524749756
