n_obs: 10
data_preparation: 3.5146677494049072
writing: 0.32092738151550293
reading: 0.10888123512268066
data_fitting: 0.08960556983947754
flux_point: 1.0805306434631348
