n_obs: 10
data_preparation: 7.043262958526611
writing: 0.17064952850341797
reading: 0.18233013153076172
data_fitting: 0.22025322914123535
flux_point: 6.793581008911133
