n_obs: 10
data_preparation: 3.3395588397979736
writing: 0.10619521141052246
reading: 0.11878609657287598
data_fitting: 0.22373747825622559
flux_point: 1.2008485794067383
