n_obs: 10
data_preparation: 3.4957077503204346
writing: 0.3258211612701416
reading: 0.10859537124633789
data_fitting: 0.08574175834655762
flux_point: 0.9349532127380371
