n_obs: 10
data_preparation: 8.45037579536438
writing: 0.1440434455871582
reading: 0.15946197509765625
data_fitting: 0.11570191383361816
flux_point: 1.4199309349060059
