n_obs: 10
data_preparation: 4.578697919845581
writing: 0.24437427520751953
reading: 0.13237404823303223
data_fitting: 0.09337854385375977
flux_point: 1.1579349040985107
