n_obs: 10
data_preparation: 7.593292951583862
writing: 0.15430378913879395
reading: 0.17601251602172852
data_fitting: 0.20159006118774414
flux_point: 3.123817205429077
