n_obs: 10
data_preparation: 3.4539544582366943
writing: 0.10901784896850586
reading: 0.12281632423400879
data_fitting: 0.22674775123596191
flux_point: 1.2228662967681885
