n_obs: 10
data_preparation: 3.3784828186035156
writing: 0.10591602325439453
reading: 0.11698555946350098
data_fitting: 0.2239391803741455
flux_point: 1.2071092128753662
