n_obs: 10
data_preparation: 3.4943008422851562
writing: 0.27821850776672363
reading: 0.21535015106201172
data_fitting: 1.4084181785583496
flux_point: 3.566234827041626
