n_obs: 10
data_preparation: 7.615990161895752
writing: 0.17270374298095703
reading: 0.2370762825012207
data_fitting: 0.26582980155944824
flux_point: 8.195335626602173
