n_obs: 10
data_preparation: 4.202436923980713
writing: 0.24492740631103516
reading: 0.13052892684936523
data_fitting: 0.09894037246704102
flux_point: 1.1767241954803467
