n_obs: 10
data_preparation: 7.650592088699341
writing: 0.1884300708770752
reading: 0.2062392234802246
data_fitting: 0.23452329635620117
flux_point: 2.9297659397125244
