n_obs: 10
data_preparation: 8.397404670715332
writing: 0.14239954948425293
reading: 0.15765738487243652
data_fitting: 0.10920095443725586
flux_point: 1.339458703994751
