n_obs: 10
data_preparation: 6.516219854354858
writing: 0.15942096710205078
reading: 0.1872410774230957
data_fitting: 0.3946068286895752
flux_point: 2.828434467315674
