n_obs: 10
data_preparation: 6.051909685134888
writing: 0.15442967414855957
reading: 0.17571544647216797
data_fitting: 0.16594147682189941
flux_point: 2.034766435623169
