n_obs: 10
data_preparation: 7.7005674839019775
writing: 0.19469285011291504
reading: 0.22054672241210938
data_fitting: 1.925849437713623
flux_point: 20.546446561813354
