n_obs: 10
data_preparation: 3.50317120552063
writing: 0.35701632499694824
reading: 0.11591529846191406
data_fitting: 0.23613619804382324
flux_point: 1.2816746234893799
