n_obs: 10
data_preparation: 8.261113166809082
writing: 0.21741843223571777
reading: 0.2567298412322998
data_fitting: 2.0595099925994873
flux_point: 21.873908519744873
