n_obs: 10
data_preparation: 8.77626657485962
writing: 0.14460277557373047
reading: 0.16037869453430176
data_fitting: 0.17269539833068848
flux_point: 2.4639012813568115
