n_obs: 10
data_preparation: 6.301556348800659
writing: 0.16222620010375977
reading: 0.1839897632598877
data_fitting: 0.21868014335632324
flux_point: 2.095318078994751
