n_obs: 10
data_preparation: 3.640439033508301
writing: 0.3640000820159912
reading: 0.11217188835144043
data_fitting: 0.0981297492980957
flux_point: 1.2754631042480469
