n_obs: 10
data_preparation: 4.562530517578125
writing: 0.26041221618652344
reading: 0.13345003128051758
data_fitting: 0.09048700332641602
flux_point: 1.1269216537475586
