n_obs: 10
data_preparation: 3.5696330070495605
writing: 0.32836484909057617
reading: 0.11178469657897949
data_fitting: 0.0929720401763916
flux_point: 1.1279056072235107
