n_obs: 10
data_preparation: 4.4101409912109375
writing: 0.30361461639404297
reading: 0.1291353702545166
data_fitting: 0.09137463569641113
flux_point: 1.1066350936889648
