n_obs: 10
data_preparation: 7.821869373321533
writing: 0.2081592082977295
reading: 0.23046398162841797
data_fitting: 1.8524513244628906
flux_point: 20.208276748657227
