n_obs: 10
data_preparation: 3.5724072456359863
writing: 0.3293595314025879
reading: 0.11245441436767578
data_fitting: 0.09187459945678711
flux_point: 1.1303999423980713
