n_obs: 10
data_preparation: 3.610380172729492
writing: 0.33149003982543945
reading: 0.11062097549438477
data_fitting: 0.09254002571105957
flux_point: 1.1148743629455566
