n_obs: 10
data_preparation: 6.879152536392212
writing: 0.1762850284576416
reading: 0.1991899013519287
data_fitting: 0.24563312530517578
flux_point: 2.332242965698242
