n_obs: 10
data_preparation: 7.208189249038696
writing: 0.1940779685974121
reading: 0.19995927810668945
data_fitting: 0.19767522811889648
flux_point: 2.5173122882843018
