n_obs: 10
data_preparation: 3.480557441711426
writing: 0.11114931106567383
reading: 0.12179088592529297
data_fitting: 0.23056268692016602
flux_point: 1.2626333236694336
