n_obs: 10
data_preparation: 3.877164602279663
writing: 0.31916236877441406
reading: 0.11884045600891113
data_fitting: 0.09216094017028809
flux_point: 1.1091687679290771
