n_obs: 10
data_preparation: 5.318012475967407
writing: 0.1309192180633545
reading: 0.132232666015625
data_fitting: 0.12436175346374512
flux_point: 1.5948288440704346
