n_obs: 10
data_preparation: 6.6261887550354
writing: 0.1453535556793213
reading: 0.15284466743469238
data_fitting: 0.3177802562713623
flux_point: 14.313578844070435
