n_obs: 10
data_preparation: 6.038137912750244
writing: 0.15012812614440918
reading: 0.15857267379760742
data_fitting: 0.18844294548034668
flux_point: 5.7718987464904785
