n_obs: 10
data_preparation: 5.9614856243133545
writing: 0.147597074508667
reading: 0.16743731498718262
data_fitting: 0.16485214233398438
flux_point: 1.935298204421997
