n_obs: 10
data_preparation: 3.340123414993286
writing: 0.10066795349121094
reading: 0.11203289031982422
data_fitting: 0.2087411880493164
flux_point: 1.274320125579834
