n_obs: 10
data_preparation: 8.309190511703491
writing: 0.13755416870117188
reading: 0.15254974365234375
data_fitting: 0.11477994918823242
flux_point: 1.4093706607818604
