n_obs: 10
data_preparation: 3.560746669769287
writing: 0.33873629570007324
reading: 0.10881328582763672
data_fitting: 0.08533620834350586
flux_point: 0.941197395324707
