n_obs: 10
data_preparation: 2.5081734657287598
writing: 0.17023038864135742
reading: 0.1429603099822998
data_fitting: 0.8429734706878662
flux_point: 2.4519007205963135
