n_obs: 10
data_preparation: 4.274774789810181
writing: 0.257274866104126
reading: 0.13489365577697754
data_fitting: 0.10072731971740723
flux_point: 1.2082581520080566
