n_obs: 10
data_preparation: 3.5991594791412354
writing: 0.3341066837310791
reading: 0.11297607421875
data_fitting: 0.09569644927978516
flux_point: 1.1327087879180908
