n_obs: 10
data_preparation: 3.3257975578308105
writing: 0.10517764091491699
reading: 0.12008404731750488
data_fitting: 0.22443604469299316
flux_point: 1.2108628749847412
