n_obs: 10
data_preparation: 3.4450759887695312
writing: 0.340282678604126
reading: 0.11440491676330566
data_fitting: 0.23140954971313477
flux_point: 1.2270517349243164
