n_obs: 10
data_preparation: 3.440204381942749
writing: 0.10978841781616211
reading: 0.11837124824523926
data_fitting: 0.22378110885620117
flux_point: 1.2165846824645996
