n_obs: 10
data_preparation: 5.924592971801758
writing: 0.1515822410583496
reading: 0.1696782112121582
data_fitting: 0.16525006294250488
flux_point: 1.996046543121338
