n_obs: 10
data_preparation: 12.286283731460571
writing: 0.21739578247070312
reading: 0.2539072036743164
data_fitting: 0.18426060676574707
flux_point: 2.441523313522339
