n_obs: 10
data_preparation: 3.760852336883545
writing: 0.12440896034240723
reading: 0.14055418968200684
data_fitting: 0.3189122676849365
flux_point: 12.898880958557129
