n_obs: 10
data_preparation: 5.415282487869263
writing: 0.13787102699279785
reading: 0.14757251739501953
data_fitting: 0.12764382362365723
flux_point: 1.6795659065246582
