n_obs: 10
data_preparation: 4.4948835372924805
writing: 0.3111276626586914
reading: 0.12993979454040527
data_fitting: 0.09358596801757812
flux_point: 1.133918285369873
