n_obs: 10
data_preparation: 3.584171772003174
writing: 0.3802776336669922
reading: 0.11317014694213867
data_fitting: 0.0922698974609375
flux_point: 1.1233038902282715
