n_obs: 10
data_preparation: 8.274296045303345
writing: 0.14087510108947754
reading: 0.15376591682434082
data_fitting: 0.11354541778564453
flux_point: 1.42307710647583
