n_obs: 10
data_preparation: 6.164600849151611
writing: 0.19339895248413086
reading: 0.16728782653808594
data_fitting: 0.19062447547912598
flux_point: 2.3233985900878906
