n_obs: 10
data_preparation: 3.6050782203674316
writing: 0.35825276374816895
reading: 0.12356781959533691
data_fitting: 0.23110008239746094
flux_point: 1.251962423324585
