n_obs: 10
data_preparation: 11.72724175453186
writing: 0.21998834609985352
reading: 0.2370624542236328
data_fitting: 0.18682456016540527
flux_point: 2.43656325340271
