n_obs: 10
data_preparation: 6.451032876968384
writing: 0.14110636711120605
reading: 0.15955448150634766
data_fitting: 0.1811375617980957
flux_point: 5.401117324829102
