n_obs: 10
data_preparation: 6.04179310798645
writing: 0.16284775733947754
reading: 0.1608898639678955
data_fitting: 0.15587806701660156
flux_point: 2.0659127235412598
