n_obs: 10
data_preparation: 5.390726566314697
writing: 0.1398146152496338
reading: 0.1374831199645996
data_fitting: 0.16545701026916504
flux_point: 2.111051321029663
