n_obs: 10
data_preparation: 7.838863372802734
writing: 0.15617918968200684
reading: 0.18445992469787598
data_fitting: 0.2063593864440918
flux_point: 2.9995555877685547
