n_obs: 10
data_preparation: 3.601923704147339
writing: 0.37278103828430176
reading: 0.11157488822937012
data_fitting: 0.09358930587768555
flux_point: 1.1129522323608398
