n_obs: 10
data_preparation: 3.562805414199829
writing: 0.32172322273254395
reading: 0.10943818092346191
data_fitting: 0.09080910682678223
flux_point: 1.1041157245635986
