n_obs: 10
data_preparation: 6.325667381286621
writing: 0.1655566692352295
reading: 0.1702868938446045
data_fitting: 0.17901349067687988
flux_point: 2.4263412952423096
