n_obs: 10
data_preparation: 5.391979455947876
writing: 0.13254404067993164
reading: 0.1650867462158203
data_fitting: 0.37390923500061035
flux_point: 2.5084214210510254
