n_obs: 10
data_preparation: 5.900500535964966
writing: 0.15381550788879395
reading: 0.17167973518371582
data_fitting: 1.3372077941894531
flux_point: 14.4920814037323
