n_obs: 10
data_preparation: 3.4472270011901855
writing: 0.11057686805725098
reading: 0.1202704906463623
data_fitting: 0.2299485206604004
flux_point: 1.2429594993591309
