n_obs: 10
data_preparation: 4.558951377868652
writing: 0.24633383750915527
reading: 0.1311500072479248
data_fitting: 0.09444594383239746
flux_point: 1.1573920249938965
