n_obs: 10
data_preparation: 6.658045530319214
writing: 0.13734197616577148
reading: 0.16149616241455078
data_fitting: 0.1811199188232422
flux_point: 2.6043713092803955
