n_obs: 10
data_preparation: 3.6348676681518555
writing: 0.3423025608062744
reading: 0.11083626747131348
data_fitting: 0.09268951416015625
flux_point: 1.1349480152130127
