n_obs: 10
data_preparation: 6.878924369812012
writing: 0.14787650108337402
reading: 0.16821503639221191
data_fitting: 0.16957783699035645
flux_point: 2.0506277084350586
