n_obs: 10
data_preparation: 3.5404298305511475
writing: 0.32964348793029785
reading: 0.1090695858001709
data_fitting: 0.0890955924987793
flux_point: 1.0793015956878662
