n_obs: 10
data_preparation: 6.254016160964966
writing: 0.15539932250976562
reading: 0.17675375938415527
data_fitting: 0.16679906845092773
flux_point: 1.9628851413726807
