n_obs: 10
data_preparation: 3.7514708042144775
writing: 0.3547971248626709
reading: 0.11511707305908203
data_fitting: 0.09203481674194336
flux_point: 1.125960350036621
