n_obs: 10
data_preparation: 5.86606764793396
writing: 0.15022492408752441
reading: 0.16974234580993652
data_fitting: 0.16295766830444336
flux_point: 1.9052402973175049
