n_obs: 10
data_preparation: 10.47011137008667
writing: 0.2436997890472412
reading: 0.27646684646606445
data_fitting: 0.3530595302581787
flux_point: 5.47984766960144
