n_obs: 10
data_preparation: 6.452406644821167
writing: 0.14728355407714844
reading: 0.16535305976867676
data_fitting: 0.17700982093811035
flux_point: 2.5396955013275146
