n_obs: 10
data_preparation: 3.383155584335327
writing: 0.2447359561920166
reading: 0.19578075408935547
data_fitting: 1.3494391441345215
flux_point: 3.462368965148926
