n_obs: 10
data_preparation: 4.509020566940308
writing: 0.24641013145446777
reading: 0.12846732139587402
data_fitting: 0.09058642387390137
flux_point: 1.1187214851379395
