n_obs: 10
data_preparation: 3.816195249557495
writing: 0.31865739822387695
reading: 0.11399054527282715
data_fitting: 0.09199309349060059
flux_point: 1.0832183361053467
