n_obs: 10
data_preparation: 7.615579843521118
writing: 0.20492291450500488
reading: 0.2265923023223877
data_fitting: 0.2209625244140625
flux_point: 2.768874406814575
