n_obs: 10
data_preparation: 3.546261787414551
writing: 0.3798956871032715
reading: 0.12133932113647461
data_fitting: 0.23479557037353516
flux_point: 1.2691731452941895
