n_obs: 10
data_preparation: 9.037981748580933
writing: 0.2050154209136963
reading: 0.20952439308166504
data_fitting: 0.26148509979248047
flux_point: 8.457587957382202
