n_obs: 10
data_preparation: 6.7688329219818115
writing: 0.1465609073638916
reading: 0.16892766952514648
data_fitting: 0.17052268981933594
flux_point: 2.2279767990112305
