n_obs: 10
data_preparation: 6.9976770877838135
writing: 0.17531991004943848
reading: 0.20120477676391602
data_fitting: 1.5315179824829102
flux_point: 16.00225043296814
