n_obs: 10
data_preparation: 6.80741810798645
writing: 0.17632412910461426
reading: 0.19969820976257324
data_fitting: 0.24575257301330566
flux_point: 2.3104372024536133
