n_obs: 10
data_preparation: 7.0974907875061035
writing: 0.14842772483825684
reading: 0.16808176040649414
data_fitting: 0.12389159202575684
flux_point: 1.5212512016296387
