n_obs: 10
data_preparation: 4.506527423858643
writing: 0.24336600303649902
reading: 0.1305835247039795
data_fitting: 0.0923926830291748
flux_point: 1.132976770401001
