n_obs: 10
data_preparation: 9.023699283599854
writing: 0.14932036399841309
reading: 0.16906118392944336
data_fitting: 0.1807096004486084
flux_point: 2.5655159950256348
