n_obs: 10
data_preparation: 3.487272024154663
writing: 0.2526421546936035
reading: 0.2000112533569336
data_fitting: 1.3774216175079346
flux_point: 3.514456033706665
