n_obs: 10
data_preparation: 3.265592336654663
writing: 0.2424163818359375
reading: 0.17981815338134766
data_fitting: 1.0944137573242188
flux_point: 3.2012012004852295
