n_obs: 10
data_preparation: 6.424140691757202
writing: 0.16587257385253906
reading: 0.17160415649414062
data_fitting: 0.13847684860229492
flux_point: 1.8595890998840332
