n_obs: 10
data_preparation: 7.078850746154785
writing: 0.14913272857666016
reading: 0.1670055389404297
data_fitting: 0.11874818801879883
flux_point: 1.5057454109191895
