n_obs: 10
data_preparation: 3.3349099159240723
writing: 0.24368023872375488
reading: 0.19482898712158203
data_fitting: 1.374549388885498
flux_point: 3.4859588146209717
