n_obs: 10
data_preparation: 3.4418373107910156
writing: 0.1111764907836914
reading: 0.12138795852661133
data_fitting: 0.22603797912597656
flux_point: 1.2115440368652344
