n_obs: 10
data_preparation: 3.868969202041626
writing: 0.3217134475708008
reading: 0.11812043190002441
data_fitting: 0.09442400932312012
flux_point: 1.0890617370605469
