n_obs: 10
data_preparation: 6.065358877182007
writing: 0.1531238555908203
reading: 0.17260479927062988
data_fitting: 0.16484403610229492
flux_point: 2.0137245655059814
