n_obs: 10
data_preparation: 6.041341066360474
writing: 0.15946030616760254
reading: 0.16109013557434082
data_fitting: 0.12658190727233887
flux_point: 1.6884746551513672
