n_obs: 10
data_preparation: 3.5502607822418213
writing: 0.32605457305908203
reading: 0.10874652862548828
data_fitting: 0.09066343307495117
flux_point: 1.0879409313201904
