n_obs: 10
data_preparation: 3.5219266414642334
writing: 0.33094120025634766
reading: 0.11082625389099121
data_fitting: 0.09068560600280762
flux_point: 1.0992505550384521
