n_obs: 10
data_preparation: 8.769521713256836
writing: 0.14392781257629395
reading: 0.15864825248718262
data_fitting: 0.17474937438964844
flux_point: 2.487098217010498
