n_obs: 10
data_preparation: 6.17167854309082
writing: 0.15381407737731934
reading: 0.1639559268951416
data_fitting: 0.19455862045288086
flux_point: 6.00077223777771
