n_obs: 10
data_preparation: 6.866570711135864
writing: 0.1508181095123291
reading: 0.17221736907958984
data_fitting: 0.17087745666503906
flux_point: 2.184183120727539
