n_obs: 10
data_preparation: 6.4990832805633545
writing: 0.1469404697418213
reading: 0.16401934623718262
data_fitting: 0.17635607719421387
flux_point: 2.530214309692383
