n_obs: 10
data_preparation: 3.4532179832458496
writing: 0.10755681991577148
reading: 0.128129243850708
data_fitting: 0.29264211654663086
flux_point: 1.2867932319641113
