n_obs: 10
data_preparation: 3.6300415992736816
writing: 0.3466835021972656
reading: 0.11373591423034668
data_fitting: 0.09334826469421387
flux_point: 1.1289727687835693
