n_obs: 10
data_preparation: 3.520097494125366
writing: 0.3683593273162842
reading: 0.1160280704498291
data_fitting: 0.23412704467773438
flux_point: 1.2697854042053223
