n_obs: 10
data_preparation: 8.21258544921875
writing: 0.2034294605255127
reading: 0.24390459060668945
data_fitting: 0.3152015209197998
flux_point: 3.1521377563476562
