n_obs: 10
data_preparation: 3.579465627670288
writing: 0.36101722717285156
reading: 0.12238311767578125
data_fitting: 0.23389792442321777
flux_point: 1.2621138095855713
