n_obs: 10
data_preparation: 6.323153972625732
writing: 0.1340327262878418
reading: 0.15161585807800293
data_fitting: 0.1756274700164795
flux_point: 2.507216691970825
