n_obs: 10
data_preparation: 6.034534692764282
writing: 0.13204407691955566
reading: 0.15343117713928223
data_fitting: 0.1878364086151123
flux_point: 5.70505952835083
