n_obs: 10
data_preparation: 3.5194473266601562
writing: 0.32804179191589355
reading: 0.10800552368164062
data_fitting: 0.09068417549133301
flux_point: 1.0988285541534424
