n_obs: 10
data_preparation: 3.229069471359253
writing: 0.22041773796081543
reading: 0.1764512062072754
data_fitting: 1.068222999572754
flux_point: 3.1303465366363525
