n_obs: 10
data_preparation: 4.273237228393555
writing: 0.2584989070892334
reading: 0.1350104808807373
data_fitting: 0.10043549537658691
flux_point: 1.1954891681671143
