n_obs: 10
data_preparation: 5.4529805183410645
writing: 0.13608551025390625
reading: 0.15920042991638184
data_fitting: 0.33931493759155273
flux_point: 2.4945030212402344
