n_obs: 10
data_preparation: 8.545303583145142
writing: 0.21808600425720215
reading: 0.2396836280822754
data_fitting: 0.2613804340362549
flux_point: 3.2279651165008545
