n_obs: 10
data_preparation: 4.389323949813843
writing: 0.15389132499694824
reading: 0.17098093032836914
data_fitting: 0.37035107612609863
flux_point: 3.3101696968078613
