n_obs: 10
data_preparation: 7.11369776725769
writing: 0.1900491714477539
reading: 0.22229290008544922
data_fitting: 1.6065423488616943
flux_point: 17.478322744369507
