n_obs: 10
data_preparation: 3.891308069229126
writing: 0.43169283866882324
reading: 0.1270463466644287
data_fitting: 0.10634303092956543
flux_point: 1.3798201084136963
