n_obs: 10
data_preparation: 6.088426351547241
writing: 0.15381407737731934
reading: 0.16450905799865723
data_fitting: 0.14551734924316406
flux_point: 1.8772554397583008
