n_obs: 10
data_preparation: 3.4447853565216064
writing: 0.10780978202819824
reading: 0.12085533142089844
data_fitting: 0.2314469814300537
flux_point: 1.2489917278289795
