n_obs: 10
data_preparation: 3.4289488792419434
writing: 0.10731768608093262
reading: 0.12238550186157227
data_fitting: 0.22380995750427246
flux_point: 1.2247929573059082
