n_obs: 10
data_preparation: 4.64074182510376
writing: 0.25049328804016113
reading: 0.13200092315673828
data_fitting: 0.09212851524353027
flux_point: 1.1521191596984863
