n_obs: 10
data_preparation: 6.6490373611450195
writing: 0.1352982521057129
reading: 0.16124653816223145
data_fitting: 0.17519044876098633
flux_point: 2.546224594116211
