n_obs: 10
data_preparation: 7.013824462890625
writing: 0.14609527587890625
reading: 0.1647167205810547
data_fitting: 0.1132509708404541
flux_point: 1.4217753410339355
