n_obs: 10
data_preparation: 8.481205463409424
writing: 0.17845869064331055
reading: 0.21858620643615723
data_fitting: 0.2686574459075928
flux_point: 4.54965353012085
