n_obs: 10
data_preparation: 3.601227045059204
writing: 0.33826518058776855
reading: 0.11043524742126465
data_fitting: 0.09147977828979492
flux_point: 1.1059978008270264
