n_obs: 10
data_preparation: 5.342811107635498
writing: 0.13566327095031738
reading: 0.13849353790283203
data_fitting: 0.16698193550109863
flux_point: 2.0880930423736572
