n_obs: 10
data_preparation: 6.673390626907349
writing: 0.17510080337524414
reading: 0.19346284866333008
data_fitting: 0.21576452255249023
flux_point: 2.718175172805786
