n_obs: 10
data_preparation: 6.658014297485352
writing: 0.17012310028076172
reading: 0.19795536994934082
data_fitting: 0.2369835376739502
flux_point: 2.274608850479126
