n_obs: 10
data_preparation: 6.085525751113892
writing: 0.15055346488952637
reading: 0.17141366004943848
data_fitting: 0.16773509979248047
flux_point: 1.9654159545898438
