n_obs: 10
data_preparation: 3.6420931816101074
writing: 0.3185551166534424
reading: 0.1090233325958252
data_fitting: 0.09036803245544434
flux_point: 1.0976929664611816
