n_obs: 10
data_preparation: 3.536991596221924
writing: 0.3650474548339844
reading: 0.11987876892089844
data_fitting: 0.23735690116882324
flux_point: 1.25846529006958
