n_obs: 10
data_preparation: 7.019102573394775
writing: 0.14495587348937988
reading: 0.16226434707641602
data_fitting: 0.11131024360656738
flux_point: 1.4042222499847412
