n_obs: 10
data_preparation: 5.744527816772461
writing: 0.14654970169067383
reading: 0.18137383460998535
data_fitting: 0.3904304504394531
flux_point: 2.6416244506835938
