n_obs: 10
data_preparation: 4.555485963821411
writing: 0.24624109268188477
reading: 0.13148212432861328
data_fitting: 0.09313082695007324
flux_point: 1.1350493431091309
