n_obs: 10
data_preparation: 3.5304667949676514
writing: 0.3305788040161133
reading: 0.1085195541381836
data_fitting: 0.09125924110412598
flux_point: 1.1055049896240234
