n_obs: 10
data_preparation: 6.989233732223511
writing: 0.17326712608337402
reading: 0.20560050010681152
data_fitting: 0.45287203788757324
flux_point: 3.270946502685547
