n_obs: 10
data_preparation: 7.426123857498169
writing: 0.21092844009399414
reading: 0.2412886619567871
data_fitting: 1.70597243309021
flux_point: 16.552212715148926
