n_obs: 10
data_preparation: 6.208129405975342
writing: 0.15889668464660645
reading: 0.16786909103393555
data_fitting: 0.13379907608032227
flux_point: 1.7394359111785889
