n_obs: 10
data_preparation: 3.508307695388794
writing: 0.33036041259765625
reading: 0.10790181159973145
data_fitting: 0.0897517204284668
flux_point: 1.0890953540802002
