n_obs: 10
data_preparation: 5.046509504318237
writing: 0.17059588432312012
reading: 0.17056632041931152
data_fitting: 0.332275390625
flux_point: 3.533024549484253
