n_obs: 10
data_preparation: 5.941067457199097
writing: 0.1517195701599121
reading: 0.17345786094665527
data_fitting: 0.16190004348754883
flux_point: 1.9762372970581055
