n_obs: 10
data_preparation: 3.914606809616089
writing: 0.34131765365600586
reading: 0.11763310432434082
data_fitting: 0.09516644477844238
flux_point: 1.1134402751922607
