n_obs: 10
data_preparation: 3.5646252632141113
writing: 0.3559095859527588
reading: 0.11040639877319336
data_fitting: 0.09067916870117188
flux_point: 1.0934906005859375
