n_obs: 10
data_preparation: 6.585815668106079
writing: 0.13704848289489746
reading: 0.15720653533935547
data_fitting: 0.15474796295166016
flux_point: 1.8507273197174072
