n_obs: 10
data_preparation: 5.119803190231323
writing: 0.17743539810180664
reading: 0.18439626693725586
data_fitting: 0.36182260513305664
flux_point: 3.780276298522949
