n_obs: 10
data_preparation: 3.5365779399871826
writing: 0.31378746032714844
reading: 0.10938096046447754
data_fitting: 0.09069967269897461
flux_point: 1.101259469985962
