n_obs: 10
data_preparation: 5.41716456413269
writing: 0.1354215145111084
reading: 0.1532585620880127
data_fitting: 0.15239691734313965
flux_point: 1.8696458339691162
