n_obs: 10
data_preparation: 8.932689428329468
writing: 0.1459026336669922
reading: 0.1620316505432129
data_fitting: 0.1747879981994629
flux_point: 2.493476629257202
