n_obs: 10
data_preparation: 6.26377534866333
writing: 0.1635608673095703
reading: 0.16713476181030273
data_fitting: 0.1388084888458252
flux_point: 1.8323402404785156
