n_obs: 10
data_preparation: 4.527191638946533
writing: 0.24350237846374512
reading: 0.12997078895568848
data_fitting: 0.0935056209564209
flux_point: 1.150407075881958
