n_obs: 10
data_preparation: 3.394577741622925
writing: 0.24513888359069824
reading: 0.1996171474456787
data_fitting: 1.355865716934204
flux_point: 3.481638193130493
