n_obs: 10
data_preparation: 3.618410348892212
writing: 0.26285314559936523
reading: 0.208115816116333
data_fitting: 1.4399232864379883
flux_point: 3.6416592597961426
