n_obs: 10
data_preparation: 4.411224365234375
writing: 0.30397987365722656
reading: 0.12931323051452637
data_fitting: 0.09310173988342285
flux_point: 1.1299042701721191
