n_obs: 10
data_preparation: 5.872527360916138
writing: 0.13447117805480957
reading: 0.15388989448547363
data_fitting: 0.15253829956054688
flux_point: 1.849545955657959
