n_obs: 10
data_preparation: 3.6630847454071045
writing: 0.3549203872680664
reading: 0.11414003372192383
data_fitting: 0.09337782859802246
flux_point: 1.1395349502563477
