n_obs: 10
data_preparation: 3.4336049556732178
writing: 0.10809898376464844
reading: 0.12093043327331543
data_fitting: 0.23226213455200195
flux_point: 1.2383625507354736
