n_obs: 10
data_preparation: 7.888910531997681
writing: 0.20413804054260254
reading: 0.22891712188720703
data_fitting: 0.22522664070129395
flux_point: 2.766453266143799
