n_obs: 10
data_preparation: 3.449955463409424
writing: 0.3579392433166504
reading: 0.11289691925048828
data_fitting: 0.09431719779968262
flux_point: 1.2474932670593262
