n_obs: 10
data_preparation: 8.986088991165161
writing: 0.19977807998657227
reading: 0.21494722366333008
data_fitting: 0.2448134422302246
flux_point: 4.0133161544799805
