n_obs: 10
data_preparation: 3.51644229888916
writing: 0.319324254989624
reading: 0.10761618614196777
data_fitting: 0.0892033576965332
flux_point: 1.1014657020568848
