n_obs: 10
data_preparation: 8.854982852935791
writing: 0.14287376403808594
reading: 0.15777945518493652
data_fitting: 0.1723923683166504
flux_point: 2.459641218185425
