n_obs: 10
data_preparation: 3.550924062728882
writing: 0.31766319274902344
reading: 0.1123359203338623
data_fitting: 0.09218740463256836
flux_point: 1.1251399517059326
