n_obs: 10
data_preparation: 7.593759059906006
writing: 0.15331411361694336
reading: 0.18050408363342285
data_fitting: 0.2026050090789795
flux_point: 2.942216157913208
