n_obs: 10
data_preparation: 6.916490316390991
writing: 0.1719975471496582
reading: 0.20301294326782227
data_fitting: 0.5126445293426514
flux_point: 3.5870401859283447
