n_obs: 10
data_preparation: 3.5161516666412354
writing: 0.11091303825378418
reading: 0.12460994720458984
data_fitting: 0.2340097427368164
flux_point: 1.2729251384735107
