n_obs: 10
data_preparation: 4.284605979919434
writing: 0.25649523735046387
reading: 0.1321263313293457
data_fitting: 0.09863519668579102
flux_point: 1.1870667934417725
