n_obs: 10
data_preparation: 5.973893642425537
writing: 0.1531531810760498
reading: 0.17603683471679688
data_fitting: 1.3442480564117432
flux_point: 14.513901472091675
