n_obs: 10
data_preparation: 3.539381742477417
writing: 0.3385894298553467
reading: 0.11118102073669434
data_fitting: 0.0919027328491211
flux_point: 1.1113348007202148
