n_obs: 10
data_preparation: 3.4886057376861572
writing: 0.3112916946411133
reading: 0.1089940071105957
data_fitting: 0.09047222137451172
flux_point: 1.0923399925231934
