n_obs: 10
data_preparation: 3.3528738021850586
writing: 0.10758233070373535
reading: 0.11934208869934082
data_fitting: 0.22289013862609863
flux_point: 1.1986095905303955
