n_obs: 10
data_preparation: 3.72400164604187
writing: 0.3619680404663086
reading: 0.11770868301391602
data_fitting: 0.09484219551086426
flux_point: 1.1961500644683838
