n_obs: 10
data_preparation: 3.9178709983825684
writing: 0.3238809108734131
reading: 0.11661839485168457
data_fitting: 0.09512996673583984
flux_point: 1.1001157760620117
