n_obs: 10
data_preparation: 6.546491384506226
writing: 0.17305874824523926
reading: 0.1788959503173828
data_fitting: 0.17908096313476562
flux_point: 2.306448221206665
