n_obs: 10
data_preparation: 3.3877391815185547
writing: 0.11070084571838379
reading: 0.12021708488464355
data_fitting: 0.2232825756072998
flux_point: 1.2130818367004395
