n_obs: 10
data_preparation: 3.6162233352661133
writing: 0.31885361671447754
reading: 0.10976934432983398
data_fitting: 0.09060883522033691
flux_point: 1.0981991291046143
