n_obs: 10
data_preparation: 7.555661678314209
writing: 0.19637584686279297
reading: 0.22371149063110352
data_fitting: 0.24913883209228516
flux_point: 3.011850357055664
