n_obs: 10
data_preparation: 3.529024124145508
writing: 0.11342215538024902
reading: 0.1216278076171875
data_fitting: 0.22996997833251953
flux_point: 1.2491474151611328
