n_obs: 10
data_preparation: 4.411102771759033
writing: 0.31040239334106445
reading: 0.1273951530456543
data_fitting: 0.09165310859680176
flux_point: 1.1050102710723877
