n_obs: 10
data_preparation: 3.3421576023101807
writing: 0.2454688549041748
reading: 0.19464731216430664
data_fitting: 1.372798204421997
flux_point: 3.4505536556243896
