n_obs: 10
data_preparation: 3.3568055629730225
writing: 0.10735082626342773
reading: 0.11682677268981934
data_fitting: 0.22860288619995117
flux_point: 1.2107758522033691
