n_obs: 10
data_preparation: 10.489302158355713
writing: 0.16898179054260254
reading: 0.19442534446716309
data_fitting: 0.2091982364654541
flux_point: 3.008972644805908
