n_obs: 10
data_preparation: 7.61030650138855
writing: 0.18173909187316895
reading: 0.211381196975708
data_fitting: 0.24662089347839355
flux_point: 3.065498113632202
