n_obs: 10
data_preparation: 5.3250412940979
writing: 0.13693761825561523
reading: 0.15238142013549805
data_fitting: 0.15083670616149902
flux_point: 1.7710905075073242
