n_obs: 10
data_preparation: 3.42979097366333
writing: 0.10714077949523926
reading: 0.12232303619384766
data_fitting: 0.2261343002319336
flux_point: 1.2058255672454834
