n_obs: 10
data_preparation: 3.5133345127105713
writing: 0.33266735076904297
reading: 0.10933828353881836
data_fitting: 0.09159708023071289
flux_point: 1.1171467304229736
