n_obs: 10
data_preparation: 6.026803731918335
writing: 0.15551066398620605
reading: 0.17755365371704102
data_fitting: 0.1656475067138672
flux_point: 1.998227834701538
