n_obs: 10
data_preparation: 8.175239562988281
writing: 0.22424578666687012
reading: 0.23998689651489258
data_fitting: 0.32625412940979004
flux_point: 3.0446841716766357
