n_obs: 10
data_preparation: 3.603226661682129
writing: 0.33339428901672363
reading: 0.11003851890563965
data_fitting: 0.09318327903747559
flux_point: 1.1177089214324951
