n_obs: 10
data_preparation: 4.811731338500977
writing: 0.2692866325378418
reading: 0.13544535636901855
data_fitting: 0.0927438735961914
flux_point: 1.2730381488800049
