n_obs: 10
data_preparation: 6.34544038772583
writing: 0.13469648361206055
reading: 0.15390443801879883
data_fitting: 0.174576997756958
flux_point: 2.511673927307129
