n_obs: 10
data_preparation: 10.441765069961548
writing: 0.22094058990478516
reading: 0.2600386142730713
data_fitting: 0.18999028205871582
flux_point: 2.4862029552459717
