n_obs: 10
data_preparation: 7.928033113479614
writing: 0.2137441635131836
reading: 0.2345879077911377
data_fitting: 1.9121181964874268
flux_point: 20.68742823600769
