n_obs: 10
data_preparation: 4.369652986526489
writing: 0.1465470790863037
reading: 0.15489554405212402
data_fitting: 0.35579490661621094
flux_point: 14.297277212142944
