n_obs: 10
data_preparation: 3.1301679611206055
writing: 0.21459650993347168
reading: 0.1724095344543457
data_fitting: 1.0861432552337646
flux_point: 3.133687734603882
