n_obs: 10
data_preparation: 5.268252611160278
writing: 0.13463950157165527
reading: 0.15274977684020996
data_fitting: 0.19027161598205566
flux_point: 1.8176257610321045
