n_obs: 10
data_preparation: 3.3090968132019043
writing: 0.228987455368042
reading: 0.18110179901123047
data_fitting: 1.0823416709899902
flux_point: 3.1548666954040527
