n_obs: 10
data_preparation: 6.4473793506622314
writing: 0.15830373764038086
reading: 0.1831190586090088
data_fitting: 0.4357147216796875
flux_point: 3.0600926876068115
