n_obs: 10
data_preparation: 3.7534749507904053
writing: 0.38909006118774414
reading: 0.12931203842163086
data_fitting: 0.09965658187866211
flux_point: 1.1429085731506348
