n_obs: 10
data_preparation: 7.435572862625122
writing: 0.15595173835754395
reading: 0.17940807342529297
data_fitting: 0.12454795837402344
flux_point: 1.5815975666046143
