n_obs: 10
data_preparation: 7.660950183868408
writing: 0.2060685157775879
reading: 0.24807000160217285
data_fitting: 0.3303260803222656
flux_point: 3.172191619873047
