n_obs: 10
data_preparation: 7.0186381340026855
writing: 0.20600318908691406
reading: 0.1972510814666748
data_fitting: 0.16576147079467773
flux_point: 1.9952850341796875
