n_obs: 10
data_preparation: 4.027899980545044
writing: 0.14736700057983398
reading: 0.15982604026794434
data_fitting: 0.3713045120239258
flux_point: 3.0943965911865234
