n_obs: 10
data_preparation: 3.534390449523926
writing: 0.3518037796020508
reading: 0.10950708389282227
data_fitting: 0.09555840492248535
flux_point: 1.2486355304718018
