n_obs: 10
data_preparation: 3.681529998779297
writing: 0.3442997932434082
reading: 0.11009550094604492
data_fitting: 0.08623433113098145
flux_point: 0.9476850032806396
