n_obs: 10
data_preparation: 10.442874193191528
writing: 0.2204744815826416
reading: 0.2546050548553467
data_fitting: 0.19588541984558105
flux_point: 2.374804973602295
