n_obs: 10
data_preparation: 6.856266260147095
writing: 0.17119884490966797
reading: 0.20652508735656738
data_fitting: 0.44948697090148926
flux_point: 3.2551076412200928
