n_obs: 10
data_preparation: 3.460175037384033
writing: 0.1081991195678711
reading: 0.11945652961730957
data_fitting: 0.2251598834991455
flux_point: 1.2211897373199463
