n_obs: 10
data_preparation: 6.509152889251709
writing: 0.13219213485717773
reading: 0.15537166595458984
data_fitting: 0.17394590377807617
flux_point: 2.5185368061065674
