n_obs: 10
data_preparation: 6.493659257888794
writing: 0.13348698616027832
reading: 0.15490055084228516
data_fitting: 0.17594099044799805
flux_point: 2.5095880031585693
