n_obs: 10
data_preparation: 5.671895503997803
writing: 0.15344476699829102
reading: 0.1407608985900879
data_fitting: 0.15667200088500977
flux_point: 2.079500198364258
