n_obs: 10
data_preparation: 4.236659526824951
writing: 0.24881219863891602
reading: 0.13063740730285645
data_fitting: 0.09966540336608887
flux_point: 1.1900901794433594
