n_obs: 10
data_preparation: 3.8554928302764893
writing: 0.31558990478515625
reading: 0.11490011215209961
data_fitting: 0.09214162826538086
flux_point: 1.0698869228363037
