n_obs: 10
data_preparation: 7.604110479354858
writing: 0.20742464065551758
reading: 0.22732043266296387
data_fitting: 0.3045368194580078
flux_point: 2.898432731628418
