n_obs: 10
data_preparation: 6.652637243270874
writing: 0.1332380771636963
reading: 0.1574087142944336
data_fitting: 0.17795300483703613
flux_point: 2.5525710582733154
