n_obs: 10
data_preparation: 3.577725410461426
writing: 0.3317697048187256
reading: 0.10994076728820801
data_fitting: 0.09479951858520508
flux_point: 1.1141135692596436
