n_obs: 10
data_preparation: 4.222971439361572
writing: 0.2598862648010254
reading: 0.13527226448059082
data_fitting: 0.09815549850463867
flux_point: 1.1638517379760742
