n_obs: 10
data_preparation: 3.5259315967559814
writing: 0.38956761360168457
reading: 0.1134939193725586
data_fitting: 0.23379230499267578
flux_point: 1.3964483737945557
