n_obs: 10
data_preparation: 4.980358600616455
writing: 0.1289515495300293
reading: 0.1296067237854004
data_fitting: 0.10975885391235352
flux_point: 1.4132356643676758
