n_obs: 10
data_preparation: 3.4111242294311523
writing: 0.10696744918823242
reading: 0.1185610294342041
data_fitting: 0.22454071044921875
flux_point: 1.209432601928711
