n_obs: 10
data_preparation: 6.7459399700164795
writing: 0.14827346801757812
reading: 0.15729737281799316
data_fitting: 0.077056884765625
flux_point: 2.8062586784362793
