n_obs: 10
data_preparation: 6.569096565246582
writing: 0.15994715690612793
reading: 0.19011211395263672
data_fitting: 0.47896862030029297
flux_point: 3.4999277591705322
