n_obs: 10
data_preparation: 7.253139972686768
writing: 0.15853571891784668
reading: 0.23129701614379883
data_fitting: 0.21578454971313477
flux_point: 6.811952352523804
