n_obs: 10
data_preparation: 7.091863393783569
writing: 0.1520097255706787
reading: 0.17458605766296387
data_fitting: 0.12152433395385742
flux_point: 1.5417792797088623
