n_obs: 10
data_preparation: 9.479941844940186
writing: 0.22165369987487793
reading: 0.24610471725463867
data_fitting: 0.24725627899169922
flux_point: 3.540205478668213
