n_obs: 10
data_preparation: 7.694229602813721
writing: 0.16689276695251465
reading: 0.18562746047973633
data_fitting: 0.1274878978729248
flux_point: 1.6469993591308594
