n_obs: 10
data_preparation: 3.5210700035095215
writing: 0.3187861442565918
reading: 0.11043167114257812
data_fitting: 0.09052848815917969
flux_point: 1.1009140014648438
