n_obs: 10
data_preparation: 4.277533054351807
writing: 0.1480119228363037
reading: 0.15432500839233398
data_fitting: 0.34567952156066895
flux_point: 3.0929665565490723
