n_obs: 10
data_preparation: 3.558866500854492
writing: 0.35254979133605957
reading: 0.11231780052185059
data_fitting: 0.09249377250671387
flux_point: 1.1397523880004883
