n_obs: 10
data_preparation: 3.414620876312256
writing: 0.10695433616638184
reading: 0.11964726448059082
data_fitting: 0.22795653343200684
flux_point: 1.2094402313232422
