n_obs: 10
data_preparation: 6.031989812850952
writing: 0.14986586570739746
reading: 0.1793227195739746
data_fitting: 0.4009130001068115
flux_point: 2.78977370262146
