n_obs: 10
data_preparation: 8.559285402297974
writing: 0.1446981430053711
reading: 0.16079998016357422
data_fitting: 0.11068463325500488
flux_point: 1.3502371311187744
