n_obs: 10
data_preparation: 3.5015769004821777
writing: 0.3595693111419678
reading: 0.1149601936340332
data_fitting: 0.23772525787353516
flux_point: 1.4110233783721924
