n_obs: 10
data_preparation: 3.563316822052002
writing: 0.3852236270904541
reading: 0.12071061134338379
data_fitting: 0.2308812141418457
flux_point: 1.2439897060394287
