n_obs: 10
data_preparation: 3.545428514480591
writing: 0.3323540687561035
reading: 0.11149215698242188
data_fitting: 0.09145617485046387
flux_point: 1.1036794185638428
