n_obs: 10
data_preparation: 3.5375821590423584
writing: 0.3231697082519531
reading: 0.10948920249938965
data_fitting: 0.08974432945251465
flux_point: 1.0826499462127686
