n_obs: 10
data_preparation: 6.867296457290649
writing: 0.1486499309539795
reading: 0.17038965225219727
data_fitting: 0.17020845413208008
flux_point: 2.063216209411621
