n_obs: 10
data_preparation: 6.561760902404785
writing: 0.16384243965148926
reading: 0.1800529956817627
data_fitting: 0.15712952613830566
flux_point: 2.087491750717163
