n_obs: 10
data_preparation: 7.257634401321411
writing: 0.14965581893920898
reading: 0.1697218418121338
data_fitting: 0.12216353416442871
flux_point: 1.5434811115264893
