n_obs: 10
data_preparation: 8.369436264038086
writing: 0.1995847225189209
reading: 0.23154544830322266
data_fitting: 0.25606322288513184
flux_point: 3.1512606143951416
