n_obs: 10
data_preparation: 10.027559518814087
writing: 0.20638060569763184
reading: 0.24832534790039062
data_fitting: 0.306563138961792
flux_point: 5.037649393081665
