n_obs: 10
data_preparation: 3.507373809814453
writing: 0.31597471237182617
reading: 0.10960006713867188
data_fitting: 0.0922083854675293
flux_point: 1.120194435119629
