n_obs: 10
data_preparation: 3.546978235244751
writing: 0.32447028160095215
reading: 0.11090779304504395
data_fitting: 0.09181356430053711
flux_point: 1.1185097694396973
