n_obs: 10
data_preparation: 3.459949254989624
writing: 0.3536553382873535
reading: 0.11409616470336914
data_fitting: 0.22835612297058105
flux_point: 1.2440838813781738
