n_obs: 10
data_preparation: 8.152024745941162
writing: 0.21396780014038086
reading: 0.24148011207580566
data_fitting: 0.28862738609313965
flux_point: 2.781949758529663
