n_obs: 10
data_preparation: 7.045327186584473
writing: 0.1519002914428711
reading: 0.16593241691589355
data_fitting: 0.18650269508361816
flux_point: 2.12665057182312
