n_obs: 10
data_preparation: 3.562471628189087
writing: 0.2637474536895752
reading: 0.20705223083496094
data_fitting: 1.3974909782409668
flux_point: 3.589226722717285
