n_obs: 10
data_preparation: 5.731330871582031
writing: 0.2120833396911621
reading: 0.21475648880004883
data_fitting: 0.4893205165863037
flux_point: 4.516953706741333
