n_obs: 10
data_preparation: 7.716710567474365
writing: 0.1953268051147461
reading: 0.22369980812072754
data_fitting: 1.7775499820709229
flux_point: 19.208359479904175
