n_obs: 10
data_preparation: 9.15371584892273
writing: 0.1498246192932129
reading: 0.16964983940124512
data_fitting: 0.17990469932556152
flux_point: 2.6451992988586426
