n_obs: 10
data_preparation: 5.983608961105347
writing: 0.1559438705444336
reading: 0.15883278846740723
data_fitting: 0.141754150390625
flux_point: 1.872983455657959
