n_obs: 10
data_preparation: 5.607864141464233
writing: 0.1690201759338379
reading: 0.1540679931640625
data_fitting: 0.13634419441223145
flux_point: 1.5894739627838135
