n_obs: 10
data_preparation: 4.429595708847046
writing: 0.31011295318603516
reading: 0.12910723686218262
data_fitting: 0.09256601333618164
flux_point: 1.145617961883545
