n_obs: 10
data_preparation: 5.985189914703369
writing: 0.15411758422851562
reading: 0.17094087600708008
data_fitting: 0.22877097129821777
flux_point: 2.4309308528900146
