n_obs: 10
data_preparation: 3.2984843254089355
writing: 0.23899388313293457
reading: 0.18945574760437012
data_fitting: 1.3430042266845703
flux_point: 3.445887565612793
