n_obs: 10
data_preparation: 10.070929050445557
writing: 0.17215991020202637
reading: 0.1902775764465332
data_fitting: 0.1373889446258545
flux_point: 1.6877400875091553
