n_obs: 10
data_preparation: 7.109654426574707
writing: 0.150252103805542
reading: 0.16393256187438965
data_fitting: 0.11095023155212402
flux_point: 1.415492296218872
