n_obs: 10
data_preparation: 4.273825645446777
writing: 0.1476578712463379
reading: 0.15441131591796875
data_fitting: 0.30556416511535645
flux_point: 3.1678993701934814
