n_obs: 10
data_preparation: 4.234544277191162
writing: 0.24880218505859375
reading: 0.13112425804138184
data_fitting: 0.09842038154602051
flux_point: 1.1818692684173584
