n_obs: 10
data_preparation: 6.565266132354736
writing: 0.13428854942321777
reading: 0.15507054328918457
data_fitting: 0.17563319206237793
flux_point: 2.5232741832733154
