n_obs: 10
data_preparation: 3.3340322971343994
writing: 0.2324678897857666
reading: 0.18449950218200684
data_fitting: 1.2209680080413818
flux_point: 3.2948431968688965
