n_obs: 10
data_preparation: 6.219902038574219
writing: 0.1519641876220703
reading: 0.15855050086975098
data_fitting: 0.14671540260314941
flux_point: 1.9161937236785889
