n_obs: 10
data_preparation: 4.229944229125977
writing: 0.24973511695861816
reading: 0.13155674934387207
data_fitting: 0.09868454933166504
flux_point: 1.1787383556365967
