n_obs: 10
data_preparation: 8.067302465438843
writing: 0.17253708839416504
reading: 0.2038719654083252
data_fitting: 0.20295310020446777
flux_point: 2.400498628616333
