n_obs: 10
data_preparation: 4.309820652008057
writing: 0.25841784477233887
reading: 0.1382122039794922
data_fitting: 0.10134220123291016
flux_point: 1.2140555381774902
