n_obs: 10
data_preparation: 5.457204818725586
writing: 0.14372754096984863
reading: 0.13698601722717285
data_fitting: 0.1347966194152832
flux_point: 1.6953835487365723
