n_obs: 10
data_preparation: 3.554527521133423
writing: 0.3560447692871094
reading: 0.10949015617370605
data_fitting: 0.0921180248260498
flux_point: 1.0893480777740479
