n_obs: 10
data_preparation: 9.532860517501831
writing: 0.16129565238952637
reading: 0.17757225036621094
data_fitting: 0.13183283805847168
flux_point: 1.6594550609588623
