n_obs: 10
data_preparation: 3.6859617233276367
writing: 0.35431647300720215
reading: 0.11424875259399414
data_fitting: 0.09335017204284668
flux_point: 1.1730906963348389
