n_obs: 10
data_preparation: 7.497820138931274
writing: 0.153428316116333
reading: 0.17090702056884766
data_fitting: 0.1978137493133545
flux_point: 2.9581358432769775
