n_obs: 10
data_preparation: 6.6870033740997314
writing: 0.18273591995239258
reading: 0.18408560752868652
data_fitting: 0.1667344570159912
flux_point: 2.187617540359497
