n_obs: 10
data_preparation: 3.505622625350952
writing: 0.3295464515686035
reading: 0.11138057708740234
data_fitting: 0.09213590621948242
flux_point: 1.1060154438018799
