n_obs: 10
data_preparation: 3.492269515991211
writing: 0.2741374969482422
reading: 0.2007005214691162
data_fitting: 1.3569352626800537
flux_point: 3.5292341709136963
