n_obs: 10
data_preparation: 3.3492393493652344
writing: 0.10434341430664062
reading: 0.11761164665222168
data_fitting: 0.22789478302001953
flux_point: 1.2042732238769531
