n_obs: 10
data_preparation: 6.228787183761597
writing: 0.13672113418579102
reading: 0.20637035369873047
data_fitting: 0.18744707107543945
flux_point: 5.916492223739624
