n_obs: 10
data_preparation: 6.7044947147369385
writing: 0.13399624824523926
reading: 0.15804338455200195
data_fitting: 0.17953205108642578
flux_point: 2.573307991027832
