n_obs: 10
data_preparation: 4.447021484375
writing: 0.24966073036193848
reading: 0.12687397003173828
data_fitting: 0.08989477157592773
flux_point: 1.103423833847046
