n_obs: 10
data_preparation: 3.5503687858581543
writing: 0.37662458419799805
reading: 0.11782646179199219
data_fitting: 0.1012120246887207
flux_point: 1.2849981784820557
