n_obs: 10
data_preparation: 8.869486570358276
writing: 0.18292021751403809
reading: 0.20995330810546875
data_fitting: 0.24822640419006348
flux_point: 4.191958427429199
