n_obs: 10
data_preparation: 7.076012134552002
writing: 0.14697909355163574
reading: 0.16072487831115723
data_fitting: 0.16185474395751953
flux_point: 1.9698195457458496
