n_obs: 10
data_preparation: 8.483746528625488
writing: 0.18049049377441406
reading: 0.20476627349853516
data_fitting: 0.20598149299621582
flux_point: 2.485182523727417
