n_obs: 10
data_preparation: 7.0614190101623535
writing: 0.15808868408203125
reading: 0.15887880325317383
data_fitting: 0.1981501579284668
flux_point: 6.120732545852661
