n_obs: 10
data_preparation: 3.463470697402954
writing: 0.2422807216644287
reading: 0.19492697715759277
data_fitting: 1.3716628551483154
flux_point: 3.5156702995300293
