n_obs: 10
data_preparation: 6.229937314987183
writing: 0.15842676162719727
reading: 0.18271160125732422
data_fitting: 0.22301101684570312
flux_point: 2.087541341781616
