n_obs: 10
data_preparation: 3.5750033855438232
writing: 0.3665657043457031
reading: 0.11957406997680664
data_fitting: 0.2328193187713623
flux_point: 1.259878396987915
