n_obs: 10
data_preparation: 4.292918682098389
writing: 0.249908447265625
reading: 0.13528060913085938
data_fitting: 0.09905648231506348
flux_point: 1.1820857524871826
