n_obs: 10
data_preparation: 6.502916097640991
writing: 0.167830228805542
reading: 0.19003057479858398
data_fitting: 0.23128962516784668
flux_point: 2.1923611164093018
