n_obs: 10
data_preparation: 7.820217847824097
writing: 0.20930051803588867
reading: 0.24428057670593262
data_fitting: 1.833587408065796
flux_point: 19.879164457321167
