n_obs: 10
data_preparation: 9.320072174072266
writing: 0.20362281799316406
reading: 0.22077584266662598
data_fitting: 0.16810870170593262
flux_point: 2.141874313354492
