n_obs: 10
data_preparation: 7.491333484649658
writing: 0.15126729011535645
reading: 0.17213225364685059
data_fitting: 0.19440650939941406
flux_point: 3.0482187271118164
