n_obs: 10
data_preparation: 3.446749210357666
writing: 0.10660886764526367
reading: 0.1186225414276123
data_fitting: 0.22675633430480957
flux_point: 1.2252590656280518
