n_obs: 10
data_preparation: 9.683251857757568
writing: 0.23204731941223145
reading: 0.25662946701049805
data_fitting: 0.25933003425598145
flux_point: 3.677670955657959
