n_obs: 10
data_preparation: 3.5092124938964844
writing: 0.342418909072876
reading: 0.10968756675720215
data_fitting: 0.09112787246704102
flux_point: 1.1149346828460693
