n_obs: 10
data_preparation: 3.4069504737854004
writing: 0.1089015007019043
reading: 0.12348651885986328
data_fitting: 0.22498393058776855
flux_point: 1.2368903160095215
