n_obs: 10
data_preparation: 4.480854511260986
writing: 0.3149864673614502
reading: 0.13210415840148926
data_fitting: 0.09189677238464355
flux_point: 1.149167776107788
