n_obs: 10
data_preparation: 3.531905174255371
writing: 1.4362616539001465
reading: 0.11891865730285645
data_fitting: 0.22995829582214355
flux_point: 1.247480869293213
