n_obs: 10
data_preparation: 6.641824722290039
writing: 0.17690038681030273
reading: 0.20227575302124023
data_fitting: 0.5307009220123291
flux_point: 3.574589252471924
