n_obs: 10
data_preparation: 4.182067632675171
writing: 0.13833093643188477
reading: 0.14496660232543945
data_fitting: 0.6093802452087402
flux_point: 5.568217515945435
