n_obs: 10
data_preparation: 3.5158162117004395
writing: 1.3953912258148193
reading: 0.1198117733001709
data_fitting: 0.23158955574035645
flux_point: 1.2538981437683105
