n_obs: 10
data_preparation: 3.512662410736084
writing: 0.32053136825561523
reading: 0.10981059074401855
data_fitting: 0.09229636192321777
flux_point: 1.1127138137817383
