n_obs: 10
data_preparation: 3.433995008468628
writing: 0.23068022727966309
reading: 0.1921858787536621
data_fitting: 1.122899055480957
flux_point: 3.211193084716797
