n_obs: 10
data_preparation: 3.548011541366577
writing: 0.32091498374938965
reading: 0.10916996002197266
data_fitting: 0.08987236022949219
flux_point: 1.0867714881896973
