n_obs: 10
data_preparation: 7.699896812438965
writing: 0.16868162155151367
reading: 0.242659330368042
data_fitting: 0.237654447555542
flux_point: 7.306192874908447
