n_obs: 10
data_preparation: 6.59339714050293
writing: 0.14489006996154785
reading: 0.1648867130279541
data_fitting: 0.18022704124450684
flux_point: 2.5678257942199707
