n_obs: 10
data_preparation: 3.343409776687622
writing: 0.10746645927429199
reading: 0.11851358413696289
data_fitting: 0.2851712703704834
flux_point: 1.2563903331756592
