n_obs: 10
data_preparation: 8.133317470550537
writing: 0.16506385803222656
reading: 0.18817830085754395
data_fitting: 0.21206355094909668
flux_point: 3.0759501457214355
