n_obs: 10
data_preparation: 3.831533193588257
writing: 0.3127717971801758
reading: 0.11426734924316406
data_fitting: 0.09171819686889648
flux_point: 1.0869140625
