n_obs: 10
data_preparation: 3.410745859146118
writing: 0.24733233451843262
reading: 0.20045948028564453
data_fitting: 1.3812620639801025
flux_point: 3.5138204097747803
