n_obs: 10
data_preparation: 6.561664819717407
writing: 0.13467025756835938
reading: 0.1566627025604248
data_fitting: 0.17390871047973633
flux_point: 2.512270212173462
