n_obs: 10
data_preparation: 4.179426908493042
writing: 0.2453136444091797
reading: 0.12919950485229492
data_fitting: 0.09944510459899902
flux_point: 1.1560022830963135
