n_obs: 10
data_preparation: 8.78502631187439
writing: 0.17252802848815918
reading: 0.20482778549194336
data_fitting: 0.2380533218383789
flux_point: 3.9880316257476807
