n_obs: 10
data_preparation: 3.397740602493286
writing: 0.1110987663269043
reading: 0.12674379348754883
data_fitting: 0.22599554061889648
flux_point: 1.2391610145568848
