n_obs: 10
data_preparation: 6.818447828292847
writing: 0.1386251449584961
reading: 0.16348624229431152
data_fitting: 0.18595194816589355
flux_point: 2.6425282955169678
