n_obs: 10
data_preparation: 5.58927321434021
writing: 0.15081000328063965
reading: 0.15295195579528809
data_fitting: 0.14468169212341309
flux_point: 1.9378652572631836
