n_obs: 10
data_preparation: 4.273458242416382
writing: 0.24871039390563965
reading: 0.1302165985107422
data_fitting: 0.09951210021972656
flux_point: 1.1778802871704102
