n_obs: 10
data_preparation: 6.779054880142212
writing: 0.13618826866149902
reading: 0.15877270698547363
data_fitting: 0.18210268020629883
flux_point: 2.6239662170410156
