n_obs: 10
data_preparation: 3.3511486053466797
writing: 0.10773396492004395
reading: 0.11593270301818848
data_fitting: 0.229400634765625
flux_point: 1.212400197982788
