n_obs: 10
data_preparation: 6.670664072036743
writing: 0.13355708122253418
reading: 0.15615463256835938
data_fitting: 0.17889070510864258
flux_point: 2.570852279663086
