n_obs: 10
data_preparation: 3.5615296363830566
writing: 0.3405022621154785
reading: 0.11109542846679688
data_fitting: 0.09341931343078613
flux_point: 1.1227526664733887
