n_obs: 10
data_preparation: 3.588437557220459
writing: 0.3258512020111084
reading: 0.11157774925231934
data_fitting: 0.09272432327270508
flux_point: 1.1295812129974365
