n_obs: 10
data_preparation: 6.135828733444214
writing: 0.13115930557250977
reading: 0.15106582641601562
data_fitting: 0.15899014472961426
flux_point: 1.8950109481811523
