n_obs: 10
data_preparation: 3.5476298332214355
writing: 0.3128321170806885
reading: 0.11159467697143555
data_fitting: 0.09114742279052734
flux_point: 1.1145222187042236
