n_obs: 10
data_preparation: 7.3830225467681885
writing: 0.1487882137298584
reading: 0.170013427734375
data_fitting: 0.12238097190856934
flux_point: 1.5433309078216553
