n_obs: 10
data_preparation: 3.6450886726379395
writing: 0.3403167724609375
reading: 0.11377334594726562
data_fitting: 0.09418606758117676
flux_point: 1.1553075313568115
