n_obs: 10
data_preparation: 8.3952796459198
writing: 0.18965959548950195
reading: 0.2204756736755371
data_fitting: 0.27390527725219727
flux_point: 8.566124677658081
