n_obs: 10
data_preparation: 5.599597930908203
writing: 0.18099665641784668
reading: 0.18978333473205566
data_fitting: 0.37563633918762207
flux_point: 4.081320285797119
