n_obs: 10
data_preparation: 3.582977533340454
writing: 0.32376980781555176
reading: 0.11289596557617188
data_fitting: 0.09096670150756836
flux_point: 1.1070852279663086
