n_obs: 10
data_preparation: 5.007502794265747
writing: 0.1742393970489502
reading: 0.17729592323303223
data_fitting: 0.41309309005737305
flux_point: 16.712527751922607
