n_obs: 10
data_preparation: 7.059895992279053
writing: 0.1809844970703125
reading: 0.21255159378051758
data_fitting: 0.47697997093200684
flux_point: 3.4767870903015137
