n_obs: 10
data_preparation: 10.45119047164917
writing: 0.171372652053833
reading: 0.18669605255126953
data_fitting: 0.20718860626220703
flux_point: 2.964561939239502
