n_obs: 10
data_preparation: 6.513679265975952
writing: 0.1385359764099121
reading: 0.15736007690429688
data_fitting: 0.17425060272216797
flux_point: 2.4784371852874756
