n_obs: 10
data_preparation: 3.5018341541290283
writing: 0.3288886547088623
reading: 0.10833168029785156
data_fitting: 0.0848391056060791
flux_point: 0.9305565357208252
