n_obs: 10
data_preparation: 3.4870786666870117
writing: 0.3609607219696045
reading: 0.1150820255279541
data_fitting: 0.23558759689331055
flux_point: 1.2739672660827637
