n_obs: 10
data_preparation: 3.5420501232147217
writing: 0.33092617988586426
reading: 0.10825324058532715
data_fitting: 0.08913516998291016
flux_point: 1.0840189456939697
