n_obs: 10
data_preparation: 6.2136688232421875
writing: 0.16156005859375
reading: 0.1860356330871582
data_fitting: 0.17754769325256348
flux_point: 2.0261874198913574
