n_obs: 10
data_preparation: 8.509110450744629
writing: 0.14496326446533203
reading: 0.16193652153015137
data_fitting: 0.11758708953857422
flux_point: 1.5096662044525146
