n_obs: 10
data_preparation: 6.480745553970337
writing: 0.13386917114257812
reading: 0.15423178672790527
data_fitting: 0.17224788665771484
flux_point: 2.4703874588012695
