n_obs: 10
data_preparation: 6.190369606018066
writing: 0.1532750129699707
reading: 0.18073630332946777
data_fitting: 0.394334077835083
flux_point: 2.8252644538879395
