n_obs: 10
data_preparation: 6.3030970096588135
writing: 0.14482831954956055
reading: 0.16022443771362305
data_fitting: 0.1754000186920166
flux_point: 2.4950947761535645
