n_obs: 10
data_preparation: 3.1265344619750977
writing: 0.21077752113342285
reading: 0.17208170890808105
data_fitting: 1.0695300102233887
flux_point: 3.112119197845459
