n_obs: 10
data_preparation: 7.022168159484863
writing: 0.146101713180542
reading: 0.17346739768981934
data_fitting: 0.21274685859680176
flux_point: 6.4576332569122314
