n_obs: 10
data_preparation: 3.444171190261841
writing: 0.11448526382446289
reading: 0.1278698444366455
data_fitting: 0.2287302017211914
flux_point: 1.2414333820343018
