n_obs: 10
data_preparation: 6.854859352111816
writing: 0.17339539527893066
reading: 0.17563271522521973
data_fitting: 0.18973517417907715
flux_point: 2.492840051651001
