n_obs: 10
data_preparation: 7.0441367626190186
writing: 0.14446187019348145
reading: 0.162123441696167
data_fitting: 0.11169052124023438
flux_point: 1.413027286529541
