n_obs: 10
data_preparation: 3.450897693634033
writing: 0.10776400566101074
reading: 0.11945962905883789
data_fitting: 0.22847843170166016
flux_point: 1.2434351444244385
