n_obs: 10
data_preparation: 6.571244716644287
writing: 0.13654303550720215
reading: 0.15660929679870605
data_fitting: 0.1774914264678955
flux_point: 2.542276382446289
