n_obs: 10
data_preparation: 6.922524929046631
writing: 0.18526411056518555
reading: 0.19626331329345703
data_fitting: 0.18924474716186523
flux_point: 2.4832746982574463
