n_obs: 10
data_preparation: 4.646239995956421
writing: 0.24642419815063477
reading: 0.13225245475769043
data_fitting: 0.09307551383972168
flux_point: 1.1504135131835938
