n_obs: 10
data_preparation: 6.588392972946167
writing: 0.15370750427246094
reading: 0.17421293258666992
data_fitting: 0.16674470901489258
flux_point: 2.099856376647949
