n_obs: 10
data_preparation: 6.99335241317749
writing: 0.14430832862854004
reading: 0.17090392112731934
data_fitting: 0.19552302360534668
flux_point: 2.9164531230926514
