n_obs: 10
data_preparation: 3.574348211288452
writing: 0.32674598693847656
reading: 0.11123991012573242
data_fitting: 0.09320211410522461
flux_point: 1.1335690021514893
