n_obs: 10
data_preparation: 7.34248948097229
writing: 0.16887331008911133
reading: 0.1946392059326172
data_fitting: 0.23389101028442383
flux_point: 3.946223497390747
