n_obs: 10
data_preparation: 7.9097580909729
writing: 0.19586420059204102
reading: 0.22741222381591797
data_fitting: 0.24142241477966309
flux_point: 3.0653860569000244
