n_obs: 10
data_preparation: 3.924021005630493
writing: 0.3786780834197998
reading: 0.12332034111022949
data_fitting: 0.09715604782104492
flux_point: 1.2136297225952148
