n_obs: 10
data_preparation: 6.428082704544067
writing: 0.1316063404083252
reading: 0.15300869941711426
data_fitting: 0.17184734344482422
flux_point: 2.667109251022339
