n_obs: 10
data_preparation: 3.3221118450164795
writing: 0.24149250984191895
reading: 0.1944408416748047
data_fitting: 1.366006851196289
flux_point: 3.463470458984375
