n_obs: 10
data_preparation: 3.5229406356811523
writing: 0.3219783306121826
reading: 0.10879778861999512
data_fitting: 0.09112071990966797
flux_point: 1.1134443283081055
