n_obs: 10
data_preparation: 3.5715866088867188
writing: 0.3315298557281494
reading: 0.10860466957092285
data_fitting: 0.08593273162841797
flux_point: 0.9493434429168701
