n_obs: 10
data_preparation: 6.696494817733765
writing: 0.17054963111877441
reading: 0.19829154014587402
data_fitting: 0.23956584930419922
flux_point: 2.2737362384796143
