n_obs: 10
data_preparation: 7.070286750793457
writing: 0.14652180671691895
reading: 0.16353249549865723
data_fitting: 0.11081314086914062
flux_point: 1.4139909744262695
