n_obs: 10
data_preparation: 3.719303846359253
writing: 0.41429948806762695
reading: 0.1266331672668457
data_fitting: 0.24289560317993164
flux_point: 1.339836597442627
