n_obs: 10
data_preparation: 9.65596890449524
writing: 0.21046972274780273
reading: 0.2563178539276123
data_fitting: 0.19309687614440918
flux_point: 2.165548801422119
