n_obs: 10
data_preparation: 3.498934268951416
writing: 0.3298330307006836
reading: 0.10893464088439941
data_fitting: 0.08459973335266113
flux_point: 0.9371426105499268
