n_obs: 10
data_preparation: 7.496228933334351
writing: 0.18276596069335938
reading: 0.19113612174987793
data_fitting: 0.22498083114624023
flux_point: 6.8854405879974365
