n_obs: 10
data_preparation: 7.606125116348267
writing: 0.15843415260314941
reading: 0.17994952201843262
data_fitting: 0.21031785011291504
flux_point: 2.977344036102295
