n_obs: 10
data_preparation: 6.833788871765137
writing: 0.14081764221191406
reading: 0.16181254386901855
data_fitting: 0.18297433853149414
flux_point: 2.6263623237609863
