n_obs: 10
data_preparation: 3.462186574935913
writing: 0.10839581489562988
reading: 0.12264561653137207
data_fitting: 0.2303154468536377
flux_point: 1.225315809249878
