n_obs: 10
data_preparation: 3.534330129623413
writing: 0.3167273998260498
reading: 0.10898184776306152
data_fitting: 0.09005260467529297
flux_point: 1.0866649150848389
