n_obs: 10
data_preparation: 3.858762264251709
writing: 0.32001233100891113
reading: 0.11645054817199707
data_fitting: 0.09203004837036133
flux_point: 1.0913865566253662
