n_obs: 10
data_preparation: 6.718722105026245
writing: 0.1806621551513672
reading: 0.20962977409362793
data_fitting: 0.5010244846343994
flux_point: 3.5204317569732666
