n_obs: 10
data_preparation: 8.624019145965576
writing: 0.17647099494934082
reading: 0.19761919975280762
data_fitting: 0.14622044563293457
flux_point: 1.7955331802368164
