n_obs: 10
data_preparation: 3.503647565841675
writing: 0.11119747161865234
reading: 0.12636661529541016
data_fitting: 0.22934603691101074
flux_point: 1.2509968280792236
