n_obs: 10
data_preparation: 5.388103246688843
writing: 0.1365194320678711
reading: 0.1541919708251953
data_fitting: 0.15438055992126465
flux_point: 1.8539323806762695
