n_obs: 10
data_preparation: 9.720632076263428
writing: 0.1925184726715088
reading: 0.23965954780578613
data_fitting: 0.2863960266113281
flux_point: 4.779293775558472
