n_obs: 10
data_preparation: 8.81309723854065
writing: 0.18024611473083496
reading: 0.22167158126831055
data_fitting: 0.2478492259979248
flux_point: 3.632167339324951
