n_obs: 10
data_preparation: 6.799780368804932
writing: 0.13791608810424805
reading: 0.16321468353271484
data_fitting: 0.18076086044311523
flux_point: 2.6260197162628174
