n_obs: 10
data_preparation: 8.525074005126953
writing: 0.1462111473083496
reading: 0.15988445281982422
data_fitting: 0.11000442504882812
flux_point: 1.360276699066162
