n_obs: 10
data_preparation: 3.4953792095184326
writing: 0.2304856777191162
reading: 0.19324254989624023
data_fitting: 1.1198899745941162
flux_point: 3.275458335876465
