n_obs: 10
data_preparation: 3.37784743309021
writing: 0.24054741859436035
reading: 0.19383740425109863
data_fitting: 1.351205587387085
flux_point: 3.519803047180176
