n_obs: 10
data_preparation: 6.5072922706604
writing: 0.16689252853393555
reading: 0.15335512161254883
data_fitting: 0.2205972671508789
flux_point: 2.9591500759124756
