n_obs: 10
data_preparation: 5.998931407928467
writing: 0.1473560333251953
reading: 0.1680607795715332
data_fitting: 0.16689109802246094
flux_point: 1.953122615814209
