n_obs: 10
data_preparation: 3.4982831478118896
writing: 0.3151524066925049
reading: 0.10663247108459473
data_fitting: 0.08492159843444824
flux_point: 0.9323318004608154
