n_obs: 10
data_preparation: 3.3138797283172607
writing: 0.10694384574890137
reading: 0.11787676811218262
data_fitting: 0.2213597297668457
flux_point: 1.190857172012329
