n_obs: 10
data_preparation: 5.889983654022217
writing: 0.12053322792053223
reading: 0.1394641399383545
data_fitting: 0.15947771072387695
flux_point: 2.4759488105773926
