n_obs: 10
data_preparation: 5.513161897659302
writing: 0.17621183395385742
reading: 0.18312692642211914
data_fitting: 0.40805506706237793
flux_point: 3.6466174125671387
