n_obs: 10
data_preparation: 3.8506381511688232
writing: 0.32545971870422363
reading: 0.11416959762573242
data_fitting: 0.09240841865539551
flux_point: 1.0902559757232666
