n_obs: 10
data_preparation: 6.880528450012207
writing: 0.14479732513427734
reading: 0.16202902793884277
data_fitting: 0.11194562911987305
flux_point: 1.4043831825256348
