n_obs: 10
data_preparation: 6.5126519203186035
writing: 0.13465356826782227
reading: 0.15514159202575684
data_fitting: 0.17563414573669434
flux_point: 2.71240496635437
