n_obs: 10
data_preparation: 5.61879825592041
writing: 0.14908862113952637
reading: 0.1491849422454834
data_fitting: 0.12283086776733398
flux_point: 1.6857576370239258
