n_obs: 10
data_preparation: 8.532010078430176
writing: 0.17362189292907715
reading: 0.19858980178833008
data_fitting: 0.14073967933654785
flux_point: 1.791172981262207
