n_obs: 10
data_preparation: 4.13564658164978
writing: 0.1340475082397461
reading: 0.13801002502441406
data_fitting: 0.31655311584472656
flux_point: 2.789595365524292
