n_obs: 10
data_preparation: 6.053360223770142
writing: 0.14975357055664062
reading: 0.17812013626098633
data_fitting: 0.43031764030456543
flux_point: 3.123891830444336
