n_obs: 10
data_preparation: 6.497049808502197
writing: 0.1331470012664795
reading: 0.15465378761291504
data_fitting: 0.17252111434936523
flux_point: 2.480419635772705
