n_obs: 10
data_preparation: 4.541882276535034
writing: 0.31776928901672363
reading: 0.1383650302886963
data_fitting: 0.09493780136108398
flux_point: 1.1712229251861572
