n_obs: 10
data_preparation: 3.3446996212005615
writing: 0.24203062057495117
reading: 0.1919081211090088
data_fitting: 1.3497953414916992
flux_point: 3.4400534629821777
