n_obs: 10
data_preparation: 5.836168050765991
writing: 0.15002155303955078
reading: 0.16927838325500488
data_fitting: 0.2072901725769043
flux_point: 1.9782590866088867
