n_obs: 10
data_preparation: 7.167069673538208
writing: 0.1821434497833252
reading: 0.20281076431274414
data_fitting: 0.20087528228759766
flux_point: 2.3577325344085693
