n_obs: 10
data_preparation: 3.497448682785034
writing: 0.11496663093566895
reading: 0.12919831275939941
data_fitting: 0.2291584014892578
flux_point: 1.2572879791259766
