n_obs: 10
data_preparation: 6.37893533706665
writing: 0.13354063034057617
reading: 0.15262126922607422
data_fitting: 0.16926932334899902
flux_point: 2.615165948867798
