n_obs: 10
data_preparation: 6.185055255889893
writing: 0.17418909072875977
reading: 0.1695399284362793
data_fitting: 0.1512913703918457
flux_point: 1.8089244365692139
