n_obs: 10
data_preparation: 6.328775644302368
writing: 0.16034173965454102
reading: 0.1884760856628418
data_fitting: 0.4296286106109619
flux_point: 2.9267477989196777
