n_obs: 10
data_preparation: 6.469889879226685
writing: 0.1356503963470459
reading: 0.15762019157409668
data_fitting: 0.17225074768066406
flux_point: 2.4863839149475098
