n_obs: 10
data_preparation: 3.7053325176239014
writing: 0.3925974369049072
reading: 0.12682032585144043
data_fitting: 0.23692917823791504
flux_point: 1.296485424041748
