n_obs: 10
data_preparation: 7.440858840942383
writing: 0.14993500709533691
reading: 0.17866230010986328
data_fitting: 0.19592928886413574
flux_point: 2.858776569366455
