n_obs: 10
data_preparation: 7.002700090408325
writing: 0.17117929458618164
reading: 0.18154048919677734
data_fitting: 0.21845602989196777
flux_point: 6.686138153076172
