n_obs: 10
data_preparation: 6.458576679229736
writing: 0.13211822509765625
reading: 0.15264225006103516
data_fitting: 0.17479157447814941
flux_point: 2.4989254474639893
