n_obs: 10
data_preparation: 6.817858457565308
writing: 0.14619803428649902
reading: 0.16822195053100586
data_fitting: 0.16880464553833008
flux_point: 2.0351991653442383
