n_obs: 10
data_preparation: 7.8195085525512695
writing: 0.19483423233032227
reading: 0.19884967803955078
data_fitting: 0.2011404037475586
flux_point: 2.5188729763031006
