n_obs: 10
data_preparation: 5.598841905593872
writing: 0.19997453689575195
reading: 0.20672821998596191
data_fitting: 0.4800302982330322
flux_point: 4.629623174667358
