n_obs: 10
data_preparation: 4.689606189727783
writing: 0.24973344802856445
reading: 0.136793851852417
data_fitting: 0.09590649604797363
flux_point: 1.1833901405334473
