n_obs: 10
data_preparation: 3.523940324783325
writing: 0.3271481990814209
reading: 0.1114499568939209
data_fitting: 0.09108448028564453
flux_point: 1.1203758716583252
