n_obs: 10
data_preparation: 3.351301431655884
writing: 0.1092226505279541
reading: 0.12311697006225586
data_fitting: 0.22474884986877441
flux_point: 1.2041194438934326
