n_obs: 10
data_preparation: 3.559701442718506
writing: 0.31313562393188477
reading: 0.10984396934509277
data_fitting: 0.09171628952026367
flux_point: 1.123622179031372
