n_obs: 10
data_preparation: 6.79862117767334
writing: 0.14475035667419434
reading: 0.16401410102844238
data_fitting: 0.17769551277160645
flux_point: 2.564189910888672
