n_obs: 10
data_preparation: 6.246811866760254
writing: 0.13278436660766602
reading: 0.15105605125427246
data_fitting: 0.17295289039611816
flux_point: 2.452725410461426
