n_obs: 10
data_preparation: 3.3999991416931152
writing: 0.11176848411560059
reading: 0.11623191833496094
data_fitting: 0.22251343727111816
flux_point: 1.2335295677185059
