n_obs: 10
data_preparation: 7.781425476074219
writing: 0.17185568809509277
reading: 0.193375825881958
data_fitting: 0.21310043334960938
flux_point: 3.0499794483184814
