n_obs: 10
data_preparation: 6.563030242919922
writing: 0.13375401496887207
reading: 0.15533447265625
data_fitting: 0.1772444248199463
flux_point: 2.535888671875
