n_obs: 10
data_preparation: 6.008746147155762
writing: 0.15354251861572266
reading: 0.17494535446166992
data_fitting: 0.16460227966308594
flux_point: 1.9326560497283936
