n_obs: 10
data_preparation: 3.567904233932495
writing: 0.3277924060821533
reading: 0.11196231842041016
data_fitting: 0.09129500389099121
flux_point: 1.1227545738220215
