n_obs: 10
data_preparation: 8.294327974319458
writing: 0.1796436309814453
reading: 0.19511651992797852
data_fitting: 0.2333688735961914
flux_point: 4.088792085647583
