n_obs: 10
data_preparation: 4.730170965194702
writing: 0.1640634536743164
reading: 0.16376018524169922
data_fitting: 0.3672502040863037
flux_point: 3.3435847759246826
