n_obs: 10
data_preparation: 7.003722906112671
writing: 0.16657471656799316
reading: 0.1853654384613037
data_fitting: 0.23143696784973145
flux_point: 6.699533462524414
