n_obs: 10
data_preparation: 7.548071622848511
writing: 0.16147398948669434
reading: 0.2358109951019287
data_fitting: 0.2250535488128662
flux_point: 7.11939263343811
