n_obs: 10
data_preparation: 3.9279894828796387
writing: 0.3289527893066406
reading: 0.11805438995361328
data_fitting: 0.09548759460449219
flux_point: 1.1153113842010498
