n_obs: 10
data_preparation: 6.977363109588623
writing: 0.14015626907348633
reading: 0.16640090942382812
data_fitting: 0.18684864044189453
flux_point: 2.70040225982666
