n_obs: 10
data_preparation: 3.6424882411956787
writing: 0.37184715270996094
reading: 0.11571693420410156
data_fitting: 0.09770703315734863
flux_point: 1.2728352546691895
