n_obs: 10
data_preparation: 6.622272968292236
writing: 0.15249156951904297
reading: 0.17542195320129395
data_fitting: 0.1686539649963379
flux_point: 2.0690650939941406
