n_obs: 10
data_preparation: 3.773123025894165
writing: 0.3663022518157959
reading: 0.1152958869934082
data_fitting: 0.09385085105895996
flux_point: 1.157890796661377
