n_obs: 10
data_preparation: 5.868699789047241
writing: 0.16506290435791016
reading: 0.14625310897827148
data_fitting: 0.16764163970947266
flux_point: 2.2558562755584717
