n_obs: 10
data_preparation: 3.410148859024048
writing: 0.25253963470458984
reading: 0.19832444190979004
data_fitting: 1.3698697090148926
flux_point: 3.491629123687744
