n_obs: 10
data_preparation: 3.6760170459747314
writing: 0.3374793529510498
reading: 0.11076188087463379
data_fitting: 0.08574414253234863
flux_point: 0.9411747455596924
