n_obs: 10
data_preparation: 8.050937414169312
writing: 0.1694929599761963
reading: 0.1988811492919922
data_fitting: 0.2249128818511963
flux_point: 3.106318950653076
