n_obs: 10
data_preparation: 3.3531928062438965
writing: 0.10610604286193848
reading: 0.11986970901489258
data_fitting: 0.22244882583618164
flux_point: 1.193673849105835
