n_obs: 10
data_preparation: 7.903545618057251
writing: 0.16036462783813477
reading: 0.18332409858703613
data_fitting: 0.20794057846069336
flux_point: 3.0337283611297607
