n_obs: 10
data_preparation: 3.532658338546753
writing: 1.4759249687194824
reading: 0.12259674072265625
data_fitting: 0.2376234531402588
flux_point: 1.2893707752227783
