n_obs: 10
data_preparation: 7.051232814788818
writing: 0.19116878509521484
reading: 0.2279369831085205
data_fitting: 0.5241458415985107
flux_point: 3.5830941200256348
