n_obs: 10
data_preparation: 8.693224668502808
writing: 0.19487309455871582
reading: 0.22201156616210938
data_fitting: 0.17010903358459473
flux_point: 1.9537584781646729
