n_obs: 10
data_preparation: 6.6311585903167725
writing: 0.18700289726257324
reading: 0.20509004592895508
data_fitting: 0.5198400020599365
flux_point: 3.570262908935547
