n_obs: 10
data_preparation: 5.453827142715454
writing: 0.20582008361816406
reading: 0.21251440048217773
data_fitting: 0.42058587074279785
flux_point: 4.302319765090942
