n_obs: 10
data_preparation: 3.558065414428711
writing: 0.11183929443359375
reading: 0.12376928329467773
data_fitting: 0.23345565795898438
flux_point: 1.2746012210845947
