n_obs: 10
data_preparation: 6.97204852104187
writing: 0.1769425868988037
reading: 0.17730426788330078
data_fitting: 0.1624617576599121
flux_point: 2.257458209991455
