n_obs: 10
data_preparation: 6.2681498527526855
writing: 0.13394451141357422
reading: 0.15400171279907227
data_fitting: 0.17446613311767578
flux_point: 2.4679548740386963
