n_obs: 10
data_preparation: 6.624864339828491
writing: 0.13509130477905273
reading: 0.1569962501525879
data_fitting: 0.1811692714691162
flux_point: 2.606891393661499
