n_obs: 10
data_preparation: 3.582035779953003
writing: 0.10848855972290039
reading: 0.12221789360046387
data_fitting: 0.2303469181060791
flux_point: 1.2546980381011963
