n_obs: 10
data_preparation: 6.691685676574707
writing: 0.14089345932006836
reading: 0.16414403915405273
data_fitting: 0.1782855987548828
flux_point: 2.5506229400634766
