n_obs: 10
data_preparation: 7.805078744888306
writing: 0.17266058921813965
reading: 0.17804288864135742
data_fitting: 0.08746767044067383
flux_point: 3.2124619483947754
