n_obs: 10
data_preparation: 7.011596918106079
writing: 0.17402219772338867
reading: 0.19701695442199707
data_fitting: 0.18730425834655762
flux_point: 2.2972683906555176
