n_obs: 10
data_preparation: 8.298309803009033
writing: 0.2211456298828125
reading: 0.2575545310974121
data_fitting: 0.31143641471862793
flux_point: 2.942887544631958
