n_obs: 10
data_preparation: 8.391983032226562
writing: 0.1750810146331787
reading: 0.19732880592346191
data_fitting: 0.14468693733215332
flux_point: 1.7821624279022217
