n_obs: 10
data_preparation: 5.291757345199585
writing: 0.17903995513916016
reading: 0.18674373626708984
data_fitting: 0.3709540367126465
flux_point: 3.9090447425842285
