n_obs: 10
data_preparation: 8.121217966079712
writing: 0.20850825309753418
reading: 0.2437610626220703
data_fitting: 0.3109705448150635
flux_point: 2.955191135406494
