n_obs: 10
data_preparation: 6.636099576950073
writing: 0.13384246826171875
reading: 0.15790414810180664
data_fitting: 0.17583584785461426
flux_point: 2.5366909503936768
