n_obs: 10
data_preparation: 4.721271753311157
writing: 0.15101408958435059
reading: 0.16065406799316406
data_fitting: 0.6381340026855469
flux_point: 6.100464820861816
