n_obs: 10
data_preparation: 3.218590259552002
writing: 0.09994125366210938
reading: 0.1105501651763916
data_fitting: 0.2051844596862793
flux_point: 1.2343382835388184
