n_obs: 10
data_preparation: 3.4581058025360107
writing: 0.2744171619415283
reading: 0.1991288661956787
data_fitting: 1.4017584323883057
flux_point: 3.56290602684021
