n_obs: 10
data_preparation: 3.5969128608703613
writing: 0.3681313991546631
reading: 0.12149524688720703
data_fitting: 0.2374122142791748
flux_point: 1.289792537689209
