n_obs: 10
data_preparation: 7.6555211544036865
writing: 0.15663695335388184
reading: 0.18222260475158691
data_fitting: 0.21250653266906738
flux_point: 3.0396978855133057
