n_obs: 10
data_preparation: 3.6178386211395264
writing: 0.33045291900634766
reading: 0.11514425277709961
data_fitting: 0.09493446350097656
flux_point: 1.1615009307861328
