n_obs: 10
data_preparation: 3.440566062927246
writing: 0.10947060585021973
reading: 0.12174344062805176
data_fitting: 0.22676587104797363
flux_point: 1.2497403621673584
