n_obs: 10
data_preparation: 6.993690252304077
writing: 0.1851365566253662
reading: 0.1841261386871338
data_fitting: 0.18746447563171387
flux_point: 2.475886344909668
