n_obs: 10
data_preparation: 5.861603736877441
writing: 0.14795970916748047
reading: 0.1775662899017334
data_fitting: 0.4005587100982666
flux_point: 2.886918067932129
