n_obs: 10
data_preparation: 6.893395900726318
writing: 0.14923787117004395
reading: 0.16839265823364258
data_fitting: 0.1702098846435547
flux_point: 2.1659228801727295
