n_obs: 10
data_preparation: 8.652711629867554
writing: 0.20262789726257324
reading: 0.20543241500854492
data_fitting: 0.10513663291931152
flux_point: 3.8291213512420654
