n_obs: 10
data_preparation: 3.7721590995788574
writing: 0.4029371738433838
reading: 0.11883902549743652
data_fitting: 0.10076403617858887
flux_point: 1.326373815536499
