n_obs: 10
data_preparation: 6.020057439804077
writing: 0.14760923385620117
reading: 0.16866278648376465
data_fitting: 0.16372990608215332
flux_point: 1.9400601387023926
