n_obs: 10
data_preparation: 3.4934966564178467
writing: 0.3169400691986084
reading: 0.10855674743652344
data_fitting: 0.08929872512817383
flux_point: 1.0965993404388428
