n_obs: 10
data_preparation: 4.346665382385254
writing: 0.26285839080810547
reading: 0.13799238204956055
data_fitting: 0.10401201248168945
flux_point: 1.2156872749328613
