n_obs: 10
data_preparation: 9.384035348892212
writing: 0.16295695304870605
reading: 0.1814584732055664
data_fitting: 0.12803292274475098
flux_point: 1.596076250076294
