n_obs: 10
data_preparation: 4.043375492095947
writing: 0.3994436264038086
reading: 0.12870216369628906
data_fitting: 0.10309886932373047
flux_point: 1.252795696258545
