n_obs: 10
data_preparation: 12.372331142425537
writing: 0.21477508544921875
reading: 0.2543303966522217
data_fitting: 0.2609274387359619
flux_point: 4.317192554473877
