n_obs: 10
data_preparation: 6.83210015296936
writing: 0.17076516151428223
reading: 0.19043421745300293
data_fitting: 0.186722993850708
flux_point: 2.2712533473968506
