n_obs: 10
data_preparation: 4.200277090072632
writing: 0.25580716133117676
reading: 0.1341252326965332
data_fitting: 0.1012723445892334
flux_point: 1.1727092266082764
