n_obs: 10
data_preparation: 3.8142614364624023
writing: 0.32230186462402344
reading: 0.11412787437438965
data_fitting: 0.09220433235168457
flux_point: 1.0745761394500732
