n_obs: 10
data_preparation: 4.436394929885864
writing: 0.3110649585723877
reading: 0.129166841506958
data_fitting: 0.09311723709106445
flux_point: 1.1265883445739746
