n_obs: 10
data_preparation: 3.1242761611938477
writing: 0.2154996395111084
reading: 0.17394280433654785
data_fitting: 1.064882516860962
flux_point: 3.106661081314087
