n_obs: 10
data_preparation: 3.5405261516571045
writing: 0.3779118061065674
reading: 0.12102603912353516
data_fitting: 0.23373150825500488
flux_point: 1.2763481140136719
