n_obs: 10
data_preparation: 6.671511650085449
writing: 0.1525731086730957
reading: 0.15372467041015625
data_fitting: 0.07715082168579102
flux_point: 2.814455270767212
