n_obs: 10
data_preparation: 6.553252935409546
writing: 0.1350383758544922
reading: 0.15923571586608887
data_fitting: 0.1725294589996338
flux_point: 2.4870920181274414
