n_obs: 10
data_preparation: 7.123651742935181
writing: 0.19208550453186035
reading: 0.2129969596862793
data_fitting: 0.2216174602508545
flux_point: 2.396106719970703
