n_obs: 10
data_preparation: 7.259110450744629
writing: 0.20885372161865234
reading: 0.18265199661254883
data_fitting: 0.30887365341186523
flux_point: 4.173515796661377
