n_obs: 10
data_preparation: 4.025455713272095
writing: 0.36967039108276367
reading: 0.12029266357421875
data_fitting: 0.0962364673614502
flux_point: 1.1533286571502686
