n_obs: 10
data_preparation: 5.184232950210571
writing: 0.27870893478393555
reading: 0.14799928665161133
data_fitting: 0.10480737686157227
flux_point: 1.2947800159454346
