n_obs: 10
data_preparation: 3.5652542114257812
writing: 0.34237170219421387
reading: 0.11198234558105469
data_fitting: 0.09371662139892578
flux_point: 1.1205089092254639
