n_obs: 10
data_preparation: 3.5071239471435547
writing: 0.31920623779296875
reading: 0.10930252075195312
data_fitting: 0.08940649032592773
flux_point: 1.090756893157959
