n_obs: 10
data_preparation: 6.181877851486206
writing: 0.138962984085083
reading: 0.1592426300048828
data_fitting: 0.18840932846069336
flux_point: 5.807615280151367
