n_obs: 10
data_preparation: 3.6176395416259766
writing: 0.3783082962036133
reading: 0.11104750633239746
data_fitting: 0.09211587905883789
flux_point: 1.1126618385314941
