n_obs: 10
data_preparation: 3.541795492172241
writing: 0.3281583786010742
reading: 0.10959577560424805
data_fitting: 0.08985400199890137
flux_point: 1.0868644714355469
