n_obs: 10
data_preparation: 8.704983472824097
writing: 0.13872718811035156
reading: 0.1556835174560547
data_fitting: 0.16873550415039062
flux_point: 2.5255253314971924
