n_obs: 10
data_preparation: 3.509427070617676
writing: 0.32317376136779785
reading: 0.10706567764282227
data_fitting: 0.08433818817138672
flux_point: 0.9294800758361816
