n_obs: 10
data_preparation: 4.206947088241577
writing: 0.24638795852661133
reading: 0.1294693946838379
data_fitting: 0.09772944450378418
flux_point: 1.1729111671447754
