n_obs: 10
data_preparation: 3.4788808822631836
writing: 0.10710358619689941
reading: 0.11870694160461426
data_fitting: 0.22770476341247559
flux_point: 1.228135585784912
