n_obs: 10
data_preparation: 5.42734169960022
writing: 0.14737272262573242
reading: 0.15072178840637207
data_fitting: 0.12510299682617188
flux_point: 1.6257317066192627
