n_obs: 10
data_preparation: 7.716306447982788
writing: 0.1559431552886963
reading: 0.18309664726257324
data_fitting: 0.20622038841247559
flux_point: 2.9491453170776367
