n_obs: 10
data_preparation: 4.950456619262695
writing: 0.16300344467163086
reading: 0.1666402816772461
data_fitting: 0.4048326015472412
flux_point: 3.5812134742736816
