n_obs: 10
data_preparation: 12.110346794128418
writing: 0.214064359664917
reading: 0.247147798538208
data_fitting: 0.18715763092041016
flux_point: 2.3612470626831055
