n_obs: 10
data_preparation: 9.153028964996338
writing: 0.21909713745117188
reading: 0.23305821418762207
data_fitting: 0.2940523624420166
flux_point: 8.8660409450531
