n_obs: 10
data_preparation: 3.3676533699035645
writing: 0.24160146713256836
reading: 0.19385313987731934
data_fitting: 1.3673899173736572
flux_point: 3.497478485107422
