n_obs: 10
data_preparation: 8.49794888496399
writing: 0.1743485927581787
reading: 0.1989455223083496
data_fitting: 0.1412062644958496
flux_point: 1.7830939292907715
