n_obs: 10
data_preparation: 7.43599796295166
writing: 0.1528491973876953
reading: 0.1742842197418213
data_fitting: 0.20247101783752441
flux_point: 2.970283269882202
