n_obs: 10
data_preparation: 5.505751609802246
writing: 0.23223400115966797
reading: 0.21717524528503418
data_fitting: 0.455676794052124
flux_point: 4.62801718711853
