n_obs: 10
data_preparation: 10.282984972000122
writing: 0.2175605297088623
reading: 0.24944663047790527
data_fitting: 0.29076266288757324
flux_point: 4.905218601226807
