n_obs: 10
data_preparation: 7.03021502494812
writing: 0.14832639694213867
reading: 0.16754746437072754
data_fitting: 0.1216588020324707
flux_point: 1.5142714977264404
