n_obs: 10
data_preparation: 6.879580736160278
writing: 0.150681734085083
reading: 0.17151093482971191
data_fitting: 0.17098093032836914
flux_point: 2.18087100982666
