n_obs: 10
data_preparation: 9.309783458709717
writing: 0.20933914184570312
reading: 0.24471616744995117
data_fitting: 0.2537548542022705
flux_point: 3.4049272537231445
