n_obs: 10
data_preparation: 8.782102346420288
writing: 0.2172698974609375
reading: 0.2584671974182129
data_fitting: 0.27670979499816895
flux_point: 3.4011781215667725
