n_obs: 10
data_preparation: 4.882696151733398
writing: 0.16939973831176758
reading: 0.16696906089782715
data_fitting: 0.330033540725708
flux_point: 3.4405717849731445
