n_obs: 10
data_preparation: 3.291804552078247
writing: 0.09580874443054199
reading: 0.12019085884094238
data_fitting: 0.2725682258605957
flux_point: 1.1495232582092285
