n_obs: 10
data_preparation: 3.306368589401245
writing: 0.23577189445495605
reading: 0.18892455101013184
data_fitting: 1.347801685333252
flux_point: 3.422668933868408
