n_obs: 10
data_preparation: 6.649846076965332
writing: 0.15165281295776367
reading: 0.16806530952453613
data_fitting: 0.18343544006347656
flux_point: 2.6354784965515137
