n_obs: 10
data_preparation: 5.819643020629883
writing: 0.1190330982208252
reading: 0.1402444839477539
data_fitting: 0.16487479209899902
flux_point: 2.383090019226074
