n_obs: 10
data_preparation: 8.854068517684937
writing: 0.20429396629333496
reading: 0.21113991737365723
data_fitting: 0.10657405853271484
flux_point: 3.9476802349090576
