n_obs: 10
data_preparation: 5.373404502868652
writing: 0.16222071647644043
reading: 0.15682506561279297
data_fitting: 0.7134709358215332
flux_point: 6.518279552459717
