n_obs: 10
data_preparation: 3.3385262489318848
writing: 0.10702037811279297
reading: 0.11933493614196777
data_fitting: 0.22231602668762207
flux_point: 1.1947343349456787
