n_obs: 10
data_preparation: 8.832869052886963
writing: 0.14363813400268555
reading: 0.16031384468078613
data_fitting: 0.1731734275817871
flux_point: 2.4711525440216064
