n_obs: 10
data_preparation: 8.687065839767456
writing: 0.17998957633972168
reading: 0.21138930320739746
data_fitting: 0.272141695022583
flux_point: 4.4112584590911865
