n_obs: 10
data_preparation: 3.6008780002593994
writing: 0.31292176246643066
reading: 0.11274504661560059
data_fitting: 0.0942690372467041
flux_point: 1.1456904411315918
