n_obs: 10
data_preparation: 6.2618536949157715
writing: 0.13267731666564941
reading: 0.15410447120666504
data_fitting: 0.15822172164916992
flux_point: 2.0917389392852783
