n_obs: 10
data_preparation: 5.625176429748535
writing: 0.13168978691101074
reading: 0.15106749534606934
data_fitting: 0.35926365852355957
flux_point: 2.528839349746704
