n_obs: 10
data_preparation: 3.425839424133301
writing: 0.10771465301513672
reading: 0.11915731430053711
data_fitting: 0.2252061367034912
flux_point: 1.2180407047271729
