n_obs: 10
data_preparation: 3.6968817710876465
writing: 0.3782613277435303
reading: 0.11633944511413574
data_fitting: 0.09842920303344727
flux_point: 1.308974266052246
