n_obs: 10
data_preparation: 8.555634021759033
writing: 0.2262735366821289
reading: 0.25490307807922363
data_fitting: 0.3252284526824951
flux_point: 3.1069254875183105
