n_obs: 10
data_preparation: 4.2631611824035645
writing: 0.2506229877471924
reading: 0.1323986053466797
data_fitting: 0.1001734733581543
flux_point: 1.199035406112671
