n_obs: 10
data_preparation: 3.431962490081787
writing: 0.10570359230041504
reading: 0.1205744743347168
data_fitting: 0.28829360008239746
flux_point: 1.2556016445159912
