n_obs: 10
data_preparation: 3.5602221488952637
writing: 0.30739927291870117
reading: 0.11220097541809082
data_fitting: 0.09293270111083984
flux_point: 1.1418561935424805
