n_obs: 10
data_preparation: 8.09408974647522
writing: 0.20738530158996582
reading: 0.24239778518676758
data_fitting: 0.24961018562316895
flux_point: 3.208200454711914
