n_obs: 10
data_preparation: 3.539729118347168
writing: 0.31360411643981934
reading: 0.1099388599395752
data_fitting: 0.09262824058532715
flux_point: 1.1199126243591309
