n_obs: 10
data_preparation: 6.596241474151611
writing: 0.13278889656066895
reading: 0.15803122520446777
data_fitting: 0.1772449016571045
flux_point: 2.558628559112549
