n_obs: 10
data_preparation: 6.242029905319214
writing: 0.1629633903503418
reading: 0.1633014678955078
data_fitting: 0.14943313598632812
flux_point: 1.9529199600219727
