n_obs: 10
data_preparation: 3.525914192199707
writing: 0.32980966567993164
reading: 0.11033987998962402
data_fitting: 0.08517718315124512
flux_point: 0.9348008632659912
