n_obs: 10
data_preparation: 3.5271124839782715
writing: 0.3228132724761963
reading: 0.1124567985534668
data_fitting: 0.09122776985168457
flux_point: 1.098146677017212
