n_obs: 10
data_preparation: 6.0756309032440186
writing: 0.15703392028808594
reading: 0.1798381805419922
data_fitting: 0.16621994972229004
flux_point: 2.0025558471679688
