n_obs: 10
data_preparation: 7.273804187774658
writing: 0.21661996841430664
reading: 0.17978382110595703
data_fitting: 0.25646209716796875
flux_point: 3.19803524017334
