n_obs: 10
data_preparation: 6.712559938430786
writing: 0.13609910011291504
reading: 0.15843987464904785
data_fitting: 0.18309783935546875
flux_point: 2.6336326599121094
