n_obs: 10
data_preparation: 3.731376886367798
writing: 0.371049165725708
reading: 0.11594700813293457
data_fitting: 0.09762239456176758
flux_point: 1.1680383682250977
