n_obs: 10
data_preparation: 6.304039001464844
writing: 0.1562507152557373
reading: 0.1839456558227539
data_fitting: 0.39092564582824707
flux_point: 2.810049057006836
