n_obs: 10
data_preparation: 3.540442943572998
writing: 0.32657480239868164
reading: 0.10965251922607422
data_fitting: 0.08981800079345703
flux_point: 1.0772390365600586
