n_obs: 10
data_preparation: 7.196326732635498
writing: 0.17249774932861328
reading: 0.1819155216217041
data_fitting: 0.22403788566589355
flux_point: 6.9320197105407715
