n_obs: 10
data_preparation: 4.899706125259399
writing: 0.13773703575134277
reading: 0.12180137634277344
data_fitting: 0.10821723937988281
flux_point: 1.3769845962524414
