n_obs: 10
data_preparation: 3.613231897354126
writing: 0.3421134948730469
reading: 0.1105949878692627
data_fitting: 0.09114861488342285
flux_point: 1.1336936950683594
