n_obs: 10
data_preparation: 3.3970963954925537
writing: 0.10758376121520996
reading: 0.11873149871826172
data_fitting: 0.23150229454040527
flux_point: 1.2298333644866943
