n_obs: 10
data_preparation: 3.6018505096435547
writing: 0.3440744876861572
reading: 0.11115813255310059
data_fitting: 0.09130573272705078
flux_point: 1.1198742389678955
