n_obs: 10
data_preparation: 3.492513656616211
writing: 0.11207199096679688
reading: 0.12528514862060547
data_fitting: 0.23289132118225098
flux_point: 1.2635374069213867
