n_obs: 10
data_preparation: 6.085339546203613
writing: 0.1529521942138672
reading: 0.1553807258605957
data_fitting: 0.1454613208770752
flux_point: 1.8955373764038086
