n_obs: 10
data_preparation: 4.389017343521118
writing: 0.30541157722473145
reading: 0.12793302536010742
data_fitting: 0.09212231636047363
flux_point: 1.1147704124450684
