n_obs: 10
data_preparation: 6.092177152633667
writing: 0.14983677864074707
reading: 0.16893863677978516
data_fitting: 0.16797566413879395
flux_point: 1.9805269241333008
