n_obs: 10
data_preparation: 8.982202529907227
writing: 0.1818711757659912
reading: 0.21414756774902344
data_fitting: 0.1683969497680664
flux_point: 2.073071002960205
