n_obs: 10
data_preparation: 3.507385492324829
writing: 0.1132497787475586
reading: 0.12172937393188477
data_fitting: 0.22824549674987793
flux_point: 1.2495477199554443
