n_obs: 10
data_preparation: 8.360111236572266
writing: 0.21568083763122559
reading: 0.23983216285705566
data_fitting: 0.25264501571655273
flux_point: 3.097604751586914
