n_obs: 10
data_preparation: 3.560603618621826
writing: 0.3298470973968506
reading: 0.10887384414672852
data_fitting: 0.09040951728820801
flux_point: 1.084644079208374
