n_obs: 10
data_preparation: 3.4973502159118652
writing: 0.10809731483459473
reading: 0.12106895446777344
data_fitting: 0.23107600212097168
flux_point: 1.2330048084259033
