n_obs: 10
data_preparation: 6.609676837921143
writing: 0.13252806663513184
reading: 0.15474915504455566
data_fitting: 0.18113970756530762
flux_point: 2.570812702178955
