n_obs: 10
data_preparation: 10.605923414230347
writing: 0.23015499114990234
reading: 0.25478124618530273
data_fitting: 0.19766783714294434
flux_point: 2.629765748977661
