n_obs: 10
data_preparation: 3.5939552783966064
writing: 0.3367767333984375
reading: 0.11136555671691895
data_fitting: 0.09312248229980469
flux_point: 1.1175956726074219
