n_obs: 10
data_preparation: 7.88904333114624
writing: 0.20760679244995117
reading: 0.22775530815124512
data_fitting: 0.3133866786956787
flux_point: 2.867537260055542
