n_obs: 10
data_preparation: 8.49386978149414
writing: 0.18784093856811523
reading: 0.20319628715515137
data_fitting: 0.10474491119384766
flux_point: 3.6873292922973633
