n_obs: 10
data_preparation: 3.508037567138672
writing: 0.10879731178283691
reading: 0.12111258506774902
data_fitting: 0.229902982711792
flux_point: 1.246100902557373
