n_obs: 10
data_preparation: 8.323487520217896
writing: 0.18700504302978516
reading: 0.19755840301513672
data_fitting: 0.09971404075622559
flux_point: 3.6387126445770264
