n_obs: 10
data_preparation: 9.980351448059082
writing: 0.20667743682861328
reading: 0.24425268173217773
data_fitting: 0.19492673873901367
flux_point: 2.224419116973877
