n_obs: 10
data_preparation: 3.5006980895996094
writing: 0.1067972183227539
reading: 0.11852335929870605
data_fitting: 0.22650933265686035
flux_point: 1.2283048629760742
