n_obs: 10
data_preparation: 3.4432637691497803
writing: 0.11123228073120117
reading: 0.12192368507385254
data_fitting: 0.22721433639526367
flux_point: 1.2251911163330078
