n_obs: 10
data_preparation: 6.981090545654297
writing: 0.1762866973876953
reading: 0.19969463348388672
data_fitting: 0.19053101539611816
flux_point: 2.2951228618621826
