n_obs: 10
data_preparation: 5.576558351516724
writing: 0.1473093032836914
reading: 0.14193439483642578
data_fitting: 0.13138651847839355
flux_point: 1.7337758541107178
