n_obs: 10
data_preparation: 8.518864631652832
writing: 0.14619803428649902
reading: 0.1610267162322998
data_fitting: 0.11782526969909668
flux_point: 1.4748971462249756
