n_obs: 10
data_preparation: 7.143494367599487
writing: 0.14974379539489746
reading: 0.16910552978515625
data_fitting: 0.11891913414001465
flux_point: 1.5010290145874023
