n_obs: 10
data_preparation: 3.494309186935425
writing: 0.11054539680480957
reading: 0.12121200561523438
data_fitting: 0.23354053497314453
flux_point: 1.2906718254089355
