n_obs: 10
data_preparation: 6.471044301986694
writing: 0.13335800170898438
reading: 0.15633463859558105
data_fitting: 0.1728813648223877
flux_point: 2.471414804458618
