n_obs: 10
data_preparation: 6.0974085330963135
writing: 0.19729113578796387
reading: 0.21391081809997559
data_fitting: 0.9217808246612549
flux_point: 8.572738647460938
