n_obs: 10
data_preparation: 6.615001678466797
writing: 0.1383984088897705
reading: 0.15984487533569336
data_fitting: 0.1750926971435547
flux_point: 2.5400238037109375
