n_obs: 10
data_preparation: 3.565025806427002
writing: 0.3549811840057373
reading: 0.10952877998352051
data_fitting: 0.09186506271362305
flux_point: 1.0991432666778564
