n_obs: 10
data_preparation: 5.086913585662842
writing: 0.18762874603271484
reading: 0.19941997528076172
data_fitting: 0.4719536304473877
flux_point: 4.261098146438599
