n_obs: 10
data_preparation: 5.881239414215088
writing: 0.1471729278564453
reading: 0.17298221588134766
data_fitting: 0.3777790069580078
flux_point: 2.6499600410461426
