n_obs: 10
data_preparation: 3.4862520694732666
writing: 0.3484609127044678
reading: 0.1178436279296875
data_fitting: 0.23058772087097168
flux_point: 1.2280635833740234
