n_obs: 10
data_preparation: 5.390846252441406
writing: 0.1886751651763916
reading: 0.19495844841003418
data_fitting: 0.3938004970550537
flux_point: 4.150528430938721
