n_obs: 10
data_preparation: 4.0390825271606445
writing: 0.2312159538269043
reading: 0.1213831901550293
data_fitting: 0.0916893482208252
flux_point: 1.1205112934112549
