n_obs: 10
data_preparation: 3.288332939147949
writing: 0.2359294891357422
reading: 0.19049859046936035
data_fitting: 1.3530056476593018
flux_point: 3.4591524600982666
