n_obs: 10
data_preparation: 3.2716875076293945
writing: 0.216721773147583
reading: 0.17579340934753418
data_fitting: 1.0724434852600098
flux_point: 3.127728223800659
