n_obs: 10
data_preparation: 3.538710117340088
writing: 0.32162976264953613
reading: 0.10964322090148926
data_fitting: 0.09327864646911621
flux_point: 1.1040289402008057
