n_obs: 10
data_preparation: 3.7290210723876953
writing: 0.35734081268310547
reading: 0.1159214973449707
data_fitting: 0.09579229354858398
flux_point: 1.1765007972717285
