n_obs: 10
data_preparation: 6.827078819274902
writing: 0.14874696731567383
reading: 0.17056679725646973
data_fitting: 0.17050886154174805
flux_point: 2.2399134635925293
