n_obs: 10
data_preparation: 3.575669288635254
writing: 0.3177638053894043
reading: 0.11143732070922852
data_fitting: 0.09460759162902832
flux_point: 1.1476876735687256
