n_obs: 10
data_preparation: 3.3237767219543457
writing: 0.10784435272216797
reading: 0.11988520622253418
data_fitting: 0.2209625244140625
flux_point: 1.1959991455078125
