n_obs: 10
data_preparation: 5.9110987186431885
writing: 0.14400029182434082
reading: 0.15320372581481934
data_fitting: 0.18776726722717285
flux_point: 5.766101598739624
