n_obs: 10
data_preparation: 3.5007667541503906
writing: 0.37282752990722656
reading: 0.11935567855834961
data_fitting: 0.2326493263244629
flux_point: 1.301511287689209
