n_obs: 10
data_preparation: 4.625059127807617
writing: 0.33206605911254883
reading: 0.1351604461669922
data_fitting: 0.09468960762023926
flux_point: 1.155045986175537
