n_obs: 10
data_preparation: 3.5601255893707275
writing: 0.35524749755859375
reading: 0.1109306812286377
data_fitting: 0.09813904762268066
flux_point: 1.2525877952575684
