n_obs: 10
data_preparation: 4.466378450393677
writing: 0.3123152256011963
reading: 0.1334705352783203
data_fitting: 0.09073376655578613
flux_point: 1.1233546733856201
