n_obs: 10
data_preparation: 3.6707868576049805
writing: 0.34984922409057617
reading: 0.11381840705871582
data_fitting: 0.09273266792297363
flux_point: 1.2064895629882812
