n_obs: 10
data_preparation: 7.7558064460754395
writing: 0.15691876411437988
reading: 0.1839132308959961
data_fitting: 0.21327424049377441
flux_point: 3.0313732624053955
