n_obs: 10
data_preparation: 3.639921188354492
writing: 0.3300297260284424
reading: 0.11507892608642578
data_fitting: 0.09280228614807129
flux_point: 1.1236240863800049
