n_obs: 10
data_preparation: 3.4381816387176514
writing: 0.3603343963623047
reading: 0.11293601989746094
data_fitting: 0.233504056930542
flux_point: 1.2393851280212402
