n_obs: 10
data_preparation: 8.574402570724487
writing: 0.14728689193725586
reading: 0.16290879249572754
data_fitting: 0.11083555221557617
flux_point: 1.3383533954620361
