n_obs: 10
data_preparation: 3.5415029525756836
writing: 0.32536816596984863
reading: 0.11081600189208984
data_fitting: 0.09263968467712402
flux_point: 1.1354029178619385
