n_obs: 10
data_preparation: 5.424654960632324
writing: 0.14502978324890137
reading: 0.17421698570251465
data_fitting: 1.2057831287384033
flux_point: 11.645427465438843
