n_obs: 10
data_preparation: 7.5215229988098145
writing: 0.17368078231811523
reading: 0.1949903964996338
data_fitting: 0.1919879913330078
flux_point: 2.351644992828369
