n_obs: 10
data_preparation: 3.4102954864501953
writing: 0.1080317497253418
reading: 0.11747264862060547
data_fitting: 0.22451281547546387
flux_point: 1.2194271087646484
