n_obs: 10
data_preparation: 3.4923133850097656
writing: 1.3866939544677734
reading: 0.11824798583984375
data_fitting: 0.2327737808227539
flux_point: 1.237309455871582
