n_obs: 10
data_preparation: 4.568547248840332
writing: 0.3290224075317383
reading: 0.1352074146270752
data_fitting: 0.09412550926208496
flux_point: 1.1638169288635254
