n_obs: 10
data_preparation: 3.54638409614563
writing: 0.35761094093322754
reading: 0.11025547981262207
data_fitting: 0.09230184555053711
flux_point: 1.0969078540802002
