n_obs: 10
data_preparation: 9.990314245223999
writing: 0.16769003868103027
reading: 0.18477463722229004
data_fitting: 0.13813376426696777
flux_point: 1.7269067764282227
