n_obs: 10
data_preparation: 3.5734426975250244
writing: 0.10963702201843262
reading: 0.12373828887939453
data_fitting: 0.22924399375915527
flux_point: 1.2712814807891846
