n_obs: 10
data_preparation: 3.4523391723632812
writing: 0.10803413391113281
reading: 0.11914372444152832
data_fitting: 0.22577953338623047
flux_point: 1.2326421737670898
