n_obs: 10
data_preparation: 6.925840139389038
writing: 0.1453685760498047
reading: 0.160691499710083
data_fitting: 0.11108994483947754
flux_point: 1.3980743885040283
