n_obs: 10
data_preparation: 3.2997822761535645
writing: 0.1067955493927002
reading: 0.11739063262939453
data_fitting: 0.2077035903930664
flux_point: 1.2667787075042725
