n_obs: 10
data_preparation: 3.669583559036255
writing: 0.11672353744506836
reading: 0.13027119636535645
data_fitting: 0.24385762214660645
flux_point: 1.3095223903656006
