n_obs: 10
data_preparation: 3.3466150760650635
writing: 0.23897266387939453
reading: 0.19022750854492188
data_fitting: 1.3489983081817627
flux_point: 3.4966351985931396
