n_obs: 10
data_preparation: 3.5001511573791504
writing: 0.36044812202453613
reading: 0.11644506454467773
data_fitting: 0.23569226264953613
flux_point: 1.2705440521240234
