n_obs: 10
data_preparation: 7.595071077346802
writing: 0.165879487991333
reading: 0.17522978782653809
data_fitting: 0.2145988941192627
flux_point: 6.423434734344482
