n_obs: 10
data_preparation: 6.788964748382568
writing: 0.14366888999938965
reading: 0.20396876335144043
data_fitting: 0.2407064437866211
flux_point: 7.242903470993042
