n_obs: 10
data_preparation: 8.781720876693726
writing: 0.18528413772583008
reading: 0.20896029472351074
data_fitting: 0.23557662963867188
flux_point: 3.9934444427490234
