n_obs: 10
data_preparation: 3.365741014480591
writing: 0.24339032173156738
reading: 0.19632363319396973
data_fitting: 1.381225824356079
flux_point: 3.489590644836426
