n_obs: 10
data_preparation: 3.6562349796295166
writing: 0.3557121753692627
reading: 0.11365032196044922
data_fitting: 0.08815956115722656
flux_point: 0.9781250953674316
