n_obs: 10
data_preparation: 3.229477882385254
writing: 0.09985566139221191
reading: 0.11644864082336426
data_fitting: 0.20600605010986328
flux_point: 1.2754340171813965
