n_obs: 10
data_preparation: 6.106463193893433
writing: 0.15971732139587402
reading: 0.1638636589050293
data_fitting: 0.12795138359069824
flux_point: 1.7092411518096924
