n_obs: 10
data_preparation: 3.8588740825653076
writing: 0.3267683982849121
reading: 0.11677193641662598
data_fitting: 0.09287047386169434
flux_point: 1.1000332832336426
