n_obs: 10
data_preparation: 3.495394468307495
writing: 0.3317430019378662
reading: 0.10902643203735352
data_fitting: 0.08881044387817383
flux_point: 1.0890681743621826
