n_obs: 10
data_preparation: 4.557327508926392
writing: 0.24882769584655762
reading: 0.12908387184143066
data_fitting: 0.09100079536437988
flux_point: 1.1261940002441406
