n_obs: 10
data_preparation: 3.5279784202575684
writing: 0.32242393493652344
reading: 0.11155056953430176
data_fitting: 0.09118771553039551
flux_point: 1.1173615455627441
