n_obs: 10
data_preparation: 8.773557901382446
writing: 0.1444401741027832
reading: 0.15906572341918945
data_fitting: 0.1720564365386963
flux_point: 2.4509875774383545
