n_obs: 10
data_preparation: 6.292241811752319
writing: 0.13298845291137695
reading: 0.15299153327941895
data_fitting: 0.17453598976135254
flux_point: 2.470834493637085
