n_obs: 10
data_preparation: 6.151983737945557
writing: 0.15900135040283203
reading: 0.16259002685546875
data_fitting: 0.1451258659362793
flux_point: 1.8769359588623047
