n_obs: 10
data_preparation: 3.464886426925659
writing: 0.10908150672912598
reading: 0.1238095760345459
data_fitting: 0.22910380363464355
flux_point: 1.254136323928833
