n_obs: 10
data_preparation: 4.443984270095825
writing: 0.31707119941711426
reading: 0.12894511222839355
data_fitting: 0.09291720390319824
flux_point: 1.1410608291625977
