n_obs: 10
data_preparation: 7.541960954666138
writing: 0.16176629066467285
reading: 0.18603849411010742
data_fitting: 0.18701791763305664
flux_point: 2.4165124893188477
