n_obs: 10
data_preparation: 5.939434289932251
writing: 0.15260028839111328
reading: 0.1723167896270752
data_fitting: 0.21553540229797363
flux_point: 2.049182415008545
