n_obs: 10
data_preparation: 4.497514724731445
writing: 0.2444901466369629
reading: 0.1302788257598877
data_fitting: 0.09152507781982422
flux_point: 1.1192336082458496
