n_obs: 10
data_preparation: 5.056466341018677
writing: 0.17200613021850586
reading: 0.17980146408081055
data_fitting: 0.40631628036499023
flux_point: 3.7048258781433105
