n_obs: 10
data_preparation: 6.73131537437439
writing: 0.13470029830932617
reading: 0.16023945808410645
data_fitting: 0.18159961700439453
flux_point: 2.6189916133880615
