n_obs: 10
data_preparation: 4.444337844848633
writing: 0.24706125259399414
reading: 0.12776470184326172
data_fitting: 0.09042549133300781
flux_point: 1.1145029067993164
