n_obs: 10
data_preparation: 3.4190378189086914
writing: 0.10744619369506836
reading: 0.12203764915466309
data_fitting: 0.23191618919372559
flux_point: 1.2324564456939697
