n_obs: 10
data_preparation: 6.250380039215088
writing: 0.13341832160949707
reading: 0.15224862098693848
data_fitting: 0.17346668243408203
flux_point: 2.4679884910583496
