n_obs: 10
data_preparation: 4.41508150100708
writing: 0.14987659454345703
reading: 0.15864872932434082
data_fitting: 0.31266236305236816
flux_point: 3.2729053497314453
