n_obs: 10
data_preparation: 6.264715671539307
writing: 0.17680716514587402
reading: 0.21118998527526855
data_fitting: 0.5069224834442139
flux_point: 3.681433916091919
