n_obs: 10
data_preparation: 4.186359882354736
writing: 0.24422383308410645
reading: 0.12819147109985352
data_fitting: 0.0940542221069336
flux_point: 1.1532878875732422
