n_obs: 10
data_preparation: 7.423171281814575
writing: 0.19039583206176758
reading: 0.22577238082885742
data_fitting: 0.5139918327331543
flux_point: 3.8046581745147705
