n_obs: 10
data_preparation: 3.585312843322754
writing: 0.33775877952575684
reading: 0.11037111282348633
data_fitting: 0.09123992919921875
flux_point: 1.1577801704406738
