n_obs: 10
data_preparation: 7.126572847366333
writing: 0.18128752708435059
reading: 0.20389437675476074
data_fitting: 0.19587326049804688
flux_point: 2.2857072353363037
