n_obs: 10
data_preparation: 3.5115137100219727
writing: 0.3645741939544678
reading: 0.1154024600982666
data_fitting: 0.2328183650970459
flux_point: 1.278653860092163
