n_obs: 10
data_preparation: 4.623136520385742
writing: 0.1470046043395996
reading: 0.15442585945129395
data_fitting: 0.6143364906311035
flux_point: 5.9319868087768555
