n_obs: 10
data_preparation: 3.526503801345825
writing: 0.32454562187194824
reading: 0.10913634300231934
data_fitting: 0.0908350944519043
flux_point: 1.104008436203003
