n_obs: 10
data_preparation: 3.4584310054779053
writing: 0.24845671653747559
reading: 0.20267868041992188
data_fitting: 1.3997085094451904
flux_point: 3.5414867401123047
