n_obs: 10
data_preparation: 3.620412826538086
writing: 0.3649885654449463
reading: 0.1148977279663086
data_fitting: 0.09326028823852539
flux_point: 1.1087977886199951
