n_obs: 10
data_preparation: 8.466978549957275
writing: 0.14438366889953613
reading: 0.15929794311523438
data_fitting: 0.10924124717712402
flux_point: 1.3203346729278564
