n_obs: 10
data_preparation: 5.2164928913116455
writing: 0.15824055671691895
reading: 0.17654943466186523
data_fitting: 1.0020530223846436
flux_point: 9.270411968231201
