n_obs: 10
data_preparation: 6.022653818130493
writing: 0.14670586585998535
reading: 0.15597271919250488
data_fitting: 0.19018793106079102
flux_point: 5.784860372543335
