n_obs: 10
data_preparation: 4.356221914291382
writing: 0.2527892589569092
reading: 0.12981772422790527
data_fitting: 0.09866619110107422
flux_point: 1.1840269565582275
