n_obs: 10
data_preparation: 6.977513074874878
writing: 0.17522048950195312
reading: 0.1976625919342041
data_fitting: 0.25011634826660156
flux_point: 2.4340803623199463
