n_obs: 10
data_preparation: 3.478423595428467
writing: 0.10815787315368652
reading: 0.12001800537109375
data_fitting: 0.23309540748596191
flux_point: 1.244446039199829
