n_obs: 10
data_preparation: 5.7473273277282715
writing: 0.18417644500732422
reading: 0.1462688446044922
data_fitting: 0.15561652183532715
flux_point: 2.1566250324249268
