n_obs: 10
data_preparation: 7.565076112747192
writing: 0.14968419075012207
reading: 0.17477011680603027
data_fitting: 0.20627880096435547
flux_point: 2.9486966133117676
