n_obs: 10
data_preparation: 6.889054775238037
writing: 0.14687037467956543
reading: 0.17413949966430664
data_fitting: 0.18672776222229004
flux_point: 2.6274220943450928
