n_obs: 10
data_preparation: 7.082542896270752
writing: 0.18017148971557617
reading: 0.20347142219543457
data_fitting: 0.19185280799865723
flux_point: 2.3442723751068115
