n_obs: 10
data_preparation: 3.627164840698242
writing: 0.3505096435546875
reading: 0.11255121231079102
data_fitting: 0.09240031242370605
flux_point: 1.1301016807556152
