n_obs: 10
data_preparation: 5.450527191162109
writing: 0.13137197494506836
reading: 0.15077447891235352
data_fitting: 0.15299320220947266
flux_point: 1.8546726703643799
