n_obs: 10
data_preparation: 3.3675715923309326
writing: 0.24186348915100098
reading: 0.19398212432861328
data_fitting: 1.3760194778442383
flux_point: 3.486668825149536
