n_obs: 10
data_preparation: 3.8220818042755127
writing: 0.316450834274292
reading: 0.11345767974853516
data_fitting: 0.09119844436645508
flux_point: 1.0736823081970215
