n_obs: 10
data_preparation: 7.010434865951538
writing: 0.14800333976745605
reading: 0.16370105743408203
data_fitting: 0.11751413345336914
flux_point: 1.4816970825195312
