n_obs: 10
data_preparation: 7.155399560928345
writing: 0.15227127075195312
reading: 0.1644577980041504
data_fitting: 0.11428475379943848
flux_point: 1.4387614727020264
