n_obs: 10
data_preparation: 3.6206719875335693
writing: 0.35130834579467773
reading: 0.11421799659729004
data_fitting: 0.09367823600769043
flux_point: 1.1626570224761963
