n_obs: 10
data_preparation: 3.36590576171875
writing: 0.10563826560974121
reading: 0.12135481834411621
data_fitting: 0.22119522094726562
flux_point: 1.1898541450500488
