n_obs: 10
data_preparation: 3.5508997440338135
writing: 0.11048722267150879
reading: 0.12398457527160645
data_fitting: 0.23113250732421875
flux_point: 1.260857343673706
