n_obs: 10
data_preparation: 6.04126501083374
writing: 0.151808500289917
reading: 0.17128372192382812
data_fitting: 0.16556978225708008
flux_point: 1.9662556648254395
