n_obs: 10
data_preparation: 6.917052984237671
writing: 0.1641678810119629
reading: 0.16067910194396973
data_fitting: 0.1457986831665039
flux_point: 1.921682357788086
