n_obs: 10
data_preparation: 4.390686988830566
writing: 0.14162635803222656
reading: 0.141676664352417
data_fitting: 0.27895450592041016
flux_point: 2.9330906867980957
