n_obs: 10
data_preparation: 4.469366788864136
writing: 0.3199753761291504
reading: 0.14270591735839844
data_fitting: 0.09372544288635254
flux_point: 1.1442902088165283
