n_obs: 10
data_preparation: 5.358484983444214
writing: 0.18625497817993164
reading: 0.18874287605285645
data_fitting: 0.3657386302947998
flux_point: 3.799760103225708
