n_obs: 10
data_preparation: 3.552063226699829
writing: 0.33250880241394043
reading: 0.11020088195800781
data_fitting: 0.09319543838500977
flux_point: 1.1140942573547363
