n_obs: 10
data_preparation: 7.071336269378662
writing: 0.1802055835723877
reading: 0.20427632331848145
data_fitting: 0.24772000312805176
flux_point: 2.358534574508667
