n_obs: 10
data_preparation: 4.358135223388672
writing: 0.1532270908355713
reading: 0.15771055221557617
data_fitting: 0.3578784465789795
flux_point: 3.1261770725250244
