n_obs: 10
data_preparation: 7.934750556945801
writing: 0.15857148170471191
reading: 0.19588947296142578
data_fitting: 0.21102476119995117
flux_point: 2.5405831336975098
