n_obs: 10
data_preparation: 3.307429313659668
writing: 0.235032320022583
reading: 0.1868896484375
data_fitting: 1.2524287700653076
flux_point: 3.304621934890747
