n_obs: 10
data_preparation: 3.84818172454834
writing: 0.3184044361114502
reading: 0.11592650413513184
data_fitting: 0.09076666831970215
flux_point: 1.0754849910736084
