n_obs: 10
data_preparation: 3.3202991485595703
writing: 0.24003291130065918
reading: 0.19229817390441895
data_fitting: 1.3717186450958252
flux_point: 3.4368011951446533
