n_obs: 10
data_preparation: 5.051412343978882
writing: 0.16967511177062988
reading: 0.1805434226989746
data_fitting: 0.349468469619751
flux_point: 3.6037750244140625
