n_obs: 10
data_preparation: 6.571869373321533
writing: 0.15169882774353027
reading: 0.17581844329833984
data_fitting: 0.1674051284790039
flux_point: 2.0762054920196533
