n_obs: 10
data_preparation: 7.2056660652160645
writing: 0.18249273300170898
reading: 0.20580267906188965
data_fitting: 0.24788355827331543
flux_point: 2.3871400356292725
