n_obs: 10
data_preparation: 4.466986656188965
writing: 0.24867963790893555
reading: 0.1285254955291748
data_fitting: 0.09139704704284668
flux_point: 1.1325783729553223
