n_obs: 10
data_preparation: 3.5162250995635986
writing: 0.3751101493835449
reading: 0.11983346939086914
data_fitting: 0.23465514183044434
flux_point: 1.2595009803771973
