n_obs: 10
data_preparation: 3.5828421115875244
writing: 0.3452005386352539
reading: 0.11037802696228027
data_fitting: 0.08588385581970215
flux_point: 0.9651336669921875
