n_obs: 10
data_preparation: 3.5248165130615234
writing: 0.38782310485839844
reading: 0.11379218101501465
data_fitting: 0.23142623901367188
flux_point: 1.2396657466888428
