n_obs: 10
data_preparation: 3.477562189102173
writing: 0.3325622081756592
reading: 0.10936427116394043
data_fitting: 0.08965063095092773
flux_point: 1.0867927074432373
