n_obs: 10
data_preparation: 8.335105419158936
writing: 0.14412856101989746
reading: 0.15525341033935547
data_fitting: 0.10954427719116211
flux_point: 1.3670194149017334
