n_obs: 10
data_preparation: 4.301923513412476
writing: 0.25891661643981934
reading: 0.13564705848693848
data_fitting: 0.09882020950317383
flux_point: 1.1813147068023682
