n_obs: 10
data_preparation: 6.085551738739014
writing: 0.1509413719177246
reading: 0.16950273513793945
data_fitting: 0.16806435585021973
flux_point: 2.0423848628997803
