n_obs: 10
data_preparation: 3.603818416595459
writing: 0.3671119213104248
reading: 0.11363697052001953
data_fitting: 0.09730339050292969
flux_point: 1.269104242324829
