n_obs: 10
data_preparation: 4.37247633934021
writing: 0.2540628910064697
reading: 0.1353311538696289
data_fitting: 0.10318851470947266
flux_point: 1.206233263015747
