n_obs: 10
data_preparation: 5.435739755630493
writing: 0.17312288284301758
reading: 0.18149971961975098
data_fitting: 0.7317891120910645
flux_point: 7.0331902503967285
