n_obs: 10
data_preparation: 7.06529688835144
writing: 0.1768028736114502
reading: 0.202256441116333
data_fitting: 0.19467878341674805
flux_point: 2.3358874320983887
