n_obs: 10
data_preparation: 3.543121337890625
writing: 0.32860636711120605
reading: 0.1105504035949707
data_fitting: 0.09094738960266113
flux_point: 1.1140844821929932
