n_obs: 10
data_preparation: 6.756767988204956
writing: 0.14855027198791504
reading: 0.16752362251281738
data_fitting: 0.16764497756958008
flux_point: 2.209442138671875
