n_obs: 10
data_preparation: 3.5475821495056152
writing: 0.3306467533111572
reading: 0.11140680313110352
data_fitting: 0.09029531478881836
flux_point: 1.1051976680755615
