n_obs: 10
data_preparation: 7.499900817871094
writing: 0.1967463493347168
reading: 0.21718811988830566
data_fitting: 0.20835041999816895
flux_point: 2.468432903289795
