n_obs: 10
data_preparation: 3.5449535846710205
writing: 0.3610572814941406
reading: 0.11520147323608398
data_fitting: 0.23403096199035645
flux_point: 1.265824556350708
