n_obs: 10
data_preparation: 6.245476722717285
writing: 0.16080236434936523
reading: 0.16639399528503418
data_fitting: 0.13412022590637207
flux_point: 1.76423978805542
