n_obs: 10
data_preparation: 8.233537673950195
writing: 0.16755938529968262
reading: 0.19597434997558594
data_fitting: 0.21943354606628418
flux_point: 3.174532413482666
