n_obs: 10
data_preparation: 3.1763546466827393
writing: 0.22796964645385742
reading: 0.18128657341003418
data_fitting: 1.2424209117889404
flux_point: 3.243314027786255
