n_obs: 10
data_preparation: 3.4501142501831055
writing: 0.3579695224761963
reading: 0.11387205123901367
data_fitting: 0.23256325721740723
flux_point: 1.2542550563812256
