n_obs: 10
data_preparation: 3.4969184398651123
writing: 0.11329126358032227
reading: 0.11987614631652832
data_fitting: 0.22817540168762207
flux_point: 1.2447257041931152
