n_obs: 10
data_preparation: 6.997772932052612
writing: 0.17403650283813477
reading: 0.21872210502624512
data_fitting: 0.2919654846191406
flux_point: 2.724187135696411
