n_obs: 10
data_preparation: 12.90587854385376
writing: 0.22135567665100098
reading: 0.2474203109741211
data_fitting: 0.2981421947479248
flux_point: 4.842178821563721
