n_obs: 10
data_preparation: 5.9402642250061035
writing: 0.15366268157958984
reading: 0.1765279769897461
data_fitting: 0.2176680564880371
flux_point: 2.1346523761749268
