n_obs: 10
data_preparation: 7.44658899307251
writing: 0.15310239791870117
reading: 0.17025279998779297
data_fitting: 0.11682963371276855
flux_point: 1.5035414695739746
