n_obs: 10
data_preparation: 6.34519624710083
writing: 0.18594098091125488
reading: 0.20903253555297852
data_fitting: 1.1720192432403564
flux_point: 10.895459175109863
