n_obs: 10
data_preparation: 3.4799184799194336
writing: 0.366774320602417
reading: 0.11435818672180176
data_fitting: 0.09538984298706055
flux_point: 1.2544598579406738
