n_obs: 10
data_preparation: 9.003158807754517
writing: 0.18671083450317383
reading: 0.21794462203979492
data_fitting: 0.26206254959106445
flux_point: 4.377490997314453
