n_obs: 10
data_preparation: 8.708515882492065
writing: 0.1429274082183838
reading: 0.15723729133605957
data_fitting: 0.17156004905700684
flux_point: 2.4454562664031982
