n_obs: 10
data_preparation: 3.5240893363952637
writing: 0.34990978240966797
reading: 0.11974072456359863
data_fitting: 0.2342395782470703
flux_point: 1.257089376449585
