n_obs: 10
data_preparation: 3.4421463012695312
writing: 0.36920642852783203
reading: 0.11223840713500977
data_fitting: 0.09607696533203125
flux_point: 1.2632224559783936
