n_obs: 10
data_preparation: 8.16446042060852
writing: 0.17836594581604004
reading: 0.20230722427368164
data_fitting: 0.20123028755187988
flux_point: 2.5808911323547363
