n_obs: 10
data_preparation: 3.1386876106262207
writing: 0.2132883071899414
reading: 0.1736609935760498
data_fitting: 1.0565333366394043
flux_point: 3.0970187187194824
