n_obs: 10
data_preparation: 8.754963874816895
writing: 0.14395451545715332
reading: 0.16139650344848633
data_fitting: 0.18106818199157715
flux_point: 2.5681819915771484
