n_obs: 10
data_preparation: 6.820610761642456
writing: 0.12972760200500488
reading: 0.1457211971282959
data_fitting: 0.17200565338134766
flux_point: 2.4509806632995605
