n_obs: 10
data_preparation: 3.3840980529785156
writing: 0.24352335929870605
reading: 0.19258904457092285
data_fitting: 1.3503053188323975
flux_point: 3.48358416557312
