n_obs: 10
data_preparation: 3.5806894302368164
writing: 0.3262474536895752
reading: 0.11192178726196289
data_fitting: 0.09199190139770508
flux_point: 1.105346441268921
