n_obs: 10
data_preparation: 7.680714130401611
writing: 0.20738911628723145
reading: 0.24399304389953613
data_fitting: 1.8027081489562988
flux_point: 17.314067840576172
