n_obs: 10
data_preparation: 4.451427459716797
writing: 0.2699148654937744
reading: 0.14150714874267578
data_fitting: 0.09995341300964355
flux_point: 1.2365577220916748
