n_obs: 10
data_preparation: 6.063716173171997
writing: 0.19724535942077637
reading: 0.2152085304260254
data_fitting: 0.48963093757629395
flux_point: 5.110426664352417
