n_obs: 10
data_preparation: 5.851724624633789
writing: 0.1508946418762207
reading: 0.16868090629577637
data_fitting: 0.20691847801208496
flux_point: 1.9708986282348633
