n_obs: 10
data_preparation: 3.511099338531494
writing: 0.25530242919921875
reading: 0.20743703842163086
data_fitting: 1.3832807540893555
flux_point: 3.553084135055542
