n_obs: 10
data_preparation: 3.7129735946655273
writing: 0.3399026393890381
reading: 0.11116766929626465
data_fitting: 0.09527921676635742
flux_point: 1.1733167171478271
