n_obs: 10
data_preparation: 6.5014097690582275
writing: 0.13246846199035645
reading: 0.15277791023254395
data_fitting: 0.17433810234069824
flux_point: 2.5094516277313232
