n_obs: 10
data_preparation: 3.6526801586151123
writing: 0.3259572982788086
reading: 0.11269402503967285
data_fitting: 0.09438705444335938
flux_point: 1.1474101543426514
