n_obs: 10
data_preparation: 3.6156113147735596
writing: 0.3311119079589844
reading: 0.10970377922058105
data_fitting: 0.09106588363647461
flux_point: 1.1027872562408447
