n_obs: 10
data_preparation: 4.239521026611328
writing: 0.2659494876861572
reading: 0.14683771133422852
data_fitting: 0.1008901596069336
flux_point: 1.1866710186004639
