n_obs: 10
data_preparation: 6.010592460632324
writing: 0.13321471214294434
reading: 0.15798544883728027
data_fitting: 0.18413519859313965
flux_point: 2.6008975505828857
