n_obs: 10
data_preparation: 9.088072776794434
writing: 0.23002862930297852
reading: 0.26027655601501465
data_fitting: 0.2598848342895508
flux_point: 2.9951252937316895
