n_obs: 10
data_preparation: 9.07462215423584
writing: 0.1967787742614746
reading: 0.22733378410339355
data_fitting: 0.27692294120788574
flux_point: 4.6507368087768555
