n_obs: 10
data_preparation: 3.645768880844116
writing: 0.356839656829834
reading: 0.11110925674438477
data_fitting: 0.09132194519042969
flux_point: 1.1244215965270996
