n_obs: 10
data_preparation: 6.891740322113037
writing: 0.14511966705322266
reading: 0.1631777286529541
data_fitting: 0.11738157272338867
flux_point: 1.4752461910247803
