n_obs: 10
data_preparation: 10.054510354995728
writing: 0.17161011695861816
reading: 0.18899250030517578
data_fitting: 0.1392500400543213
flux_point: 1.691854476928711
