n_obs: 10
data_preparation: 8.355124235153198
writing: 0.1773967742919922
reading: 0.20536518096923828
data_fitting: 0.2499072551727295
flux_point: 3.993549108505249
