n_obs: 10
data_preparation: 3.455317735671997
writing: 0.3475022315979004
reading: 0.11618328094482422
data_fitting: 0.22602343559265137
flux_point: 1.2206788063049316
