n_obs: 10
data_preparation: 7.091862440109253
writing: 0.14348936080932617
reading: 0.17239713668823242
data_fitting: 0.19438982009887695
flux_point: 2.770540237426758
