n_obs: 10
data_preparation: 3.510719060897827
writing: 0.3205130100250244
reading: 0.11032509803771973
data_fitting: 0.09179973602294922
flux_point: 1.1096603870391846
