n_obs: 10
data_preparation: 3.404053211212158
writing: 0.10619831085205078
reading: 0.11854410171508789
data_fitting: 0.22560739517211914
flux_point: 1.2121515274047852
