n_obs: 10
data_preparation: 7.171856641769409
writing: 0.15907526016235352
reading: 0.18495488166809082
data_fitting: 0.21745991706848145
flux_point: 6.711076021194458
