n_obs: 10
data_preparation: 6.535048484802246
writing: 0.20115327835083008
reading: 0.16227459907531738
data_fitting: 0.15064549446105957
flux_point: 1.9793012142181396
