n_obs: 10
data_preparation: 7.3072028160095215
writing: 0.15153002738952637
reading: 0.17143917083740234
data_fitting: 0.12117409706115723
flux_point: 1.5391268730163574
