n_obs: 10
data_preparation: 6.552973031997681
writing: 0.1461632251739502
reading: 0.15421295166015625
data_fitting: 0.22288203239440918
flux_point: 2.9121787548065186
