n_obs: 10
data_preparation: 4.358347415924072
writing: 0.15110349655151367
reading: 0.15595507621765137
data_fitting: 0.30521726608276367
flux_point: 3.215275764465332
