n_obs: 10
data_preparation: 6.845843076705933
writing: 0.17517876625061035
reading: 0.19829726219177246
data_fitting: 0.18413114547729492
flux_point: 2.2664945125579834
