n_obs: 10
data_preparation: 9.297756433486938
writing: 0.15378046035766602
reading: 0.17563986778259277
data_fitting: 0.18651986122131348
flux_point: 2.6785550117492676
