n_obs: 10
data_preparation: 6.636323928833008
writing: 0.13767504692077637
reading: 0.15825152397155762
data_fitting: 0.1762096881866455
flux_point: 2.5311334133148193
