n_obs: 10
data_preparation: 6.908657073974609
writing: 0.17187285423278809
reading: 0.18572115898132324
data_fitting: 0.18550467491149902
flux_point: 2.227999210357666
