n_obs: 10
data_preparation: 3.376100778579712
writing: 0.10476207733154297
reading: 0.1198415756225586
data_fitting: 0.282606840133667
flux_point: 1.226759433746338
