n_obs: 10
data_preparation: 6.574515104293823
writing: 0.13416123390197754
reading: 0.15610980987548828
data_fitting: 0.1797938346862793
flux_point: 2.57401967048645
