n_obs: 10
data_preparation: 6.89267110824585
writing: 0.13361597061157227
reading: 0.15815305709838867
data_fitting: 0.17822933197021484
flux_point: 2.6066079139709473
