n_obs: 10
data_preparation: 7.866559743881226
writing: 0.20049023628234863
reading: 0.23160791397094727
data_fitting: 0.33237409591674805
flux_point: 3.0847134590148926
