n_obs: 10
data_preparation: 6.821019411087036
writing: 0.13860344886779785
reading: 0.16374421119689941
data_fitting: 0.18337583541870117
flux_point: 2.62233304977417
