n_obs: 10
data_preparation: 6.864316463470459
writing: 0.16868138313293457
reading: 0.19651579856872559
data_fitting: 0.4584994316101074
flux_point: 3.1762094497680664
