n_obs: 10
data_preparation: 7.202288627624512
writing: 0.17362141609191895
reading: 0.18034887313842773
data_fitting: 0.1892554759979248
flux_point: 2.250236749649048
