n_obs: 10
data_preparation: 3.3566901683807373
writing: 0.24217772483825684
reading: 0.19417929649353027
data_fitting: 1.3365623950958252
flux_point: 3.45350980758667
