n_obs: 10
data_preparation: 6.580303430557251
writing: 0.17208528518676758
reading: 0.1940784454345703
data_fitting: 1.518308162689209
flux_point: 16.185404062271118
