n_obs: 10
data_preparation: 5.760065078735352
writing: 0.21526861190795898
reading: 0.23689055442810059
data_fitting: 0.4359428882598877
flux_point: 4.753293752670288
