n_obs: 10
data_preparation: 4.22162127494812
writing: 0.25017642974853516
reading: 0.13036346435546875
data_fitting: 0.09858393669128418
flux_point: 1.2099897861480713
