n_obs: 10
data_preparation: 4.365713119506836
writing: 0.27123308181762695
reading: 0.13857126235961914
data_fitting: 0.10057616233825684
flux_point: 1.218545913696289
