n_obs: 10
data_preparation: 3.544771909713745
writing: 0.3513679504394531
reading: 0.11930108070373535
data_fitting: 0.2333524227142334
flux_point: 1.2626495361328125
