n_obs: 10
data_preparation: 3.4981343746185303
writing: 0.36316490173339844
reading: 0.11429953575134277
data_fitting: 0.23737835884094238
flux_point: 1.2805790901184082
