n_obs: 10
data_preparation: 8.016700744628906
writing: 0.18533921241760254
reading: 0.19188594818115234
data_fitting: 0.4029057025909424
flux_point: 18.095698356628418
