n_obs: 10
data_preparation: 3.5636141300201416
writing: 0.3578450679779053
reading: 0.11050558090209961
data_fitting: 0.0950627326965332
flux_point: 1.1042630672454834
