n_obs: 10
data_preparation: 3.584425926208496
writing: 0.34474635124206543
reading: 0.10978531837463379
data_fitting: 0.09658432006835938
flux_point: 1.104273796081543
