n_obs: 10
data_preparation: 6.745609521865845
writing: 0.13649725914001465
reading: 0.16010618209838867
data_fitting: 0.18099546432495117
flux_point: 2.6079013347625732
