n_obs: 10
data_preparation: 7.088719606399536
writing: 0.19064545631408691
reading: 0.19163155555725098
data_fitting: 0.22212815284729004
flux_point: 3.0582430362701416
