n_obs: 10
data_preparation: 3.5051844120025635
writing: 0.3311014175415039
reading: 0.11055469512939453
data_fitting: 0.09100747108459473
flux_point: 1.1101841926574707
