n_obs: 10
data_preparation: 6.115010023117065
writing: 0.16065073013305664
reading: 0.15289568901062012
data_fitting: 0.212324857711792
flux_point: 2.7844431400299072
