n_obs: 10
data_preparation: 3.4248034954071045
writing: 0.10451126098632812
reading: 0.11825370788574219
data_fitting: 0.2247333526611328
flux_point: 1.2206058502197266
