n_obs: 10
data_preparation: 4.295013189315796
writing: 0.25183916091918945
reading: 0.13202786445617676
data_fitting: 0.09902191162109375
flux_point: 1.2001025676727295
