n_obs: 10
data_preparation: 8.383867979049683
writing: 0.17781925201416016
reading: 0.20244765281677246
data_fitting: 0.2027587890625
flux_point: 2.4505136013031006
