n_obs: 10
data_preparation: 6.271977424621582
writing: 0.1432781219482422
reading: 0.15783071517944336
data_fitting: 0.17438125610351562
flux_point: 2.4750020503997803
