n_obs: 10
data_preparation: 3.5826332569122314
writing: 0.34658145904541016
reading: 0.11161279678344727
data_fitting: 0.09217095375061035
flux_point: 1.1240630149841309
