n_obs: 10
data_preparation: 3.5206336975097656
writing: 0.3517918586730957
reading: 0.10901427268981934
data_fitting: 0.09206795692443848
flux_point: 1.0949890613555908
