n_obs: 10
data_preparation: 3.466360569000244
writing: 0.10951924324035645
reading: 0.11863946914672852
data_fitting: 0.22896075248718262
flux_point: 1.2399063110351562
