n_obs: 10
data_preparation: 8.460659265518188
writing: 0.16796112060546875
reading: 0.19947218894958496
data_fitting: 0.24193358421325684
flux_point: 3.9637997150421143
