n_obs: 10
data_preparation: 6.580110788345337
writing: 0.13276076316833496
reading: 0.15642499923706055
data_fitting: 0.17784500122070312
flux_point: 2.5485761165618896
