n_obs: 10
data_preparation: 8.547354459762573
writing: 0.14554142951965332
reading: 0.16092252731323242
data_fitting: 0.11024713516235352
flux_point: 1.3624324798583984
