n_obs: 10
data_preparation: 3.95095157623291
writing: 0.3194611072540283
reading: 0.11648178100585938
data_fitting: 0.09378886222839355
flux_point: 1.1034984588623047
