n_obs: 10
data_preparation: 3.5186729431152344
writing: 0.35642528533935547
reading: 0.10929489135742188
data_fitting: 0.09428763389587402
flux_point: 1.1053249835968018
