n_obs: 10
data_preparation: 7.1854400634765625
writing: 0.14907026290893555
reading: 0.16623950004577637
data_fitting: 0.11822843551635742
flux_point: 1.5113439559936523
