n_obs: 10
data_preparation: 5.215308666229248
writing: 0.17873549461364746
reading: 0.18496918678283691
data_fitting: 0.367006778717041
flux_point: 3.844797134399414
