n_obs: 10
data_preparation: 6.336209774017334
writing: 0.13399386405944824
reading: 0.15169954299926758
data_fitting: 0.177351713180542
flux_point: 2.5345818996429443
