n_obs: 10
data_preparation: 3.8005447387695312
writing: 0.3189718723297119
reading: 0.11309957504272461
data_fitting: 0.09002113342285156
flux_point: 1.0690977573394775
