n_obs: 10
data_preparation: 4.416525602340698
writing: 0.31300926208496094
reading: 0.12937378883361816
data_fitting: 0.0922994613647461
flux_point: 1.1168162822723389
