n_obs: 10
data_preparation: 10.391210794448853
writing: 0.20038866996765137
reading: 0.22472190856933594
data_fitting: 0.16663742065429688
flux_point: 2.0782265663146973
