n_obs: 10
data_preparation: 5.382593631744385
writing: 0.1940903663635254
reading: 0.20115447044372559
data_fitting: 0.4871220588684082
flux_point: 4.557101726531982
