n_obs: 10
data_preparation: 3.649308681488037
writing: 0.3353447914123535
reading: 0.11166119575500488
data_fitting: 0.09308052062988281
flux_point: 1.1209702491760254
