n_obs: 10
data_preparation: 3.3520679473876953
writing: 0.10533761978149414
reading: 0.11932373046875
data_fitting: 0.22295141220092773
flux_point: 1.1909363269805908
