n_obs: 10
data_preparation: 7.815420150756836
writing: 0.175506591796875
reading: 0.19437289237976074
data_fitting: 0.2095355987548828
flux_point: 3.0205512046813965
