n_obs: 10
data_preparation: 3.4952495098114014
writing: 0.3125190734863281
reading: 0.10783910751342773
data_fitting: 0.09100961685180664
flux_point: 1.0964148044586182
