n_obs: 10
data_preparation: 8.233206987380981
writing: 0.17340707778930664
reading: 0.19962334632873535
data_fitting: 0.20169639587402344
flux_point: 2.430349826812744
