n_obs: 10
data_preparation: 11.382129430770874
writing: 0.24531841278076172
reading: 0.2727508544921875
data_fitting: 0.2126915454864502
flux_point: 2.5637564659118652
