n_obs: 10
data_preparation: 4.63688325881958
writing: 0.2541227340698242
reading: 0.13358283042907715
data_fitting: 0.09331440925598145
flux_point: 1.1354708671569824
