n_obs: 10
data_preparation: 8.476524591445923
writing: 0.17270374298095703
reading: 0.19465851783752441
data_fitting: 0.14511728286743164
flux_point: 1.800976037979126
