n_obs: 10
data_preparation: 10.274423360824585
writing: 0.18375086784362793
reading: 0.20974087715148926
data_fitting: 0.1606893539428711
flux_point: 2.0607261657714844
