n_obs: 10
data_preparation: 8.276808023452759
writing: 0.17159271240234375
reading: 0.19541501998901367
data_fitting: 0.13898849487304688
flux_point: 1.7536630630493164
