n_obs: 10
data_preparation: 6.976442098617554
writing: 0.1515522003173828
reading: 0.17223668098449707
data_fitting: 0.1754302978515625
flux_point: 2.128528356552124
