n_obs: 10
data_preparation: 6.684253215789795
writing: 0.1588575839996338
reading: 0.16196393966674805
data_fitting: 0.2043619155883789
flux_point: 6.173974275588989
