n_obs: 10
data_preparation: 6.811591148376465
writing: 0.23777198791503906
reading: 0.26490259170532227
data_fitting: 0.5765984058380127
flux_point: 5.093181848526001
