n_obs: 10
data_preparation: 6.252439260482788
writing: 0.15235567092895508
reading: 0.1528949737548828
data_fitting: 0.1790623664855957
flux_point: 2.34004545211792
