n_obs: 10
data_preparation: 3.4520788192749023
writing: 0.11020469665527344
reading: 0.1225881576538086
data_fitting: 0.22894287109375
flux_point: 1.235175371170044
