n_obs: 10
data_preparation: 3.474553346633911
writing: 0.3402836322784424
reading: 0.11544609069824219
data_fitting: 0.22849059104919434
flux_point: 1.2320895195007324
