n_obs: 10
data_preparation: 3.4787018299102783
writing: 0.3618485927581787
reading: 0.1132206916809082
data_fitting: 0.23511123657226562
flux_point: 1.259326696395874
