n_obs: 10
data_preparation: 3.640275001525879
writing: 0.3373258113861084
reading: 0.11173129081726074
data_fitting: 0.09335517883300781
flux_point: 1.1242992877960205
