n_obs: 10
data_preparation: 6.784029245376587
writing: 0.1408243179321289
reading: 0.1654798984527588
data_fitting: 0.17599105834960938
flux_point: 2.5422275066375732
