n_obs: 10
data_preparation: 3.5532281398773193
writing: 0.3566169738769531
reading: 0.11214613914489746
data_fitting: 0.09550046920776367
flux_point: 1.2616870403289795
