n_obs: 10
data_preparation: 8.956005334854126
writing: 0.15212535858154297
reading: 0.167449951171875
data_fitting: 0.17988848686218262
flux_point: 2.55244517326355
