n_obs: 10
data_preparation: 8.074263334274292
writing: 0.17919492721557617
reading: 0.21352171897888184
data_fitting: 0.23507118225097656
flux_point: 3.8709466457366943
