n_obs: 10
data_preparation: 6.295819282531738
writing: 0.14380550384521484
reading: 0.1593613624572754
data_fitting: 0.17559146881103516
flux_point: 2.50392746925354
