n_obs: 10
data_preparation: 6.896515130996704
writing: 0.14567112922668457
reading: 0.16275453567504883
data_fitting: 0.11231637001037598
flux_point: 1.400695562362671
