n_obs: 10
data_preparation: 3.3591485023498535
writing: 0.10827827453613281
reading: 0.12151575088500977
data_fitting: 0.22315740585327148
flux_point: 1.2027499675750732
