n_obs: 10
data_preparation: 6.86228346824646
writing: 0.2009284496307373
reading: 0.16957712173461914
data_fitting: 0.2927534580230713
flux_point: 3.971118927001953
