n_obs: 10
data_preparation: 4.380578994750977
writing: 0.3025219440460205
reading: 0.1268763542175293
data_fitting: 0.09233474731445312
flux_point: 1.099377155303955
