n_obs: 10
data_preparation: 4.494896650314331
writing: 0.3076179027557373
reading: 0.1332712173461914
data_fitting: 0.0908207893371582
flux_point: 1.1385579109191895
