n_obs: 10
data_preparation: 3.63757061958313
writing: 0.11584687232971191
reading: 0.12789344787597656
data_fitting: 0.2468419075012207
flux_point: 1.3239307403564453
