n_obs: 10
data_preparation: 7.3852996826171875
writing: 0.15625834465026855
reading: 0.2182450294494629
data_fitting: 0.2378861904144287
flux_point: 7.80181884765625
