n_obs: 10
data_preparation: 7.08094334602356
writing: 0.19493436813354492
reading: 0.19922327995300293
data_fitting: 0.16190648078918457
flux_point: 2.1951329708099365
