n_obs: 10
data_preparation: 3.884451150894165
writing: 0.3216562271118164
reading: 0.11493277549743652
data_fitting: 0.09273195266723633
flux_point: 1.101426124572754
