n_obs: 10
data_preparation: 6.021252870559692
writing: 0.1580657958984375
reading: 0.17520976066589355
data_fitting: 0.16911649703979492
flux_point: 2.0468711853027344
