n_obs: 10
data_preparation: 6.751364469528198
writing: 0.14425015449523926
reading: 0.15953803062438965
data_fitting: 0.10958552360534668
flux_point: 1.3682966232299805
