n_obs: 10
data_preparation: 6.143848419189453
writing: 0.1586451530456543
reading: 0.16042757034301758
data_fitting: 0.15646028518676758
flux_point: 1.953444004058838
