n_obs: 10
data_preparation: 3.344956636428833
writing: 0.24155902862548828
reading: 0.19797635078430176
data_fitting: 1.3712847232818604
flux_point: 3.462594747543335
