n_obs: 10
data_preparation: 3.5621280670166016
writing: 0.3405187129974365
reading: 0.11128067970275879
data_fitting: 0.09147500991821289
flux_point: 1.0957298278808594
