n_obs: 10
data_preparation: 3.411142349243164
writing: 0.25031042098999023
reading: 0.20001745223999023
data_fitting: 1.3407273292541504
flux_point: 3.5179085731506348
