n_obs: 10
data_preparation: 6.840759992599487
writing: 0.19329023361206055
reading: 0.17661547660827637
data_fitting: 0.16420555114746094
flux_point: 2.1689436435699463
