n_obs: 10
data_preparation: 4.568679571151733
writing: 0.3150901794433594
reading: 0.13522005081176758
data_fitting: 0.09451031684875488
flux_point: 1.15822434425354
