n_obs: 10
data_preparation: 8.832825422286987
writing: 0.1448047161102295
reading: 0.15933895111083984
data_fitting: 0.17449259757995605
flux_point: 2.4865055084228516
