n_obs: 10
data_preparation: 3.609503746032715
writing: 0.38254690170288086
reading: 0.11290740966796875
data_fitting: 0.09569811820983887
flux_point: 1.2651047706604004
