n_obs: 10
data_preparation: 7.979769945144653
writing: 0.20625805854797363
reading: 0.22962498664855957
data_fitting: 0.2956087589263916
flux_point: 2.8696727752685547
