n_obs: 10
data_preparation: 3.6577091217041016
writing: 0.33020758628845215
reading: 0.11304068565368652
data_fitting: 0.09172534942626953
flux_point: 1.146369457244873
