n_obs: 10
data_preparation: 3.6895854473114014
writing: 0.3980114459991455
reading: 0.11606478691101074
data_fitting: 0.09589743614196777
flux_point: 1.1331984996795654
