n_obs: 10
data_preparation: 8.43164610862732
writing: 0.1445293426513672
reading: 0.15822291374206543
data_fitting: 0.10980081558227539
flux_point: 1.3240811824798584
