n_obs: 10
data_preparation: 5.024084091186523
writing: 0.16664743423461914
reading: 0.17294812202453613
data_fitting: 0.3553953170776367
flux_point: 3.738968849182129
