n_obs: 10
data_preparation: 3.542269468307495
writing: 0.33182501792907715
reading: 0.10984921455383301
data_fitting: 0.09128928184509277
flux_point: 1.105437994003296
