n_obs: 10
data_preparation: 3.524094581604004
writing: 0.3546335697174072
reading: 0.11011910438537598
data_fitting: 0.09212255477905273
flux_point: 1.0929853916168213
