n_obs: 10
data_preparation: 3.4551987648010254
writing: 0.10661578178405762
reading: 0.12416672706604004
data_fitting: 0.22954034805297852
flux_point: 1.2407093048095703
