n_obs: 10
data_preparation: 6.868723392486572
writing: 0.14842748641967773
reading: 0.17011308670043945
data_fitting: 0.1714487075805664
flux_point: 2.0704073905944824
