n_obs: 10
data_preparation: 3.325742244720459
writing: 0.23600029945373535
reading: 0.19176745414733887
data_fitting: 1.365734577178955
flux_point: 3.4211792945861816
