n_obs: 10
data_preparation: 6.515439510345459
writing: 0.16598749160766602
reading: 0.19818997383117676
data_fitting: 0.4290628433227539
flux_point: 3.1255855560302734
