n_obs: 10
data_preparation: 3.4643661975860596
writing: 0.10787653923034668
reading: 0.12085556983947754
data_fitting: 0.2825169563293457
flux_point: 1.26414155960083
