n_obs: 10
data_preparation: 4.356184244155884
writing: 0.18807101249694824
reading: 0.14855623245239258
data_fitting: 0.31262660026550293
flux_point: 14.204958438873291
