n_obs: 10
data_preparation: 4.176120042800903
writing: 0.24505114555358887
reading: 0.13013815879821777
data_fitting: 0.0997929573059082
flux_point: 1.1820909976959229
