n_obs: 10
data_preparation: 6.89239501953125
writing: 0.1732771396636963
reading: 0.17715001106262207
data_fitting: 0.2148740291595459
flux_point: 6.664863348007202
