n_obs: 10
data_preparation: 3.4331185817718506
writing: 0.2513294219970703
reading: 0.2282106876373291
data_fitting: 1.3713583946228027
flux_point: 3.509866714477539
