n_obs: 10
data_preparation: 3.5162265300750732
writing: 0.31957054138183594
reading: 0.10782670974731445
data_fitting: 0.08905792236328125
flux_point: 1.0835702419281006
