n_obs: 10
data_preparation: 4.485808610916138
writing: 0.3099827766418457
reading: 0.13263654708862305
data_fitting: 0.09453868865966797
flux_point: 1.1470460891723633
