n_obs: 10
data_preparation: 9.948253870010376
writing: 0.16893887519836426
reading: 0.1895143985748291
data_fitting: 0.13401293754577637
flux_point: 1.6334905624389648
