n_obs: 10
data_preparation: 6.7411487102508545
writing: 0.13547945022583008
reading: 0.1595320701599121
data_fitting: 0.18044686317443848
flux_point: 2.7946417331695557
