n_obs: 10
data_preparation: 3.4896676540374756
writing: 0.10920143127441406
reading: 0.12030220031738281
data_fitting: 0.2308058738708496
flux_point: 1.2355003356933594
