n_obs: 10
data_preparation: 8.510785102844238
writing: 0.14668965339660645
reading: 0.15925216674804688
data_fitting: 0.10969734191894531
flux_point: 1.3249521255493164
