n_obs: 10
data_preparation: 3.4574320316314697
writing: 0.1101067066192627
reading: 0.12216019630432129
data_fitting: 0.226654052734375
flux_point: 1.2546398639678955
