n_obs: 10
data_preparation: 3.3054018020629883
writing: 0.23502588272094727
reading: 0.18887686729431152
data_fitting: 1.3419854640960693
flux_point: 3.4237964153289795
