n_obs: 10
data_preparation: 3.3702731132507324
writing: 0.1084749698638916
reading: 0.11896872520446777
data_fitting: 0.287874698638916
flux_point: 1.2605209350585938
