n_obs: 10
data_preparation: 8.911587476730347
writing: 0.21923089027404785
reading: 0.240706205368042
data_fitting: 0.30794811248779297
flux_point: 3.3386526107788086
