n_obs: 10
data_preparation: 3.6888396739959717
writing: 0.35846567153930664
reading: 0.11525201797485352
data_fitting: 0.09434390068054199
flux_point: 1.1350207328796387
