n_obs: 10
data_preparation: 6.854349613189697
writing: 0.13851237297058105
reading: 0.16696429252624512
data_fitting: 0.18710565567016602
flux_point: 2.693599224090576
