n_obs: 10
data_preparation: 5.150545358657837
writing: 0.18194007873535156
reading: 0.18326163291931152
data_fitting: 0.3843550682067871
flux_point: 4.0237877368927
