n_obs: 10
data_preparation: 3.456342935562134
writing: 0.2538270950317383
reading: 0.20222139358520508
data_fitting: 1.4020190238952637
flux_point: 3.5760934352874756
