n_obs: 10
data_preparation: 6.0957722663879395
writing: 0.15380144119262695
reading: 0.17602205276489258
data_fitting: 0.21459269523620605
flux_point: 2.046130895614624
