n_obs: 10
data_preparation: 3.491652488708496
writing: 0.11020350456237793
reading: 0.12281632423400879
data_fitting: 0.23599004745483398
flux_point: 1.2624011039733887
