n_obs: 10
data_preparation: 7.0089404582977295
writing: 0.14565277099609375
reading: 0.16116952896118164
data_fitting: 0.11319923400878906
flux_point: 1.4085063934326172
