n_obs: 10
data_preparation: 7.783345937728882
writing: 0.17343997955322266
reading: 0.18352746963500977
data_fitting: 0.21776342391967773
flux_point: 6.455535411834717
