n_obs: 10
data_preparation: 6.28343653678894
writing: 0.13412690162658691
reading: 0.15192317962646484
data_fitting: 0.1751539707183838
flux_point: 2.4833576679229736
