n_obs: 10
data_preparation: 6.147331237792969
writing: 0.15699434280395508
reading: 0.16008687019348145
data_fitting: 0.1774609088897705
flux_point: 2.3930747509002686
