n_obs: 10
data_preparation: 3.3846518993377686
writing: 0.24222898483276367
reading: 0.19644665718078613
data_fitting: 1.3964734077453613
flux_point: 3.521162748336792
