n_obs: 10
data_preparation: 7.504679441452026
writing: 0.16206622123718262
reading: 0.17682099342346191
data_fitting: 0.2327120304107666
flux_point: 4.041113615036011
