n_obs: 10
data_preparation: 3.422990083694458
writing: 0.10846447944641113
reading: 0.12106466293334961
data_fitting: 0.29154062271118164
flux_point: 1.2809524536132812
