n_obs: 10
data_preparation: 3.5939362049102783
writing: 0.3717620372772217
reading: 0.11662817001342773
data_fitting: 0.09796595573425293
flux_point: 1.289473295211792
