n_obs: 10
data_preparation: 8.931780576705933
writing: 0.18645811080932617
reading: 0.21295952796936035
data_fitting: 0.24908137321472168
flux_point: 4.1444878578186035
