n_obs: 10
data_preparation: 3.59262752532959
writing: 0.31406569480895996
reading: 0.11124300956726074
data_fitting: 0.09370017051696777
flux_point: 1.13681960105896
