n_obs: 10
data_preparation: 3.3890225887298584
writing: 0.10968136787414551
reading: 0.12542152404785156
data_fitting: 0.29062771797180176
flux_point: 1.2545061111450195
