n_obs: 10
data_preparation: 3.5035886764526367
writing: 0.3395347595214844
reading: 0.10838580131530762
data_fitting: 0.09003710746765137
flux_point: 1.0900635719299316
