n_obs: 10
data_preparation: 3.100860595703125
writing: 0.21191000938415527
reading: 0.1714799404144287
data_fitting: 1.0582027435302734
flux_point: 3.1064136028289795
