n_obs: 10
data_preparation: 3.5290908813476562
writing: 0.32355189323425293
reading: 0.10787081718444824
data_fitting: 0.08880949020385742
flux_point: 1.0795423984527588
