n_obs: 10
data_preparation: 3.579625129699707
writing: 0.10944962501525879
reading: 0.12345266342163086
data_fitting: 0.23743915557861328
flux_point: 1.2804245948791504
