n_obs: 10
data_preparation: 4.468461751937866
writing: 0.2691617012023926
reading: 0.13793325424194336
data_fitting: 0.10394287109375
flux_point: 1.2467613220214844
