n_obs: 10
data_preparation: 9.024152755737305
writing: 0.19699597358703613
reading: 0.2227334976196289
data_fitting: 0.2863883972167969
flux_point: 4.51611590385437
