n_obs: 10
data_preparation: 6.968088865280151
writing: 0.1768205165863037
reading: 0.1965928077697754
data_fitting: 0.24586033821105957
flux_point: 2.3328006267547607
