n_obs: 10
data_preparation: 4.962873935699463
writing: 0.12639451026916504
reading: 0.11730742454528809
data_fitting: 0.1194148063659668
flux_point: 1.5189950466156006
