n_obs: 10
data_preparation: 5.799447059631348
writing: 0.1543288230895996
reading: 0.18235397338867188
data_fitting: 1.2898006439208984
flux_point: 12.560411214828491
