n_obs: 10
data_preparation: 4.252010345458984
writing: 0.253734827041626
reading: 0.13464975357055664
data_fitting: 0.10056948661804199
flux_point: 1.1907010078430176
