n_obs: 10
data_preparation: 6.514676332473755
writing: 0.13263416290283203
reading: 0.1538686752319336
data_fitting: 0.1739208698272705
flux_point: 2.509849786758423
