n_obs: 10
data_preparation: 6.713146924972534
writing: 0.18056464195251465
reading: 0.1713242530822754
data_fitting: 0.1878678798675537
flux_point: 2.4308488368988037
