n_obs: 10
data_preparation: 3.547884941101074
writing: 0.3240809440612793
reading: 0.11115670204162598
data_fitting: 0.09232902526855469
flux_point: 1.1166777610778809
