n_obs: 10
data_preparation: 10.522169589996338
writing: 0.19029903411865234
reading: 0.22777724266052246
data_fitting: 0.18108177185058594
flux_point: 2.2409780025482178
