n_obs: 10
data_preparation: 8.535864353179932
writing: 0.1462395191192627
reading: 0.1625041961669922
data_fitting: 0.11214399337768555
flux_point: 1.3770837783813477
