n_obs: 10
data_preparation: 4.677434921264648
writing: 0.19704341888427734
reading: 0.16733026504516602
data_fitting: 0.3352675437927246
flux_point: 14.988288164138794
