n_obs: 10
data_preparation: 7.078808069229126
writing: 0.15187382698059082
reading: 0.22562360763549805
data_fitting: 0.21454977989196777
flux_point: 6.664556503295898
