n_obs: 10
data_preparation: 3.6218976974487305
writing: 0.3637826442718506
reading: 0.1120462417602539
data_fitting: 0.09691691398620605
flux_point: 1.2574541568756104
