n_obs: 10
data_preparation: 8.924185037612915
writing: 0.17872858047485352
reading: 0.21327972412109375
data_fitting: 0.24923038482666016
flux_point: 4.116365671157837
