n_obs: 10
data_preparation: 3.49541974067688
writing: 0.24840521812438965
reading: 0.19988536834716797
data_fitting: 1.4033355712890625
flux_point: 3.6230123043060303
