n_obs: 10
data_preparation: 8.510571718215942
writing: 0.2159745693206787
reading: 0.24896001815795898
data_fitting: 0.25740909576416016
flux_point: 3.344921588897705
