n_obs: 10
data_preparation: 3.35744571685791
writing: 0.30886411666870117
reading: 0.10013532638549805
data_fitting: 0.07948184013366699
flux_point: 0.9250669479370117
