n_obs: 10
data_preparation: 6.671540021896362
writing: 0.17486143112182617
reading: 0.18096375465393066
data_fitting: 0.21821212768554688
flux_point: 6.536267042160034
