n_obs: 10
data_preparation: 3.488290548324585
writing: 0.3538780212402344
reading: 0.11825752258300781
data_fitting: 0.22959327697753906
flux_point: 1.2287538051605225
