n_obs: 10
data_preparation: 4.461007595062256
writing: 0.1525130271911621
reading: 0.16112637519836426
data_fitting: 0.37302446365356445
flux_point: 3.2839741706848145
