n_obs: 10
data_preparation: 8.080572366714478
writing: 0.161973237991333
reading: 0.18757057189941406
data_fitting: 0.2167208194732666
flux_point: 3.1394920349121094
