n_obs: 10
data_preparation: 5.166615962982178
writing: 0.17073726654052734
reading: 0.18071413040161133
data_fitting: 0.3642086982727051
flux_point: 3.8388121128082275
