n_obs: 10
data_preparation: 6.47591757774353
writing: 0.17506909370422363
reading: 0.16701364517211914
data_fitting: 0.1535799503326416
flux_point: 2.0465757846832275
