n_obs: 10
data_preparation: 5.318997621536255
writing: 0.17119312286376953
reading: 0.18132996559143066
data_fitting: 0.7146382331848145
flux_point: 6.866347074508667
