n_obs: 10
data_preparation: 5.992103576660156
writing: 0.13420772552490234
reading: 0.13998174667358398
data_fitting: 0.16235828399658203
flux_point: 2.3620502948760986
