n_obs: 10
data_preparation: 8.89113187789917
writing: 0.2327280044555664
reading: 0.25910139083862305
data_fitting: 0.26396870613098145
flux_point: 3.3465828895568848
