n_obs: 10
data_preparation: 3.488476276397705
writing: 0.32193565368652344
reading: 0.10963630676269531
data_fitting: 0.09007048606872559
flux_point: 1.0949046611785889
