n_obs: 10
data_preparation: 8.173742055892944
writing: 0.1645827293395996
reading: 0.18972516059875488
data_fitting: 0.13544178009033203
flux_point: 1.7033731937408447
