n_obs: 10
data_preparation: 8.639694452285767
writing: 0.14206337928771973
reading: 0.16088438034057617
data_fitting: 0.17513656616210938
flux_point: 2.4984569549560547
