n_obs: 10
data_preparation: 8.94690990447998
writing: 0.1827690601348877
reading: 0.2021009922027588
data_fitting: 0.23963594436645508
flux_point: 4.059949159622192
