n_obs: 10
data_preparation: 3.4824941158294678
writing: 0.38436222076416016
reading: 0.12296128273010254
data_fitting: 0.23302507400512695
flux_point: 1.2463483810424805
