n_obs: 10
data_preparation: 3.6002235412597656
writing: 0.31745243072509766
reading: 0.11203265190124512
data_fitting: 0.09379339218139648
flux_point: 1.1371159553527832
