n_obs: 10
data_preparation: 6.221299886703491
writing: 0.15504193305969238
reading: 0.18090200424194336
data_fitting: 0.3900294303894043
flux_point: 2.7870755195617676
