n_obs: 10
data_preparation: 6.197625160217285
writing: 0.1508333683013916
reading: 0.17194747924804688
data_fitting: 0.16999387741088867
flux_point: 1.9971814155578613
