n_obs: 10
data_preparation: 8.57722783088684
writing: 0.14376068115234375
reading: 0.1611919403076172
data_fitting: 0.11759495735168457
flux_point: 1.4280824661254883
