n_obs: 10
data_preparation: 3.4946494102478027
writing: 0.10956311225891113
reading: 0.12092375755310059
data_fitting: 0.23024201393127441
flux_point: 1.245934247970581
