n_obs: 10
data_preparation: 7.128222703933716
writing: 0.17417359352111816
reading: 0.1855907440185547
data_fitting: 0.2191157341003418
flux_point: 6.779385805130005
