n_obs: 10
data_preparation: 4.440414667129517
writing: 0.24869847297668457
reading: 0.12869000434875488
data_fitting: 0.08983659744262695
flux_point: 1.1098811626434326
