n_obs: 10
data_preparation: 3.3220374584198
writing: 0.2389826774597168
reading: 0.19012212753295898
data_fitting: 1.356215238571167
flux_point: 3.460423707962036
