n_obs: 10
data_preparation: 3.5861566066741943
writing: 0.3338463306427002
reading: 0.11087989807128906
data_fitting: 0.0926814079284668
flux_point: 1.1144609451293945
