n_obs: 10
data_preparation: 8.458534240722656
writing: 0.14307785034179688
reading: 0.1604447364807129
data_fitting: 0.12046694755554199
flux_point: 1.4221324920654297
