n_obs: 10
data_preparation: 8.022695779800415
writing: 0.14799022674560547
reading: 0.18119454383850098
data_fitting: 0.24658632278442383
flux_point: 4.0324695110321045
