n_obs: 10
data_preparation: 5.155742883682251
writing: 0.17520904541015625
reading: 0.18720722198486328
data_fitting: 0.4184443950653076
flux_point: 3.790666103363037
