n_obs: 10
data_preparation: 3.9138333797454834
writing: 0.3233659267425537
reading: 0.1169884204864502
data_fitting: 0.0925452709197998
flux_point: 1.0935838222503662
