n_obs: 10
data_preparation: 3.515272855758667
writing: 0.3483304977416992
reading: 0.10920262336730957
data_fitting: 0.0906515121459961
flux_point: 1.0883400440216064
