n_obs: 10
data_preparation: 4.21064305305481
writing: 0.24515414237976074
reading: 0.12954354286193848
data_fitting: 0.09793663024902344
flux_point: 1.166480302810669
