n_obs: 10
data_preparation: 6.830371141433716
writing: 0.16870355606079102
reading: 0.19864153861999512
data_fitting: 1.525580644607544
flux_point: 16.406094312667847
