n_obs: 10
data_preparation: 4.781328916549683
writing: 0.16637659072875977
reading: 0.17039060592651367
data_fitting: 0.7232651710510254
flux_point: 6.383589744567871
