n_obs: 10
data_preparation: 3.562128782272339
writing: 0.3429529666900635
reading: 0.11283111572265625
data_fitting: 0.09363055229187012
flux_point: 1.0974104404449463
