n_obs: 10
data_preparation: 7.306156873703003
writing: 0.15042662620544434
reading: 0.17221903800964355
data_fitting: 0.12618565559387207
flux_point: 1.5622615814208984
