n_obs: 10
data_preparation: 6.470805883407593
writing: 0.1572129726409912
reading: 0.178574800491333
data_fitting: 0.18569493293762207
flux_point: 2.329387664794922
