n_obs: 10
data_preparation: 5.695545434951782
writing: 0.2476963996887207
reading: 0.21440553665161133
data_fitting: 0.448824405670166
flux_point: 4.748928785324097
