n_obs: 10
data_preparation: 7.328162670135498
writing: 0.18319010734558105
reading: 0.22524666786193848
data_fitting: 0.3377547264099121
flux_point: 3.018488645553589
