n_obs: 10
data_preparation: 8.921139240264893
writing: 0.19138145446777344
reading: 0.22314119338989258
data_fitting: 0.29109835624694824
flux_point: 4.630838871002197
