n_obs: 10
data_preparation: 3.521712303161621
writing: 0.3628532886505127
reading: 0.11676168441772461
data_fitting: 0.23467159271240234
flux_point: 1.268261432647705
