n_obs: 10
data_preparation: 3.5199849605560303
writing: 0.3145143985748291
reading: 0.10909342765808105
data_fitting: 0.08741140365600586
flux_point: 0.9547479152679443
