n_obs: 10
data_preparation: 3.606639862060547
writing: 0.3350658416748047
reading: 0.11053967475891113
data_fitting: 0.0912623405456543
flux_point: 1.1233253479003906
