n_obs: 10
data_preparation: 7.414711952209473
writing: 0.15225005149841309
reading: 0.1733405590057373
data_fitting: 0.19572162628173828
flux_point: 3.034609794616699
