n_obs: 10
data_preparation: 3.7520101070404053
writing: 0.40393757820129395
reading: 0.1170504093170166
data_fitting: 0.09496831893920898
flux_point: 1.1489222049713135
