n_obs: 10
data_preparation: 5.610062122344971
writing: 0.24807429313659668
reading: 0.2093205451965332
data_fitting: 0.43262195587158203
flux_point: 4.488253116607666
