n_obs: 10
data_preparation: 6.4951207637786865
writing: 0.16770482063293457
reading: 0.17271876335144043
data_fitting: 0.17622590065002441
flux_point: 2.3348824977874756
