n_obs: 10
data_preparation: 3.4442906379699707
writing: 0.10970687866210938
reading: 0.11885213851928711
data_fitting: 0.22841835021972656
flux_point: 1.2372212409973145
