n_obs: 10
data_preparation: 3.4736828804016113
writing: 0.11020493507385254
reading: 0.12021017074584961
data_fitting: 0.2293682098388672
flux_point: 1.235081672668457
