n_obs: 10
data_preparation: 3.5126211643218994
writing: 0.32938528060913086
reading: 0.10907983779907227
data_fitting: 0.08944487571716309
flux_point: 1.0700569152832031
