n_obs: 10
data_preparation: 5.377519607543945
writing: 0.1312875747680664
reading: 0.12981581687927246
data_fitting: 0.13160324096679688
flux_point: 1.707585096359253
