n_obs: 10
data_preparation: 6.5345845222473145
writing: 0.13396763801574707
reading: 0.15622520446777344
data_fitting: 0.17295575141906738
flux_point: 2.488644599914551
