n_obs: 10
data_preparation: 3.3297455310821533
writing: 0.23789024353027344
reading: 0.191056489944458
data_fitting: 1.3613169193267822
flux_point: 3.4565978050231934
