n_obs: 10
data_preparation: 7.904233694076538
writing: 0.1618213653564453
reading: 0.1809096336364746
data_fitting: 0.13461089134216309
flux_point: 1.6803362369537354
