n_obs: 10
data_preparation: 8.786787033081055
writing: 0.1463031768798828
reading: 0.16311335563659668
data_fitting: 0.1760101318359375
flux_point: 2.535543918609619
