n_obs: 10
data_preparation: 3.805522918701172
writing: 0.31696033477783203
reading: 0.11411714553833008
data_fitting: 0.09140920639038086
flux_point: 1.0738272666931152
