n_obs: 10
data_preparation: 5.2831504344940186
writing: 0.23165535926818848
reading: 0.1867847442626953
data_fitting: 0.37374091148376465
flux_point: 3.8547182083129883
