n_obs: 10
data_preparation: 3.345889091491699
writing: 0.10733485221862793
reading: 0.11948251724243164
data_fitting: 0.22596120834350586
flux_point: 1.208181381225586
