n_obs: 10
data_preparation: 6.751515865325928
writing: 0.14691424369812012
reading: 0.17523455619812012
data_fitting: 0.17021918296813965
flux_point: 2.0446579456329346
