n_obs: 10
data_preparation: 4.526547431945801
writing: 0.32038354873657227
reading: 0.12979435920715332
data_fitting: 0.09463977813720703
flux_point: 1.1365339756011963
