n_obs: 10
data_preparation: 4.230976581573486
writing: 0.24846506118774414
reading: 0.1306314468383789
data_fitting: 0.091796875
flux_point: 1.1000866889953613
