n_obs: 10
data_preparation: 6.53321647644043
writing: 0.1378791332244873
reading: 0.16147184371948242
data_fitting: 0.1812126636505127
flux_point: 2.4984798431396484
