n_obs: 10
data_preparation: 3.8009886741638184
writing: 0.32381319999694824
reading: 0.11316895484924316
data_fitting: 0.09032344818115234
flux_point: 1.0642197132110596
