n_obs: 10
data_preparation: 3.3231799602508545
writing: 0.10596346855163574
reading: 0.1151268482208252
data_fitting: 0.22031521797180176
flux_point: 1.1838033199310303
