n_obs: 10
data_preparation: 6.422373294830322
writing: 0.14500856399536133
reading: 0.1633617877960205
data_fitting: 0.17615365982055664
flux_point: 2.5053107738494873
