n_obs: 10
data_preparation: 6.077023267745972
writing: 0.15196919441223145
reading: 0.17101693153381348
data_fitting: 0.16643714904785156
flux_point: 1.958467721939087
