n_obs: 10
data_preparation: 5.700380563735962
writing: 0.1531200408935547
reading: 0.15276789665222168
data_fitting: 0.13591766357421875
flux_point: 1.8139398097991943
