n_obs: 10
data_preparation: 3.502152681350708
writing: 0.33756589889526367
reading: 0.11034059524536133
data_fitting: 0.09067344665527344
flux_point: 1.0875470638275146
