n_obs: 10
data_preparation: 3.465174913406372
writing: 0.3502466678619385
reading: 0.1190941333770752
data_fitting: 0.2321162223815918
flux_point: 1.2458975315093994
