n_obs: 10
data_preparation: 6.999121427536011
writing: 0.1515636444091797
reading: 0.17136478424072266
data_fitting: 0.17271995544433594
flux_point: 2.075505018234253
