n_obs: 10
data_preparation: 6.508960485458374
writing: 0.15384912490844727
reading: 0.15656137466430664
data_fitting: 0.18700647354125977
flux_point: 2.4470133781433105
