n_obs: 10
data_preparation: 4.227365732192993
writing: 0.2587282657623291
reading: 0.13544344902038574
data_fitting: 0.10301423072814941
flux_point: 1.1769158840179443
