n_obs: 10
data_preparation: 6.7007410526275635
writing: 0.16882991790771484
reading: 0.20187592506408691
data_fitting: 0.41731786727905273
flux_point: 3.085836887359619
