n_obs: 10
data_preparation: 7.9952099323272705
writing: 0.1613767147064209
reading: 0.19016408920288086
data_fitting: 0.2144014835357666
flux_point: 3.075004816055298
