n_obs: 10
data_preparation: 3.330465316772461
writing: 0.24449658393859863
reading: 0.19436955451965332
data_fitting: 1.3703525066375732
flux_point: 3.45290470123291
