n_obs: 10
data_preparation: 10.069261312484741
writing: 0.1628575325012207
reading: 0.18198251724243164
data_fitting: 0.20156168937683105
flux_point: 2.8848161697387695
