n_obs: 10
data_preparation: 7.50786018371582
writing: 0.15358662605285645
reading: 0.17426729202270508
data_fitting: 0.13365602493286133
flux_point: 1.6063718795776367
