n_obs: 10
data_preparation: 8.016595840454102
writing: 0.20466852188110352
reading: 0.22224187850952148
data_fitting: 0.2250070571899414
flux_point: 2.8121209144592285
