n_obs: 10
data_preparation: 4.601296901702881
writing: 0.2481544017791748
reading: 0.13141894340515137
data_fitting: 0.09311413764953613
flux_point: 1.1447651386260986
