n_obs: 10
data_preparation: 4.2776665687561035
writing: 0.25333452224731445
reading: 0.13318109512329102
data_fitting: 0.10027599334716797
flux_point: 1.1718766689300537
