n_obs: 10
data_preparation: 8.396417379379272
writing: 0.19946670532226562
reading: 0.2407083511352539
data_fitting: 1.9590332508087158
flux_point: 21.373244524002075
