n_obs: 10
data_preparation: 6.0243237018585205
writing: 0.15822958946228027
reading: 0.1820049285888672
data_fitting: 0.456463098526001
flux_point: 3.368532180786133
