n_obs: 10
data_preparation: 7.347534894943237
writing: 0.14979791641235352
reading: 0.17271780967712402
data_fitting: 0.12211942672729492
flux_point: 1.531747817993164
