n_obs: 10
data_preparation: 4.443042993545532
writing: 0.15238213539123535
reading: 0.15270090103149414
data_fitting: 0.36225318908691406
flux_point: 3.1871254444122314
