n_obs: 10
data_preparation: 5.611056089401245
writing: 0.2561204433441162
reading: 0.2204725742340088
data_fitting: 0.4469332695007324
flux_point: 4.541337966918945
