n_obs: 10
data_preparation: 5.7348222732543945
writing: 0.13995003700256348
reading: 0.14772462844848633
data_fitting: 0.11907505989074707
flux_point: 1.5808627605438232
