n_obs: 10
data_preparation: 9.745940208435059
writing: 0.16953563690185547
reading: 0.1943364143371582
data_fitting: 0.16425347328186035
flux_point: 2.1523401737213135
