n_obs: 10
data_preparation: 6.8683648109436035
writing: 0.17840838432312012
reading: 0.2012789249420166
data_fitting: 1.647519588470459
flux_point: 17.58638048171997
