n_obs: 10
data_preparation: 3.2437734603881836
writing: 0.11019253730773926
reading: 0.11579656600952148
data_fitting: 0.20322704315185547
flux_point: 1.237009048461914
