n_obs: 10
data_preparation: 3.537313222885132
writing: 0.37908267974853516
reading: 0.1152951717376709
data_fitting: 0.23409461975097656
flux_point: 1.4065124988555908
