n_obs: 10
data_preparation: 3.4970996379852295
writing: 0.3181905746459961
reading: 0.10899686813354492
data_fitting: 0.09052419662475586
flux_point: 1.0940537452697754
