n_obs: 10
data_preparation: 5.402698040008545
writing: 0.1739959716796875
reading: 0.18207883834838867
data_fitting: 0.7343027591705322
flux_point: 7.102383852005005
