n_obs: 10
data_preparation: 7.3588714599609375
writing: 0.18640589714050293
reading: 0.20884180068969727
data_fitting: 0.20923376083374023
flux_point: 2.4449305534362793
