n_obs: 10
data_preparation: 3.203904867172241
writing: 0.2318732738494873
reading: 0.1851191520690918
data_fitting: 1.240675449371338
flux_point: 3.2885563373565674
