n_obs: 10
data_preparation: 7.736130475997925
writing: 0.16682219505310059
reading: 0.17780566215515137
data_fitting: 0.08992958068847656
flux_point: 3.2116143703460693
