n_obs: 10
data_preparation: 4.309485197067261
writing: 0.19244146347045898
reading: 0.15537405014038086
data_fitting: 0.3084392547607422
flux_point: 13.686822652816772
