n_obs: 10
data_preparation: 5.136816024780273
writing: 0.17774105072021484
reading: 0.1919400691986084
data_fitting: 0.41789722442626953
flux_point: 3.745774030685425
