n_obs: 10
data_preparation: 8.473254680633545
writing: 0.14676189422607422
reading: 0.16195082664489746
data_fitting: 0.11823081970214844
flux_point: 1.4358716011047363
