n_obs: 10
data_preparation: 3.4229958057403564
writing: 0.10679936408996582
reading: 0.1213068962097168
data_fitting: 0.22701072692871094
flux_point: 1.219547986984253
