n_obs: 10
data_preparation: 9.826416254043579
writing: 0.20493268966674805
reading: 0.2456645965576172
data_fitting: 0.292924165725708
flux_point: 5.018953561782837
