n_obs: 10
data_preparation: 8.535948276519775
writing: 0.16644501686096191
reading: 0.19594454765319824
data_fitting: 0.27075934410095215
flux_point: 4.353192329406738
