n_obs: 10
data_preparation: 3.333057165145874
writing: 0.10537147521972656
reading: 0.11902046203613281
data_fitting: 0.21999692916870117
flux_point: 1.1883437633514404
