n_obs: 10
data_preparation: 3.4776611328125
writing: 0.3258857727050781
reading: 0.10608410835266113
data_fitting: 0.0875556468963623
flux_point: 0.9327309131622314
