n_obs: 10
data_preparation: 3.5781402587890625
writing: 0.3612229824066162
reading: 0.12058019638061523
data_fitting: 0.23528242111206055
flux_point: 1.2828311920166016
