n_obs: 10
data_preparation: 5.105336666107178
writing: 0.22169899940490723
reading: 0.18114662170410156
data_fitting: 0.36188602447509766
flux_point: 3.763709306716919
