n_obs: 10
data_preparation: 7.362851858139038
writing: 0.15210795402526855
reading: 0.17188739776611328
data_fitting: 0.12069177627563477
flux_point: 1.5386676788330078
