n_obs: 10
data_preparation: 8.232316970825195
writing: 0.17745423316955566
reading: 0.19482779502868652
data_fitting: 0.20093345642089844
flux_point: 2.4890549182891846
