n_obs: 10
data_preparation: 3.852890968322754
writing: 0.3212294578552246
reading: 0.11635637283325195
data_fitting: 0.09150123596191406
flux_point: 1.086418628692627
