n_obs: 10
data_preparation: 3.503404140472412
writing: 0.3773233890533447
reading: 0.12023472785949707
data_fitting: 0.23358726501464844
flux_point: 1.2738311290740967
