n_obs: 10
data_preparation: 7.580039024353027
writing: 0.19462108612060547
reading: 0.2366495132446289
data_fitting: 0.49070262908935547
flux_point: 3.643449544906616
