n_obs: 10
data_preparation: 6.476806163787842
writing: 0.16069269180297852
reading: 0.17522335052490234
data_fitting: 0.17857623100280762
flux_point: 2.1786999702453613
