n_obs: 10
data_preparation: 5.653857707977295
writing: 0.18040728569030762
reading: 0.18693995475769043
data_fitting: 0.420337438583374
flux_point: 3.782374620437622
