n_obs: 10
data_preparation: 3.83066463470459
writing: 0.32195258140563965
reading: 0.11503958702087402
data_fitting: 0.09325551986694336
flux_point: 1.0897071361541748
