n_obs: 10
data_preparation: 7.252517461776733
writing: 0.15384507179260254
reading: 0.17318940162658691
data_fitting: 0.12440800666809082
flux_point: 1.5629401206970215
