n_obs: 10
data_preparation: 3.360811233520508
writing: 0.10713315010070801
reading: 0.11433076858520508
data_fitting: 0.22101521492004395
flux_point: 1.2074627876281738
