n_obs: 10
data_preparation: 8.42768120765686
writing: 0.146148681640625
reading: 0.1600191593170166
data_fitting: 0.11759471893310547
flux_point: 1.4709200859069824
