n_obs: 10
data_preparation: 9.813116788864136
writing: 0.22057867050170898
reading: 0.25368285179138184
data_fitting: 0.2805490493774414
flux_point: 4.742324352264404
