n_obs: 10
data_preparation: 3.414533853530884
writing: 0.10631942749023438
reading: 0.11785364151000977
data_fitting: 0.2260725498199463
flux_point: 1.2175848484039307
