n_obs: 10
data_preparation: 6.338747262954712
writing: 0.1412050724029541
reading: 0.1644589900970459
data_fitting: 0.19387602806091309
flux_point: 5.847405195236206
