n_obs: 10
data_preparation: 6.558267831802368
writing: 0.171614408493042
reading: 0.1808927059173584
data_fitting: 0.14286398887634277
flux_point: 1.8790907859802246
