n_obs: 10
data_preparation: 4.9058966636657715
writing: 0.1176137924194336
reading: 0.1339259147644043
data_fitting: 0.30339527130126953
flux_point: 2.2075250148773193
