n_obs: 10
data_preparation: 4.154979467391968
writing: 0.2561783790588379
reading: 0.13332033157348633
data_fitting: 0.09767746925354004
flux_point: 1.1545279026031494
