n_obs: 10
data_preparation: 3.495620012283325
writing: 0.1078801155090332
reading: 0.12007975578308105
data_fitting: 0.22842144966125488
flux_point: 1.2355542182922363
