n_obs: 10
data_preparation: 3.420088529586792
writing: 0.10902285575866699
reading: 0.1248624324798584
data_fitting: 0.22847890853881836
flux_point: 1.2528953552246094
