n_obs: 10
data_preparation: 3.2695083618164062
writing: 0.23609542846679688
reading: 0.18889498710632324
data_fitting: 1.3582639694213867
flux_point: 3.3926901817321777
