n_obs: 10
data_preparation: 3.5698554515838623
writing: 0.32157397270202637
reading: 0.10792255401611328
data_fitting: 0.08800935745239258
flux_point: 1.0858559608459473
