n_obs: 10
data_preparation: 3.5227584838867188
writing: 0.31822729110717773
reading: 0.1093451976776123
data_fitting: 0.0912027359008789
flux_point: 1.1104071140289307
