n_obs: 10
data_preparation: 6.132656574249268
writing: 0.21716785430908203
reading: 0.23534679412841797
data_fitting: 0.557854175567627
flux_point: 22.03911018371582
