n_obs: 10
data_preparation: 6.080380916595459
writing: 0.13452601432800293
reading: 0.08956313133239746
data_fitting: 0.07715201377868652
flux_point: 0.6687369346618652
