n_obs: 10
data_preparation: 6.764482259750366
writing: 0.13855862617492676
reading: 0.1607823371887207
data_fitting: 0.17787742614746094
flux_point: 2.577240467071533
