n_obs: 10
data_preparation: 8.71153211593628
writing: 0.14921331405639648
reading: 0.1675126552581787
data_fitting: 0.11846756935119629
flux_point: 1.4590895175933838
