n_obs: 10
data_preparation: 6.554423093795776
writing: 0.13440585136413574
reading: 0.1570894718170166
data_fitting: 0.17350554466247559
flux_point: 2.4906082153320312
