n_obs: 10
data_preparation: 3.500335693359375
writing: 0.35543155670166016
reading: 0.11828088760375977
data_fitting: 0.23410606384277344
flux_point: 1.2484824657440186
