n_obs: 10
data_preparation: 3.1069705486297607
writing: 0.212388277053833
reading: 0.17336177825927734
data_fitting: 1.0819227695465088
flux_point: 3.1276814937591553
