n_obs: 10
data_preparation: 5.530757665634155
writing: 0.19423198699951172
reading: 0.2066631317138672
data_fitting: 0.49268603324890137
flux_point: 20.10356092453003
