n_obs: 10
data_preparation: 8.082093238830566
writing: 0.12619352340698242
reading: 0.1481795310974121
data_fitting: 0.16062545776367188
flux_point: 2.3236000537872314
