n_obs: 10
data_preparation: 5.955123424530029
writing: 0.1552417278289795
reading: 0.17340445518493652
data_fitting: 0.21413946151733398
flux_point: 2.049832344055176
