n_obs: 10
data_preparation: 6.685894250869751
writing: 0.15632414817810059
reading: 0.24547982215881348
data_fitting: 0.216721773147583
flux_point: 6.602232933044434
