n_obs: 10
data_preparation: 7.025965690612793
writing: 0.14266300201416016
reading: 0.16493535041809082
data_fitting: 0.11743998527526855
flux_point: 1.4818751811981201
