n_obs: 10
data_preparation: 8.411349296569824
writing: 0.14327120780944824
reading: 0.1576547622680664
data_fitting: 0.11633682250976562
flux_point: 1.4563214778900146
