n_obs: 10
data_preparation: 6.914809226989746
writing: 0.17049360275268555
reading: 0.19101667404174805
data_fitting: 0.24303579330444336
flux_point: 2.3274238109588623
