n_obs: 10
data_preparation: 6.5473408699035645
writing: 0.1338973045349121
reading: 0.1565566062927246
data_fitting: 0.17531061172485352
flux_point: 2.5142874717712402
