n_obs: 10
data_preparation: 5.094929933547974
writing: 0.16552114486694336
reading: 0.16452622413635254
data_fitting: 0.39369821548461914
flux_point: 3.55755877494812
