n_obs: 10
data_preparation: 3.6374356746673584
writing: 0.3988981246948242
reading: 0.12360739707946777
data_fitting: 0.24094009399414062
flux_point: 1.3131320476531982
