n_obs: 10
data_preparation: 7.65647292137146
writing: 0.15747499465942383
reading: 0.1793067455291748
data_fitting: 0.1338953971862793
flux_point: 1.6143248081207275
