n_obs: 10
data_preparation: 3.6202616691589355
writing: 0.11356687545776367
reading: 0.12655901908874512
data_fitting: 0.23719382286071777
flux_point: 1.295783281326294
