n_obs: 10
data_preparation: 3.5274159908294678
writing: 0.34469032287597656
reading: 0.11600732803344727
data_fitting: 0.2284533977508545
flux_point: 1.2427022457122803
