n_obs: 10
data_preparation: 6.592697858810425
writing: 0.146040678024292
reading: 0.15589022636413574
data_fitting: 0.19143247604370117
flux_point: 5.630721092224121
