n_obs: 10
data_preparation: 4.350536108016968
writing: 0.25783443450927734
reading: 0.13326716423034668
data_fitting: 0.09265351295471191
flux_point: 1.106278657913208
