n_obs: 10
data_preparation: 3.5267224311828613
writing: 0.3518378734588623
reading: 0.11864280700683594
data_fitting: 0.23561477661132812
flux_point: 1.2504971027374268
