n_obs: 10
data_preparation: 6.959812164306641
writing: 0.18693304061889648
reading: 0.1741008758544922
data_fitting: 0.19039273262023926
flux_point: 3.766876459121704
