n_obs: 10
data_preparation: 8.813011169433594
writing: 0.20222878456115723
reading: 0.22690415382385254
data_fitting: 0.11428236961364746
flux_point: 3.809852123260498
