n_obs: 10
data_preparation: 4.374433517456055
writing: 0.262073278427124
reading: 0.1364448070526123
data_fitting: 0.10209345817565918
flux_point: 1.2353763580322266
