n_obs: 10
data_preparation: 3.17946195602417
writing: 0.2260758876800537
reading: 0.179734468460083
data_fitting: 1.2398107051849365
flux_point: 3.258803367614746
