n_obs: 10
data_preparation: 3.6425247192382812
writing: 0.33911728858947754
reading: 0.1155400276184082
data_fitting: 0.09460687637329102
flux_point: 1.1538119316101074
