n_obs: 10
data_preparation: 4.542250871658325
writing: 0.3165254592895508
reading: 0.13479971885681152
data_fitting: 0.09459090232849121
flux_point: 1.1620495319366455
