n_obs: 10
data_preparation: 3.5007705688476562
writing: 0.3285636901855469
reading: 0.10908865928649902
data_fitting: 0.08884263038635254
flux_point: 1.0819413661956787
