n_obs: 10
data_preparation: 5.922520875930786
writing: 0.14496684074401855
reading: 0.16173505783081055
data_fitting: 0.16489863395690918
flux_point: 1.905257225036621
