n_obs: 10
data_preparation: 3.53739857673645
writing: 0.32671570777893066
reading: 0.11319351196289062
data_fitting: 0.0914313793182373
flux_point: 1.1271657943725586
