n_obs: 10
data_preparation: 7.593094348907471
writing: 0.22677922248840332
reading: 0.19137239456176758
data_fitting: 0.31712818145751953
flux_point: 4.368936777114868
