n_obs: 10
data_preparation: 3.3253962993621826
writing: 0.10656547546386719
reading: 0.11589860916137695
data_fitting: 0.22409343719482422
flux_point: 1.1987252235412598
