n_obs: 10
data_preparation: 5.975193023681641
writing: 0.1514263153076172
reading: 0.17109155654907227
data_fitting: 0.16360235214233398
flux_point: 1.9959430694580078
