n_obs: 10
data_preparation: 5.7185704708099365
writing: 0.13281774520874023
reading: 0.19358563423156738
data_fitting: 0.37329840660095215
flux_point: 2.6411726474761963
