n_obs: 10
data_preparation: 3.475067377090454
writing: 0.32180166244506836
reading: 0.11031174659729004
data_fitting: 0.08964371681213379
flux_point: 1.0890817642211914
