n_obs: 10
data_preparation: 6.619173765182495
writing: 0.13470816612243652
reading: 0.15853476524353027
data_fitting: 0.17385554313659668
flux_point: 2.5085601806640625
