n_obs: 10
data_preparation: 3.5284836292266846
writing: 0.36278390884399414
reading: 0.10882258415222168
data_fitting: 0.09108591079711914
flux_point: 1.08323073387146
