n_obs: 10
data_preparation: 8.14319133758545
writing: 0.21541237831115723
reading: 0.2428898811340332
data_fitting: 1.9395525455474854
flux_point: 21.15935969352722
