n_obs: 10
data_preparation: 5.373480796813965
writing: 0.1477508544921875
reading: 0.1486213207244873
data_fitting: 0.1535930633544922
flux_point: 2.0500056743621826
