n_obs: 10
data_preparation: 3.2683956623077393
writing: 0.2331221103668213
reading: 0.18427324295043945
data_fitting: 1.2793467044830322
flux_point: 3.318347215652466
