n_obs: 10
data_preparation: 3.4227294921875
writing: 0.2425386905670166
reading: 0.19346070289611816
data_fitting: 1.4023470878601074
flux_point: 3.5087759494781494
