n_obs: 10
data_preparation: 6.50189733505249
writing: 0.13328099250793457
reading: 0.15455889701843262
data_fitting: 0.17874431610107422
flux_point: 2.5698299407958984
