n_obs: 10
data_preparation: 10.130872011184692
writing: 0.2287275791168213
reading: 0.253018856048584
data_fitting: 0.2548251152038574
flux_point: 3.820802927017212
