n_obs: 10
data_preparation: 6.964110374450684
writing: 0.14972758293151855
reading: 0.1707606315612793
data_fitting: 0.17133092880249023
flux_point: 2.194960117340088
