n_obs: 10
data_preparation: 5.545163154602051
writing: 0.19698834419250488
reading: 0.20662975311279297
data_fitting: 0.4727938175201416
flux_point: 4.4685094356536865
