n_obs: 10
data_preparation: 5.923455238342285
writing: 0.1608586311340332
reading: 0.1534743309020996
data_fitting: 0.148834228515625
flux_point: 1.9408037662506104
