n_obs: 10
data_preparation: 4.2461817264556885
writing: 0.17268085479736328
reading: 0.16782188415527344
data_fitting: 0.33983778953552246
flux_point: 3.1059787273406982
