n_obs: 10
data_preparation: 6.2162926197052
writing: 0.1326904296875
reading: 0.15136361122131348
data_fitting: 0.15836405754089355
flux_point: 1.8994312286376953
