n_obs: 10
data_preparation: 3.5134341716766357
writing: 0.32100415229797363
reading: 0.10714387893676758
data_fitting: 0.08943748474121094
flux_point: 1.0971121788024902
