n_obs: 10
data_preparation: 5.87807297706604
writing: 0.1467905044555664
reading: 0.15018200874328613
data_fitting: 0.12572956085205078
flux_point: 1.6528136730194092
