n_obs: 10
data_preparation: 3.532541275024414
writing: 0.32074403762817383
reading: 0.10828423500061035
data_fitting: 0.09189867973327637
flux_point: 1.1097030639648438
