n_obs: 10
data_preparation: 3.338695764541626
writing: 0.09715723991394043
reading: 0.1160438060760498
data_fitting: 0.2807581424713135
flux_point: 1.1740927696228027
