n_obs: 10
data_preparation: 3.601996898651123
writing: 0.38136720657348633
reading: 0.11205220222473145
data_fitting: 0.0959172248840332
flux_point: 1.116504192352295
