n_obs: 10
data_preparation: 9.309913873672485
writing: 0.21664977073669434
reading: 0.22919821739196777
data_fitting: 0.25945305824279785
flux_point: 4.263705492019653
