n_obs: 10
data_preparation: 6.2102484703063965
writing: 0.13772225379943848
reading: 0.16011404991149902
data_fitting: 0.18657183647155762
flux_point: 5.665329933166504
