n_obs: 10
data_preparation: 3.5233635902404785
writing: 0.31757426261901855
reading: 0.11069011688232422
data_fitting: 0.09184050559997559
flux_point: 1.1157677173614502
