n_obs: 10
data_preparation: 5.398474216461182
writing: 0.29497742652893066
reading: 0.15206265449523926
data_fitting: 0.10774707794189453
flux_point: 1.318878412246704
