n_obs: 10
data_preparation: 4.993697166442871
writing: 0.17404437065124512
reading: 0.18042755126953125
data_fitting: 0.41387009620666504
flux_point: 3.7087621688842773
