n_obs: 10
data_preparation: 8.264906883239746
writing: 0.2045764923095703
reading: 0.2305161952972412
data_fitting: 0.24196887016296387
flux_point: 3.0846283435821533
