n_obs: 10
data_preparation: 3.599891424179077
writing: 0.3508634567260742
reading: 0.1083378791809082
data_fitting: 0.08630895614624023
flux_point: 0.953467607498169
