n_obs: 10
data_preparation: 3.6196751594543457
writing: 0.37114644050598145
reading: 0.1107172966003418
data_fitting: 0.09361672401428223
flux_point: 1.1226146221160889
