n_obs: 10
data_preparation: 3.3988139629364014
writing: 0.24088478088378906
reading: 0.19799089431762695
data_fitting: 1.3806583881378174
flux_point: 3.4630537033081055
