n_obs: 10
data_preparation: 3.8837392330169678
writing: 0.3192026615142822
reading: 0.11517143249511719
data_fitting: 0.09285879135131836
flux_point: 1.092191219329834
