n_obs: 10
data_preparation: 3.2154877185821533
writing: 0.22995948791503906
reading: 0.18718624114990234
data_fitting: 1.2432935237884521
flux_point: 3.2662816047668457
