n_obs: 10
data_preparation: 3.600639581680298
writing: 0.10817122459411621
reading: 0.12264704704284668
data_fitting: 0.23271512985229492
flux_point: 1.2894034385681152
