n_obs: 10
data_preparation: 8.912092447280884
writing: 0.1859116554260254
reading: 0.21160221099853516
data_fitting: 0.267411470413208
flux_point: 3.330638885498047
