n_obs: 10
data_preparation: 7.696547508239746
writing: 0.20081734657287598
reading: 0.22117948532104492
data_fitting: 0.7211241722106934
flux_point: 3.9064600467681885
