n_obs: 10
data_preparation: 7.794247627258301
writing: 0.15597224235534668
reading: 0.1864938735961914
data_fitting: 0.2090766429901123
flux_point: 3.2172179222106934
