n_obs: 10
data_preparation: 6.569971084594727
writing: 0.14609670639038086
reading: 0.20374846458435059
data_fitting: 0.19334888458251953
flux_point: 6.00428581237793
