n_obs: 10
data_preparation: 3.492401361465454
writing: 0.3608114719390869
reading: 0.11481833457946777
data_fitting: 0.23305845260620117
flux_point: 1.258011817932129
