n_obs: 10
data_preparation: 6.535794734954834
writing: 0.13055706024169922
reading: 0.1537187099456787
data_fitting: 0.1788005828857422
flux_point: 2.5585873126983643
