n_obs: 10
data_preparation: 4.659725189208984
writing: 0.1506037712097168
reading: 0.15726280212402344
data_fitting: 0.35533571243286133
flux_point: 3.087834358215332
