n_obs: 10
data_preparation: 4.428457498550415
writing: 0.30676746368408203
reading: 0.12864303588867188
data_fitting: 0.09307098388671875
flux_point: 1.1329665184020996
