n_obs: 10
data_preparation: 3.1454429626464844
writing: 0.21837735176086426
reading: 0.1728687286376953
data_fitting: 1.0700757503509521
flux_point: 3.167954921722412
