n_obs: 10
data_preparation: 7.757696151733398
writing: 0.1627507209777832
reading: 0.18683981895446777
data_fitting: 0.22999024391174316
flux_point: 3.740699291229248
