n_obs: 10
data_preparation: 8.967218160629272
writing: 0.22003912925720215
reading: 0.2229018211364746
data_fitting: 0.27406811714172363
flux_point: 8.387665510177612
