n_obs: 10
data_preparation: 5.419772148132324
writing: 0.11899232864379883
reading: 0.13687586784362793
data_fitting: 0.1679832935333252
flux_point: 5.099898338317871
