n_obs: 10
data_preparation: 7.538423776626587
writing: 0.20070958137512207
reading: 0.23024320602416992
data_fitting: 1.869140625
flux_point: 17.359445095062256
