n_obs: 10
data_preparation: 7.66159725189209
writing: 0.17422771453857422
reading: 0.2010047435760498
data_fitting: 0.26557421684265137
flux_point: 8.320503234863281
