n_obs: 10
data_preparation: 10.965527057647705
writing: 0.2378101348876953
reading: 0.27338242530822754
data_fitting: 0.1946868896484375
flux_point: 2.4235732555389404
