n_obs: 10
data_preparation: 3.180426597595215
writing: 0.10005331039428711
reading: 0.10986089706420898
data_fitting: 0.20696616172790527
flux_point: 1.2421202659606934
