n_obs: 10
data_preparation: 3.476492166519165
writing: 0.10941076278686523
reading: 0.12020611763000488
data_fitting: 0.228010892868042
flux_point: 1.243755578994751
