n_obs: 10
data_preparation: 6.7232184410095215
writing: 0.13696670532226562
reading: 0.15918684005737305
data_fitting: 0.18005990982055664
flux_point: 2.6238536834716797
