n_obs: 10
data_preparation: 6.409425497055054
writing: 0.16765499114990234
reading: 0.18334150314331055
data_fitting: 0.22291016578674316
flux_point: 2.2382590770721436
