n_obs: 10
data_preparation: 6.619791030883789
writing: 0.16533541679382324
reading: 0.19244623184204102
data_fitting: 0.2155299186706543
flux_point: 2.7197959423065186
