n_obs: 10
data_preparation: 5.6695404052734375
writing: 0.1527414321899414
reading: 0.14850831031799316
data_fitting: 0.1262040138244629
flux_point: 1.6816859245300293
