n_obs: 10
data_preparation: 3.4946136474609375
writing: 0.3287060260772705
reading: 0.1074528694152832
data_fitting: 0.09196233749389648
flux_point: 1.1021785736083984
