n_obs: 10
data_preparation: 7.936496019363403
writing: 0.20202994346618652
reading: 0.23006081581115723
data_fitting: 0.32159972190856934
flux_point: 3.048834800720215
