n_obs: 10
data_preparation: 6.409272193908691
writing: 0.1336047649383545
reading: 0.15325140953063965
data_fitting: 0.18031001091003418
flux_point: 2.600132465362549
