n_obs: 10
data_preparation: 10.085274934768677
writing: 0.16694045066833496
reading: 0.18628287315368652
data_fitting: 0.13796067237854004
flux_point: 1.6766419410705566
