n_obs: 10
data_preparation: 4.46977162361145
writing: 0.3082466125488281
reading: 0.1321392059326172
data_fitting: 0.09222173690795898
flux_point: 1.1295166015625
