n_obs: 10
data_preparation: 7.2758262157440186
writing: 0.1860215663909912
reading: 0.20687413215637207
data_fitting: 0.2008521556854248
flux_point: 2.344050407409668
