n_obs: 10
data_preparation: 8.52988314628601
writing: 0.14631319046020508
reading: 0.162062406539917
data_fitting: 0.11208939552307129
flux_point: 1.383671522140503
