n_obs: 10
data_preparation: 3.6273305416107178
writing: 0.37155890464782715
reading: 0.1146693229675293
data_fitting: 0.09832954406738281
flux_point: 1.2655866146087646
