n_obs: 10
data_preparation: 3.389697313308716
writing: 0.22838449478149414
reading: 0.18651819229125977
data_fitting: 1.0839226245880127
flux_point: 3.22214674949646
