n_obs: 10
data_preparation: 3.400780200958252
writing: 0.1074836254119873
reading: 0.12100625038146973
data_fitting: 0.22788357734680176
flux_point: 1.228109359741211
