n_obs: 10
data_preparation: 6.549182415008545
writing: 0.13665556907653809
reading: 0.16003680229187012
data_fitting: 0.177994966506958
flux_point: 2.5649187564849854
