n_obs: 10
data_preparation: 5.205355167388916
writing: 0.1762852668762207
reading: 0.18580293655395508
data_fitting: 0.36401891708374023
flux_point: 3.809513568878174
