n_obs: 10
data_preparation: 6.615677833557129
writing: 0.13341259956359863
reading: 0.15580439567565918
data_fitting: 0.17476940155029297
flux_point: 2.520934581756592
