n_obs: 10
data_preparation: 6.640163421630859
writing: 0.1636190414428711
reading: 0.17840957641601562
data_fitting: 0.15260577201843262
flux_point: 1.881007432937622
