n_obs: 10
data_preparation: 8.376821517944336
writing: 0.18789124488830566
reading: 0.22138214111328125
data_fitting: 0.2680699825286865
flux_point: 8.405977964401245
