n_obs: 10
data_preparation: 7.496157646179199
writing: 0.20704150199890137
reading: 0.22051739692687988
data_fitting: 0.2324848175048828
flux_point: 3.0765485763549805
