n_obs: 10
data_preparation: 3.449516534805298
writing: 0.11245560646057129
reading: 0.12008523941040039
data_fitting: 0.22887134552001953
flux_point: 1.233536720275879
