n_obs: 10
data_preparation: 6.983914852142334
writing: 0.14628171920776367
reading: 0.16493725776672363
data_fitting: 0.11969780921936035
flux_point: 1.4950921535491943
