n_obs: 10
data_preparation: 3.5423896312713623
writing: 0.32898855209350586
reading: 0.10956788063049316
data_fitting: 0.09129047393798828
flux_point: 1.1294848918914795
