n_obs: 10
data_preparation: 3.381495237350464
writing: 0.24573445320129395
reading: 0.19500494003295898
data_fitting: 1.3625433444976807
flux_point: 3.4510631561279297
