n_obs: 10
data_preparation: 4.521625280380249
writing: 0.2464151382446289
reading: 0.1282503604888916
data_fitting: 0.09102177619934082
flux_point: 1.1212739944458008
