n_obs: 10
data_preparation: 3.4732513427734375
writing: 0.3461897373199463
reading: 0.11844992637634277
data_fitting: 0.2284107208251953
flux_point: 1.224186897277832
