n_obs: 10
data_preparation: 6.7260212898254395
writing: 0.14341068267822266
reading: 0.15735816955566406
data_fitting: 0.11562824249267578
flux_point: 1.446939468383789
