n_obs: 10
data_preparation: 6.75203800201416
writing: 0.1917705535888672
reading: 0.19310760498046875
data_fitting: 0.18602991104125977
flux_point: 2.168484687805176
