n_obs: 10
data_preparation: 6.516914129257202
writing: 0.1373283863067627
reading: 0.15861177444458008
data_fitting: 0.1741163730621338
flux_point: 2.5064356327056885
