n_obs: 10
data_preparation: 9.3406400680542
writing: 0.1721944808959961
reading: 0.22234749794006348
data_fitting: 0.2819995880126953
flux_point: 4.638797044754028
