n_obs: 10
data_preparation: 5.230848789215088
writing: 0.17883086204528809
reading: 0.18518710136413574
data_fitting: 0.36345744132995605
flux_point: 3.782331943511963
