n_obs: 10
data_preparation: 2.4009909629821777
writing: 0.16548371315002441
reading: 0.13532638549804688
data_fitting: 0.816378116607666
flux_point: 2.3815717697143555
