n_obs: 10
data_preparation: 4.450492858886719
writing: 0.3156862258911133
reading: 0.13189959526062012
data_fitting: 0.09258890151977539
flux_point: 1.136070966720581
