n_obs: 10
data_preparation: 3.3874685764312744
writing: 0.11114311218261719
reading: 0.1178884506225586
data_fitting: 0.22960901260375977
flux_point: 1.2319190502166748
