n_obs: 10
data_preparation: 3.577667713165283
writing: 0.3681154251098633
reading: 0.11088824272155762
data_fitting: 0.10458183288574219
flux_point: 1.1213040351867676
