n_obs: 10
data_preparation: 6.311739683151245
writing: 0.14396405220031738
reading: 0.1587691307067871
data_fitting: 0.17589783668518066
flux_point: 2.4957010746002197
