n_obs: 10
data_preparation: 5.512366056442261
writing: 0.1721811294555664
reading: 0.17853426933288574
data_fitting: 0.7241988182067871
flux_point: 6.993225812911987
