n_obs: 10
data_preparation: 6.015577793121338
writing: 0.15573406219482422
reading: 0.15816783905029297
data_fitting: 0.1296710968017578
flux_point: 1.686121940612793
