n_obs: 10
data_preparation: 8.170764207839966
writing: 0.17625713348388672
reading: 0.1953122615814209
data_fitting: 0.20688796043395996
flux_point: 2.4533424377441406
