n_obs: 10
data_preparation: 4.52985143661499
writing: 0.24753594398498535
reading: 0.13081073760986328
data_fitting: 0.09255671501159668
flux_point: 1.1434502601623535
