n_obs: 10
data_preparation: 4.564107179641724
writing: 0.24338412284851074
reading: 0.13115596771240234
data_fitting: 0.09368681907653809
flux_point: 1.1279830932617188
