n_obs: 10
data_preparation: 3.499514579772949
writing: 0.31853294372558594
reading: 0.1101996898651123
data_fitting: 0.09423828125
flux_point: 1.1008832454681396
