n_obs: 10
data_preparation: 8.919643640518188
writing: 0.18573927879333496
reading: 0.21688532829284668
data_fitting: 0.2346205711364746
flux_point: 3.396266460418701
