n_obs: 10
data_preparation: 4.261198997497559
writing: 0.2558248043060303
reading: 0.1356508731842041
data_fitting: 0.10059857368469238
flux_point: 1.2004761695861816
