n_obs: 10
data_preparation: 5.9777915477752686
writing: 0.11644220352172852
reading: 0.13402223587036133
data_fitting: 0.15475106239318848
flux_point: 2.251455783843994
