n_obs: 10
data_preparation: 7.0153117179870605
writing: 0.17676234245300293
reading: 0.2004683017730713
data_fitting: 0.25495433807373047
flux_point: 2.500258207321167
