n_obs: 10
data_preparation: 3.413113832473755
writing: 0.24237418174743652
reading: 0.19675064086914062
data_fitting: 1.3640341758728027
flux_point: 3.4818577766418457
