n_obs: 10
data_preparation: 3.3178188800811768
writing: 0.1053154468536377
reading: 0.11431407928466797
data_fitting: 0.22646117210388184
flux_point: 1.2035610675811768
