n_obs: 10
data_preparation: 3.560699939727783
writing: 0.3278048038482666
reading: 0.11078262329101562
data_fitting: 0.09194064140319824
flux_point: 1.1189169883728027
