n_obs: 10
data_preparation: 6.035060167312622
writing: 0.15268826484680176
reading: 0.17240142822265625
data_fitting: 0.16259074211120605
flux_point: 1.9170715808868408
