n_obs: 10
data_preparation: 3.5895133018493652
writing: 0.3865358829498291
reading: 0.11241769790649414
data_fitting: 0.09326386451721191
flux_point: 1.1217098236083984
