n_obs: 10
data_preparation: 6.580291271209717
writing: 0.13741850852966309
reading: 0.16549348831176758
data_fitting: 0.16916894912719727
flux_point: 1.9990875720977783
