n_obs: 10
data_preparation: 5.977573871612549
writing: 0.21179556846618652
reading: 0.22909951210021973
data_fitting: 0.4710378646850586
flux_point: 4.847009181976318
