n_obs: 10
data_preparation: 7.015794992446899
writing: 0.18225836753845215
reading: 0.20003557205200195
data_fitting: 0.25484633445739746
flux_point: 2.4901747703552246
