n_obs: 10
data_preparation: 6.493553161621094
writing: 0.1571497917175293
reading: 0.15745162963867188
data_fitting: 0.1453542709350586
flux_point: 1.8783528804779053
