n_obs: 10
data_preparation: 3.5256733894348145
writing: 0.31635355949401855
reading: 0.10924863815307617
data_fitting: 0.09270119667053223
flux_point: 1.1125938892364502
