n_obs: 10
data_preparation: 3.7694461345672607
writing: 0.38089990615844727
reading: 0.11375904083251953
data_fitting: 0.09009504318237305
flux_point: 0.9791102409362793
