n_obs: 10
data_preparation: 3.5850300788879395
writing: 0.3384511470794678
reading: 0.1132352352142334
data_fitting: 0.09302330017089844
flux_point: 1.1162981986999512
