n_obs: 10
data_preparation: 4.552321195602417
writing: 0.2511162757873535
reading: 0.13315582275390625
data_fitting: 0.09220528602600098
flux_point: 1.1355745792388916
