n_obs: 10
data_preparation: 5.778026819229126
writing: 0.12183070182800293
reading: 0.1367499828338623
data_fitting: 0.17606019973754883
flux_point: 5.330105781555176
