n_obs: 10
data_preparation: 5.121919631958008
writing: 0.22024774551391602
reading: 0.18653464317321777
data_fitting: 0.36516451835632324
flux_point: 16.399173974990845
