n_obs: 10
data_preparation: 7.9301886558532715
writing: 0.20921564102172852
reading: 0.236405611038208
data_fitting: 0.31726932525634766
flux_point: 3.6184678077697754
