n_obs: 10
data_preparation: 3.445843458175659
writing: 0.10839247703552246
reading: 0.12071037292480469
data_fitting: 0.22847485542297363
flux_point: 1.2335870265960693
