n_obs: 10
data_preparation: 3.4174129962921143
writing: 0.24857783317565918
reading: 0.19977068901062012
data_fitting: 1.4057340621948242
flux_point: 3.566082239151001
