n_obs: 10
data_preparation: 3.6633262634277344
writing: 0.3470163345336914
reading: 0.11312246322631836
data_fitting: 0.09629273414611816
flux_point: 1.1346006393432617
