n_obs: 10
data_preparation: 6.020554780960083
writing: 0.1474454402923584
reading: 0.1584911346435547
data_fitting: 0.19072890281677246
flux_point: 5.858118772506714
