n_obs: 10
data_preparation: 3.4475085735321045
writing: 0.10609579086303711
reading: 0.11931657791137695
data_fitting: 0.2313828468322754
flux_point: 1.2500932216644287
