n_obs: 10
data_preparation: 3.5262036323547363
writing: 0.3135030269622803
reading: 0.11282610893249512
data_fitting: 0.0939168930053711
flux_point: 1.1307415962219238
