n_obs: 10
data_preparation: 6.028868913650513
writing: 0.1373119354248047
reading: 0.09714007377624512
data_fitting: 0.08205103874206543
flux_point: 0.7122576236724854
