n_obs: 10
data_preparation: 3.5509016513824463
writing: 0.10967350006103516
reading: 0.12252449989318848
data_fitting: 0.2353801727294922
flux_point: 1.2588396072387695
