n_obs: 10
data_preparation: 8.471924304962158
writing: 0.22678494453430176
reading: 0.2642989158630371
data_fitting: 0.257138729095459
flux_point: 3.1346967220306396
