n_obs: 10
data_preparation: 6.312638759613037
writing: 0.1541130542755127
reading: 0.1805431842803955
data_fitting: 0.17002153396606445
flux_point: 2.009153127670288
