n_obs: 10
data_preparation: 3.696469783782959
writing: 0.3461031913757324
reading: 0.12121319770812988
data_fitting: 0.09673929214477539
flux_point: 1.1692476272583008
