n_obs: 10
data_preparation: 8.383506536483765
writing: 0.1596527099609375
reading: 0.19969749450683594
data_fitting: 0.2501490116119385
flux_point: 4.266665458679199
