n_obs: 10
data_preparation: 3.5553507804870605
writing: 0.3550083637237549
reading: 0.1097259521484375
data_fitting: 0.0917043685913086
flux_point: 1.087378978729248
