n_obs: 10
data_preparation: 5.764887571334839
writing: 0.13340353965759277
reading: 0.14075160026550293
data_fitting: 0.11398816108703613
flux_point: 1.5582950115203857
