n_obs: 10
data_preparation: 3.4340813159942627
writing: 0.24766969680786133
reading: 0.19913101196289062
data_fitting: 1.4102299213409424
flux_point: 3.5644893646240234
