n_obs: 10
data_preparation: 6.3528220653533936
writing: 0.13286709785461426
reading: 0.1510758399963379
data_fitting: 0.17672038078308105
flux_point: 2.5236294269561768
