n_obs: 10
data_preparation: 3.5867323875427246
writing: 0.33752870559692383
reading: 0.11209416389465332
data_fitting: 0.09135293960571289
flux_point: 1.0967371463775635
