n_obs: 10
data_preparation: 5.5442376136779785
writing: 0.14066028594970703
reading: 0.15195894241333008
data_fitting: 0.13320207595825195
flux_point: 1.7666709423065186
