n_obs: 10
data_preparation: 3.583559989929199
writing: 0.3261697292327881
reading: 0.11106228828430176
data_fitting: 0.09152913093566895
flux_point: 1.1174123287200928
