n_obs: 10
data_preparation: 7.145503282546997
writing: 0.14855217933654785
reading: 0.16376638412475586
data_fitting: 0.1124117374420166
flux_point: 1.4279165267944336
