n_obs: 10
data_preparation: 3.4523396492004395
writing: 0.10862207412719727
reading: 0.11922597885131836
data_fitting: 0.2313687801361084
flux_point: 1.2325081825256348
