n_obs: 10
data_preparation: 8.514419078826904
writing: 0.18093514442443848
reading: 0.20786046981811523
data_fitting: 0.20728492736816406
flux_point: 2.518059730529785
