n_obs: 10
data_preparation: 3.4418785572052
writing: 0.24680542945861816
reading: 0.19871830940246582
data_fitting: 1.3783597946166992
flux_point: 3.510134696960449
