n_obs: 10
data_preparation: 8.34252142906189
writing: 0.14151239395141602
reading: 0.15903639793395996
data_fitting: 0.1148996353149414
flux_point: 1.4120562076568604
