n_obs: 10
data_preparation: 3.357442617416382
writing: 0.10578274726867676
reading: 0.1191413402557373
data_fitting: 0.2223501205444336
flux_point: 1.2051455974578857
