n_obs: 10
data_preparation: 6.555346965789795
writing: 0.13962721824645996
reading: 0.15739989280700684
data_fitting: 0.17616629600524902
flux_point: 2.5521576404571533
