n_obs: 10
data_preparation: 3.4985463619232178
writing: 0.24731755256652832
reading: 0.20311856269836426
data_fitting: 1.4024953842163086
flux_point: 3.5402257442474365
