n_obs: 10
data_preparation: 5.860151290893555
writing: 0.16779088973999023
reading: 0.1670093536376953
data_fitting: 0.12628531455993652
flux_point: 1.7457571029663086
