n_obs: 10
data_preparation: 7.489496469497681
writing: 0.19457793235778809
reading: 0.22565364837646484
data_fitting: 0.26880311965942383
flux_point: 2.6026692390441895
