n_obs: 10
data_preparation: 5.448383331298828
writing: 0.12980222702026367
reading: 0.13876676559448242
data_fitting: 0.16989827156066895
flux_point: 5.279574394226074
