n_obs: 10
data_preparation: 9.400869369506836
writing: 0.19221925735473633
reading: 0.22441625595092773
data_fitting: 0.1846771240234375
flux_point: 2.369410991668701
