n_obs: 10
data_preparation: 7.289350748062134
writing: 0.15024328231811523
reading: 0.16807150840759277
data_fitting: 0.1241445541381836
flux_point: 1.5372164249420166
