n_obs: 10
data_preparation: 5.034875392913818
writing: 0.17266631126403809
reading: 0.19958901405334473
data_fitting: 0.35876989364624023
flux_point: 3.7131476402282715
