n_obs: 10
data_preparation: 3.4066901206970215
writing: 0.2416994571685791
reading: 0.1949005126953125
data_fitting: 1.3407065868377686
flux_point: 3.470686197280884
