n_obs: 10
data_preparation: 5.841446399688721
writing: 0.15377211570739746
reading: 0.1703202724456787
data_fitting: 0.20411276817321777
flux_point: 1.9547333717346191
