n_obs: 10
data_preparation: 7.8153698444366455
writing: 0.19202041625976562
reading: 0.22757649421691895
data_fitting: 0.31970739364624023
flux_point: 3.0470335483551025
