n_obs: 10
data_preparation: 5.761105060577393
writing: 0.24792194366455078
reading: 0.22222065925598145
data_fitting: 0.4554023742675781
flux_point: 4.67509126663208
