n_obs: 10
data_preparation: 6.897356271743774
writing: 0.1800215244293213
reading: 0.19935178756713867
data_fitting: 0.1964740753173828
flux_point: 2.288132667541504
