n_obs: 10
data_preparation: 6.645342826843262
writing: 0.13396215438842773
reading: 0.1559617519378662
data_fitting: 0.17903661727905273
flux_point: 2.5503475666046143
