n_obs: 10
data_preparation: 3.3474881649017334
writing: 0.3442227840423584
reading: 0.1102752685546875
data_fitting: 0.22664427757263184
flux_point: 1.3464562892913818
