n_obs: 10
data_preparation: 3.1545889377593994
writing: 0.21622443199157715
reading: 0.17238330841064453
data_fitting: 1.192845106124878
flux_point: 3.1957550048828125
