n_obs: 10
data_preparation: 9.028705835342407
writing: 0.19959402084350586
reading: 0.217299222946167
data_fitting: 0.4404489994049072
flux_point: 20.37055253982544
