n_obs: 10
data_preparation: 5.677971363067627
writing: 0.14336276054382324
reading: 0.17247796058654785
data_fitting: 0.39981889724731445
flux_point: 2.668787717819214
