n_obs: 10
data_preparation: 6.5682525634765625
writing: 0.13587617874145508
reading: 0.15927672386169434
data_fitting: 0.19002413749694824
flux_point: 2.634222984313965
