n_obs: 10
data_preparation: 3.4607412815093994
writing: 0.10829901695251465
reading: 0.12011098861694336
data_fitting: 0.22539782524108887
flux_point: 1.2206146717071533
