n_obs: 10
data_preparation: 3.539431095123291
writing: 0.3586914539337158
reading: 0.10969901084899902
data_fitting: 0.09199094772338867
flux_point: 1.0948026180267334
