n_obs: 10
data_preparation: 8.818885564804077
writing: 0.17984962463378906
reading: 0.21684551239013672
data_fitting: 0.26835060119628906
flux_point: 4.151857852935791
