n_obs: 10
data_preparation: 4.917558670043945
writing: 0.2026052474975586
reading: 0.17262578010559082
data_fitting: 0.3416316509246826
flux_point: 3.594752311706543
