n_obs: 10
data_preparation: 6.762085914611816
writing: 0.13908982276916504
reading: 0.16429829597473145
data_fitting: 0.185621976852417
flux_point: 2.618579864501953
