n_obs: 10
data_preparation: 3.5664217472076416
writing: 0.32452917098999023
reading: 0.11289238929748535
data_fitting: 0.09295392036437988
flux_point: 1.1280264854431152
