n_obs: 10
data_preparation: 5.006589889526367
writing: 0.21202659606933594
reading: 0.1985464096069336
data_fitting: 0.4128575325012207
flux_point: 4.251227140426636
