n_obs: 10
data_preparation: 4.190364837646484
writing: 0.2462177276611328
reading: 0.12998652458190918
data_fitting: 0.0892174243927002
flux_point: 1.0783295631408691
