n_obs: 10
data_preparation: 6.131516456604004
writing: 0.20343875885009766
reading: 0.22063779830932617
data_fitting: 0.4955439567565918
flux_point: 4.8624677658081055
