n_obs: 10
data_preparation: 3.619778633117676
writing: 0.37634968757629395
reading: 0.1126699447631836
data_fitting: 0.09303879737854004
flux_point: 1.1147842407226562
