n_obs: 10
data_preparation: 8.779977798461914
writing: 0.14348530769348145
reading: 0.15973806381225586
data_fitting: 0.17223286628723145
flux_point: 2.459550380706787
