n_obs: 10
data_preparation: 3.5540342330932617
writing: 0.3715178966522217
reading: 0.11298274993896484
data_fitting: 0.2309277057647705
flux_point: 1.2445950508117676
