n_obs: 10
data_preparation: 6.654498100280762
writing: 0.13220477104187012
reading: 0.18253135681152344
data_fitting: 0.16802597045898438
flux_point: 6.189600944519043
