n_obs: 10
data_preparation: 8.542784214019775
writing: 0.1854724884033203
reading: 0.19687509536743164
data_fitting: 0.2291860580444336
flux_point: 4.002955913543701
