n_obs: 10
data_preparation: 6.083337068557739
writing: 0.1589653491973877
reading: 0.14997506141662598
data_fitting: 0.14203619956970215
flux_point: 1.8201072216033936
