n_obs: 10
data_preparation: 4.411337375640869
writing: 0.2651994228363037
reading: 0.13774991035461426
data_fitting: 0.1011967658996582
flux_point: 1.2327334880828857
