n_obs: 10
data_preparation: 3.572030544281006
writing: 0.3399078845977783
reading: 0.11136364936828613
data_fitting: 0.08599233627319336
flux_point: 0.9562382698059082
