n_obs: 10
data_preparation: 3.40079665184021
writing: 0.24483346939086914
reading: 0.1961040496826172
data_fitting: 1.3856170177459717
flux_point: 3.544224977493286
