n_obs: 10
data_preparation: 6.151082515716553
writing: 0.14898085594177246
reading: 0.1468513011932373
data_fitting: 0.13715124130249023
flux_point: 1.8023791313171387
