n_obs: 10
data_preparation: 6.872961044311523
writing: 0.18044710159301758
reading: 0.18335604667663574
data_fitting: 0.1874394416809082
flux_point: 2.486583948135376
