n_obs: 10
data_preparation: 3.5406694412231445
writing: 0.3219153881072998
reading: 0.11274933815002441
data_fitting: 0.09168601036071777
flux_point: 1.11299729347229
