n_obs: 10
data_preparation: 5.8859710693359375
writing: 0.15109634399414062
reading: 0.16464471817016602
data_fitting: 0.16726994514465332
flux_point: 1.9843931198120117
