n_obs: 10
data_preparation: 8.631701707839966
writing: 0.17283225059509277
reading: 0.20734214782714844
data_fitting: 0.2462785243988037
flux_point: 4.044571876525879
