n_obs: 10
data_preparation: 6.833239316940308
writing: 0.1784682273864746
reading: 0.1987013816833496
data_fitting: 0.2567908763885498
flux_point: 2.424372673034668
