n_obs: 10
data_preparation: 3.534512519836426
writing: 0.3286757469177246
reading: 0.11032533645629883
data_fitting: 0.09442877769470215
flux_point: 1.1248095035552979
