n_obs: 10
data_preparation: 7.107391357421875
writing: 0.14649438858032227
reading: 0.1648421287536621
data_fitting: 0.12044143676757812
flux_point: 1.4950087070465088
