n_obs: 10
data_preparation: 8.16159462928772
writing: 0.17526626586914062
reading: 0.19663715362548828
data_fitting: 0.2274456024169922
flux_point: 3.1896350383758545
