n_obs: 10
data_preparation: 4.5636961460113525
writing: 0.24288177490234375
reading: 0.13255739212036133
data_fitting: 0.09255504608154297
flux_point: 1.1557331085205078
