n_obs: 10
data_preparation: 3.5496201515197754
writing: 0.11141014099121094
reading: 0.1262805461883545
data_fitting: 0.2954998016357422
flux_point: 1.3133130073547363
