n_obs: 10
data_preparation: 4.333468198776245
writing: 0.26156163215637207
reading: 0.13695859909057617
data_fitting: 0.10271120071411133
flux_point: 1.2405567169189453
