n_obs: 10
data_preparation: 3.620771884918213
writing: 0.11173844337463379
reading: 0.12643027305603027
data_fitting: 0.23804950714111328
flux_point: 1.2819228172302246
