n_obs: 10
data_preparation: 6.548059463500977
writing: 0.1447734832763672
reading: 0.1634368896484375
data_fitting: 0.18111157417297363
flux_point: 2.5811429023742676
