n_obs: 10
data_preparation: 6.509889364242554
writing: 0.13709259033203125
reading: 0.15830636024475098
data_fitting: 0.1785726547241211
flux_point: 2.5543973445892334
