n_obs: 10
data_preparation: 3.572542428970337
writing: 0.3881509304046631
reading: 0.12013101577758789
data_fitting: 0.23623323440551758
flux_point: 1.275472640991211
