n_obs: 10
data_preparation: 6.139641046524048
writing: 0.1396172046661377
reading: 0.09114813804626465
data_fitting: 0.08400416374206543
flux_point: 0.6762497425079346
