n_obs: 10
data_preparation: 6.444490194320679
writing: 0.1435546875
reading: 0.2082352638244629
data_fitting: 0.19692015647888184
flux_point: 6.046516418457031
