n_obs: 10
data_preparation: 3.63311767578125
writing: 0.3169441223144531
reading: 0.11320972442626953
data_fitting: 0.09513139724731445
flux_point: 1.1620237827301025
