n_obs: 10
data_preparation: 3.3671796321868896
writing: 0.10713028907775879
reading: 0.12073945999145508
data_fitting: 0.29027414321899414
flux_point: 1.2641754150390625
