n_obs: 10
data_preparation: 4.4122443199157715
writing: 0.2437126636505127
reading: 0.12778186798095703
data_fitting: 0.08997154235839844
flux_point: 1.108339548110962
