n_obs: 10
data_preparation: 3.377877950668335
writing: 0.24227428436279297
reading: 0.19274497032165527
data_fitting: 1.3598108291625977
flux_point: 3.4817819595336914
