n_obs: 10
data_preparation: 3.4655535221099854
writing: 0.24783873558044434
reading: 0.19672203063964844
data_fitting: 1.382751226425171
flux_point: 3.533377170562744
