n_obs: 10
data_preparation: 7.722366571426392
writing: 0.1534111499786377
reading: 0.17868661880493164
data_fitting: 0.2087700366973877
flux_point: 2.9948806762695312
