n_obs: 10
data_preparation: 7.866882085800171
writing: 0.20803046226501465
reading: 0.25875258445739746
data_fitting: 1.8475799560546875
flux_point: 17.75844097137451
