n_obs: 10
data_preparation: 7.733197212219238
writing: 0.21217894554138184
reading: 0.2268984317779541
data_fitting: 0.27462124824523926
flux_point: 2.607996940612793
