n_obs: 10
data_preparation: 6.523299932479858
writing: 0.14327144622802734
reading: 0.16356682777404785
data_fitting: 0.17637300491333008
flux_point: 2.5338478088378906
