n_obs: 10
data_preparation: 3.3788485527038574
writing: 0.10836315155029297
reading: 0.11860942840576172
data_fitting: 0.2268071174621582
flux_point: 1.2312302589416504
