n_obs: 10
data_preparation: 6.3662941455841064
writing: 0.16303443908691406
reading: 0.18744587898254395
data_fitting: 0.2170400619506836
flux_point: 2.0794665813446045
