n_obs: 10
data_preparation: 4.6461639404296875
writing: 0.14806795120239258
reading: 0.15454506874084473
data_fitting: 0.6201684474945068
flux_point: 5.99248480796814
