n_obs: 10
data_preparation: 3.5008583068847656
writing: 0.31290626525878906
reading: 0.10819458961486816
data_fitting: 0.0932459831237793
flux_point: 1.093000888824463
