n_obs: 10
data_preparation: 3.4454009532928467
writing: 0.35134339332580566
reading: 0.11335444450378418
data_fitting: 0.23157882690429688
flux_point: 1.24808669090271
