n_obs: 10
data_preparation: 3.504962921142578
writing: 0.3136746883392334
reading: 0.10794711112976074
data_fitting: 0.0907280445098877
flux_point: 1.0920579433441162
