n_obs: 10
data_preparation: 8.813639640808105
writing: 0.2024698257446289
reading: 0.20947504043579102
data_fitting: 0.4562666416168213
flux_point: 20.39180302619934
