n_obs: 10
data_preparation: 5.791782379150391
writing: 0.15413236618041992
reading: 0.18113493919372559
data_fitting: 1.3072714805603027
flux_point: 14.134993553161621
