n_obs: 10
data_preparation: 7.799623012542725
writing: 0.1652538776397705
reading: 0.19063401222229004
data_fitting: 0.21449708938598633
flux_point: 3.067368507385254
