n_obs: 10
data_preparation: 3.516896963119507
writing: 0.3166072368621826
reading: 0.10949993133544922
data_fitting: 0.09166455268859863
flux_point: 1.1176154613494873
