n_obs: 10
data_preparation: 3.3254590034484863
writing: 0.2377183437347412
reading: 0.19167351722717285
data_fitting: 1.2643508911132812
flux_point: 3.32035493850708
