n_obs: 10
data_preparation: 3.4351117610931396
writing: 0.25060510635375977
reading: 0.20074868202209473
data_fitting: 1.3913159370422363
flux_point: 3.508474588394165
