n_obs: 10
data_preparation: 7.151020526885986
writing: 0.14562273025512695
reading: 0.16700077056884766
data_fitting: 0.11933565139770508
flux_point: 1.5131807327270508
