n_obs: 10
data_preparation: 3.364807367324829
writing: 0.1073601245880127
reading: 0.1189277172088623
data_fitting: 0.2896101474761963
flux_point: 1.2570185661315918
