n_obs: 10
data_preparation: 4.66720175743103
writing: 0.2561962604522705
reading: 0.13451457023620605
data_fitting: 0.09191274642944336
flux_point: 1.1334013938903809
