n_obs: 10
data_preparation: 3.4789750576019287
writing: 0.35800790786743164
reading: 0.11286687850952148
data_fitting: 0.23804569244384766
flux_point: 1.26948881149292
