n_obs: 10
data_preparation: 3.4703409671783447
writing: 0.10801911354064941
reading: 0.11962032318115234
data_fitting: 0.2303023338317871
flux_point: 1.2355601787567139
