n_obs: 10
data_preparation: 4.209856271743774
writing: 0.24570655822753906
reading: 0.1313488483428955
data_fitting: 0.09964323043823242
flux_point: 1.1784625053405762
