n_obs: 10
data_preparation: 3.50134015083313
writing: 0.10849380493164062
reading: 0.11884188652038574
data_fitting: 0.22992706298828125
flux_point: 1.2335493564605713
