n_obs: 10
data_preparation: 3.353532314300537
writing: 0.10546135902404785
reading: 0.12034058570861816
data_fitting: 0.2845113277435303
flux_point: 1.2543647289276123
