n_obs: 10
data_preparation: 6.660116672515869
writing: 0.1360173225402832
reading: 0.15854191780090332
data_fitting: 0.18202996253967285
flux_point: 2.614145517349243
