n_obs: 10
data_preparation: 3.5101399421691895
writing: 0.38115549087524414
reading: 0.1188507080078125
data_fitting: 0.23065662384033203
flux_point: 1.226578950881958
