n_obs: 10
data_preparation: 3.894690990447998
writing: 0.13339710235595703
reading: 0.13823938369750977
data_fitting: 0.2688865661621094
flux_point: 2.816540002822876
