n_obs: 10
data_preparation: 6.807958126068115
writing: 0.1739184856414795
reading: 0.19069194793701172
data_fitting: 0.24324512481689453
flux_point: 2.355440616607666
