n_obs: 10
data_preparation: 5.913131952285767
writing: 0.1502840518951416
reading: 0.17032575607299805
data_fitting: 0.1631479263305664
flux_point: 1.9176416397094727
