n_obs: 10
data_preparation: 5.271066904067993
writing: 0.19104433059692383
reading: 0.21900200843811035
data_fitting: 0.4393653869628906
flux_point: 4.3408286571502686
