n_obs: 10
data_preparation: 10.040059328079224
writing: 0.2208116054534912
reading: 0.23950839042663574
data_fitting: 0.2621767520904541
flux_point: 3.6146626472473145
