n_obs: 10
data_preparation: 3.4769837856292725
writing: 0.31234240531921387
reading: 0.1074831485748291
data_fitting: 0.08946037292480469
flux_point: 1.0859148502349854
