n_obs: 10
data_preparation: 6.017707824707031
writing: 0.15211081504821777
reading: 0.17067909240722656
data_fitting: 0.1635432243347168
flux_point: 1.9964237213134766
