n_obs: 10
data_preparation: 7.948296785354614
writing: 0.16859006881713867
reading: 0.19659757614135742
data_fitting: 0.15799760818481445
flux_point: 1.8548939228057861
