n_obs: 10
data_preparation: 3.4040439128875732
writing: 0.10900735855102539
reading: 0.12537717819213867
data_fitting: 0.2234029769897461
flux_point: 1.2101202011108398
