n_obs: 10
data_preparation: 4.786848545074463
writing: 0.2700948715209961
reading: 0.14290380477905273
data_fitting: 0.0968475341796875
flux_point: 1.2244641780853271
