n_obs: 10
data_preparation: 6.915918588638306
writing: 0.17542147636413574
reading: 0.2038266658782959
data_fitting: 0.4943981170654297
flux_point: 3.4666402339935303
