n_obs: 10
data_preparation: 6.872575044631958
writing: 0.1418013572692871
reading: 0.15935111045837402
data_fitting: 0.11543750762939453
flux_point: 1.4468610286712646
