n_obs: 10
data_preparation: 10.10387659072876
writing: 0.17176389694213867
reading: 0.19404077529907227
data_fitting: 0.13872098922729492
flux_point: 1.6904449462890625
