n_obs: 10
data_preparation: 6.203920602798462
writing: 0.1310131549835205
reading: 0.15134716033935547
data_fitting: 0.15661048889160156
flux_point: 2.008568286895752
