n_obs: 10
data_preparation: 5.690183877944946
writing: 0.20351314544677734
reading: 0.21370792388916016
data_fitting: 0.43497490882873535
flux_point: 4.536413908004761
