n_obs: 10
data_preparation: 3.5297210216522217
writing: 0.39760756492614746
reading: 0.12482023239135742
data_fitting: 0.23902130126953125
flux_point: 1.2746925354003906
