n_obs: 10
data_preparation: 6.9914398193359375
writing: 0.1758103370666504
reading: 0.17369556427001953
data_fitting: 0.16723990440368652
flux_point: 2.2421603202819824
