n_obs: 10
data_preparation: 9.1181640625
writing: 0.18110299110412598
reading: 0.21932721138000488
data_fitting: 0.2707340717315674
flux_point: 4.481526613235474
