n_obs: 10
data_preparation: 4.425841569900513
writing: 0.2465510368347168
reading: 0.12711668014526367
data_fitting: 0.09002685546875
flux_point: 1.1057531833648682
