n_obs: 10
data_preparation: 6.64600944519043
writing: 0.18918681144714355
reading: 0.21960854530334473
data_fitting: 1.212571382522583
flux_point: 11.866651773452759
