n_obs: 10
data_preparation: 7.941788196563721
writing: 0.2087101936340332
reading: 0.19577360153198242
data_fitting: 0.36384129524230957
flux_point: 4.728484630584717
