n_obs: 10
data_preparation: 8.470622539520264
writing: 0.14391732215881348
reading: 0.16211986541748047
data_fitting: 0.11738896369934082
flux_point: 1.481745958328247
