n_obs: 10
data_preparation: 6.0418572425842285
writing: 0.1536717414855957
reading: 0.1731119155883789
data_fitting: 0.21117520332336426
flux_point: 2.036741018295288
