n_obs: 10
data_preparation: 6.09692645072937
writing: 0.1440880298614502
reading: 0.1606154441833496
data_fitting: 0.13157153129577637
flux_point: 1.8377783298492432
