n_obs: 10
data_preparation: 3.557532548904419
writing: 0.3253026008605957
reading: 0.11034560203552246
data_fitting: 0.08677220344543457
flux_point: 0.9538822174072266
