n_obs: 10
data_preparation: 3.5363752841949463
writing: 0.3299727439880371
reading: 0.10894489288330078
data_fitting: 0.08883357048034668
flux_point: 1.0980024337768555
