n_obs: 10
data_preparation: 3.4674153327941895
writing: 0.11073088645935059
reading: 0.11961913108825684
data_fitting: 0.22806215286254883
flux_point: 1.2460193634033203
