n_obs: 10
data_preparation: 6.588868618011475
writing: 0.13709783554077148
reading: 0.15794801712036133
data_fitting: 0.17478322982788086
flux_point: 2.520810842514038
