n_obs: 10
data_preparation: 3.59295654296875
writing: 0.37630724906921387
reading: 0.1134188175201416
data_fitting: 0.09652137756347656
flux_point: 1.2639076709747314
