n_obs: 10
data_preparation: 3.2699475288391113
writing: 0.1003105640411377
reading: 0.11631608009338379
data_fitting: 0.2083907127380371
flux_point: 1.2556953430175781
