n_obs: 10
data_preparation: 9.023396015167236
writing: 0.19657230377197266
reading: 0.23073196411132812
data_fitting: 0.2380216121673584
flux_point: 3.1037721633911133
