n_obs: 10
data_preparation: 3.9265902042388916
writing: 0.3413808345794678
reading: 0.11785459518432617
data_fitting: 0.09502458572387695
flux_point: 1.1145706176757812
