n_obs: 10
data_preparation: 6.064752578735352
writing: 0.15481066703796387
reading: 0.15329813957214355
data_fitting: 0.15150880813598633
flux_point: 1.9026744365692139
