n_obs: 10
data_preparation: 3.6521191596984863
writing: 0.11601829528808594
reading: 0.12665557861328125
data_fitting: 0.23211193084716797
flux_point: 1.2686212062835693
