n_obs: 10
data_preparation: 8.699424743652344
writing: 0.18056106567382812
reading: 0.20622467994689941
data_fitting: 0.14768290519714355
flux_point: 1.850743293762207
