n_obs: 10
data_preparation: 6.999304533004761
writing: 0.14589405059814453
reading: 0.16528630256652832
data_fitting: 0.11839890480041504
flux_point: 1.4881606101989746
