n_obs: 10
data_preparation: 3.6530611515045166
writing: 0.38100242614746094
reading: 0.11427760124206543
data_fitting: 0.09398317337036133
flux_point: 1.1253471374511719
