n_obs: 10
data_preparation: 3.570054292678833
writing: 0.36356401443481445
reading: 0.11197233200073242
data_fitting: 0.09372806549072266
flux_point: 1.1153087615966797
