n_obs: 10
data_preparation: 3.674922227859497
writing: 0.3738269805908203
reading: 0.11108732223510742
data_fitting: 0.09384012222290039
flux_point: 1.1161131858825684
