n_obs: 10
data_preparation: 5.95785927772522
writing: 0.1506052017211914
reading: 0.17102384567260742
data_fitting: 0.16529369354248047
flux_point: 2.0039846897125244
