n_obs: 10
data_preparation: 6.30357027053833
writing: 0.23348140716552734
reading: 0.17398953437805176
data_fitting: 0.17915797233581543
flux_point: 2.2021024227142334
