n_obs: 10
data_preparation: 6.697643756866455
writing: 0.13669753074645996
reading: 0.16090846061706543
data_fitting: 0.17686700820922852
flux_point: 2.754089593887329
