n_obs: 10
data_preparation: 5.754652976989746
writing: 0.20100641250610352
reading: 0.21194148063659668
data_fitting: 0.4186122417449951
flux_point: 4.455447435379028
