n_obs: 10
data_preparation: 6.907605886459351
writing: 0.14606070518493652
reading: 0.1628720760345459
data_fitting: 0.1132049560546875
flux_point: 1.4109256267547607
