n_obs: 10
data_preparation: 3.6236653327941895
writing: 0.38190770149230957
reading: 0.12153291702270508
data_fitting: 0.23824286460876465
flux_point: 1.301908254623413
