n_obs: 10
data_preparation: 3.543738603591919
writing: 0.31970858573913574
reading: 0.11079239845275879
data_fitting: 0.09169435501098633
flux_point: 1.1182596683502197
