n_obs: 10
data_preparation: 3.5005528926849365
writing: 0.3143162727355957
reading: 0.10965156555175781
data_fitting: 0.09073138236999512
flux_point: 1.0994341373443604
