n_obs: 10
data_preparation: 7.913851499557495
writing: 0.21869754791259766
reading: 0.22346997261047363
data_fitting: 0.22468852996826172
flux_point: 2.737121105194092
