n_obs: 10
data_preparation: 3.452331304550171
writing: 0.10746288299560547
reading: 0.11903810501098633
data_fitting: 0.23251962661743164
flux_point: 1.246081829071045
