n_obs: 10
data_preparation: 6.5240302085876465
writing: 0.1324918270111084
reading: 0.15360283851623535
data_fitting: 0.17383098602294922
flux_point: 2.507375717163086
