n_obs: 10
data_preparation: 3.4926390647888184
writing: 0.32311010360717773
reading: 0.10815620422363281
data_fitting: 0.0897831916809082
flux_point: 1.0866563320159912
