n_obs: 10
data_preparation: 8.574503421783447
writing: 0.1730952262878418
reading: 0.20239567756652832
data_fitting: 0.14568257331848145
flux_point: 1.7975950241088867
