n_obs: 10
data_preparation: 3.508922576904297
writing: 0.3384866714477539
reading: 0.1139366626739502
data_fitting: 0.08943724632263184
flux_point: 1.087167501449585
