n_obs: 10
data_preparation: 8.527080059051514
writing: 0.1715073585510254
reading: 0.20112180709838867
data_fitting: 0.28211140632629395
flux_point: 4.322516679763794
