n_obs: 10
data_preparation: 3.1393275260925293
writing: 0.21452736854553223
reading: 0.17242074012756348
data_fitting: 1.0716338157653809
flux_point: 3.1145622730255127
