n_obs: 10
data_preparation: 3.6662228107452393
writing: 0.3962399959564209
reading: 0.12273240089416504
data_fitting: 0.24293971061706543
flux_point: 1.288407564163208
