n_obs: 10
data_preparation: 6.531692028045654
writing: 0.13237309455871582
reading: 0.15621685981750488
data_fitting: 0.15401887893676758
flux_point: 1.8990273475646973
