n_obs: 10
data_preparation: 7.075656890869141
writing: 0.14655661582946777
reading: 0.16328692436218262
data_fitting: 0.11140966415405273
flux_point: 1.415511131286621
