n_obs: 10
data_preparation: 8.835363388061523
writing: 0.24752497673034668
reading: 0.2830078601837158
data_fitting: 0.3638174533843994
flux_point: 3.1923329830169678
