n_obs: 10
data_preparation: 3.651698350906372
writing: 0.35221219062805176
reading: 0.1147158145904541
data_fitting: 0.09769463539123535
flux_point: 1.1563916206359863
