n_obs: 10
data_preparation: 7.025858640670776
writing: 0.15480852127075195
reading: 0.17333006858825684
data_fitting: 0.16690421104431152
flux_point: 2.2215487957000732
