n_obs: 10
data_preparation: 7.002159833908081
writing: 0.17172741889953613
reading: 0.18008160591125488
data_fitting: 0.2163839340209961
flux_point: 6.69009256362915
