n_obs: 10
data_preparation: 4.606550216674805
writing: 0.25080204010009766
reading: 0.13221359252929688
data_fitting: 0.09358930587768555
flux_point: 1.1585662364959717
