n_obs: 10
data_preparation: 4.427081823348999
writing: 0.3081984519958496
reading: 0.12917780876159668
data_fitting: 0.09194087982177734
flux_point: 1.1671898365020752
