n_obs: 10
data_preparation: 4.201998710632324
writing: 0.24326825141906738
reading: 0.12937450408935547
data_fitting: 0.09003639221191406
flux_point: 1.0818967819213867
