n_obs: 10
data_preparation: 3.4976844787597656
writing: 0.36182570457458496
reading: 0.11438298225402832
data_fitting: 0.23397564888000488
flux_point: 1.2682874202728271
