n_obs: 10
data_preparation: 4.582223176956177
writing: 0.32625699043273926
reading: 0.1378953456878662
data_fitting: 0.09134268760681152
flux_point: 1.1469264030456543
