n_obs: 10
data_preparation: 7.0420238971710205
writing: 0.14409923553466797
reading: 0.17018485069274902
data_fitting: 0.18674850463867188
flux_point: 2.6154677867889404
