n_obs: 10
data_preparation: 3.4885501861572266
writing: 1.400097131729126
reading: 0.12169194221496582
data_fitting: 0.23798799514770508
flux_point: 1.2674057483673096
