n_obs: 10
data_preparation: 8.735530614852905
writing: 0.1756422519683838
reading: 0.2140641212463379
data_fitting: 0.18061590194702148
flux_point: 2.0961952209472656
