n_obs: 10
data_preparation: 6.968204975128174
writing: 0.1459369659423828
reading: 0.16191959381103516
data_fitting: 0.11158227920532227
flux_point: 1.4041032791137695
