n_obs: 10
data_preparation: 3.367217779159546
writing: 0.11025571823120117
reading: 0.11685729026794434
data_fitting: 0.23017048835754395
flux_point: 1.2290194034576416
