n_obs: 10
data_preparation: 6.001561403274536
writing: 0.1669459342956543
reading: 0.17335104942321777
data_fitting: 0.4743072986602783
flux_point: 3.31974720954895
