n_obs: 10
data_preparation: 6.843398094177246
writing: 0.17395377159118652
reading: 0.19858908653259277
data_fitting: 0.5022251605987549
flux_point: 3.539644479751587
