n_obs: 10
data_preparation: 7.562807559967041
writing: 0.15108728408813477
reading: 0.17511868476867676
data_fitting: 0.21032929420471191
flux_point: 2.9680659770965576
