n_obs: 10
data_preparation: 7.012603044509888
writing: 0.18660330772399902
reading: 0.22406601905822754
data_fitting: 0.46671557426452637
flux_point: 3.307507276535034
