n_obs: 10
data_preparation: 3.650510311126709
writing: 0.3529517650604248
reading: 0.11109781265258789
data_fitting: 0.09153890609741211
flux_point: 1.126800775527954
