n_obs: 10
data_preparation: 6.026036262512207
writing: 0.1550922393798828
reading: 0.17423152923583984
data_fitting: 0.1653282642364502
flux_point: 1.9578862190246582
