n_obs: 10
data_preparation: 3.5673491954803467
writing: 0.32395243644714355
reading: 0.11186385154724121
data_fitting: 0.09300971031188965
flux_point: 1.132631540298462
