n_obs: 10
data_preparation: 5.002950668334961
writing: 0.17629241943359375
reading: 0.18028926849365234
data_fitting: 0.43277430534362793
flux_point: 3.852760076522827
