n_obs: 10
data_preparation: 6.658348798751831
writing: 0.13465046882629395
reading: 0.1567981243133545
data_fitting: 0.17676734924316406
flux_point: 2.551175355911255
