n_obs: 10
data_preparation: 7.04048752784729
writing: 0.17313313484191895
reading: 0.17162179946899414
data_fitting: 0.16372299194335938
flux_point: 2.1304593086242676
