n_obs: 10
data_preparation: 7.400265693664551
writing: 0.17810821533203125
reading: 0.1732470989227295
data_fitting: 0.17928862571716309
flux_point: 2.176401138305664
