n_obs: 10
data_preparation: 10.28447699546814
writing: 0.22691845893859863
reading: 0.2454845905303955
data_fitting: 0.1867361068725586
flux_point: 2.4099488258361816
