n_obs: 10
data_preparation: 3.2988784313201904
writing: 0.10930514335632324
reading: 0.1161034107208252
data_fitting: 0.22640657424926758
flux_point: 1.1975548267364502
