n_obs: 10
data_preparation: 3.5161352157592773
writing: 0.3197500705718994
reading: 0.1105947494506836
data_fitting: 0.09114694595336914
flux_point: 1.107818841934204
