n_obs: 10
data_preparation: 3.48343825340271
writing: 0.3155333995819092
reading: 0.11118578910827637
data_fitting: 0.09083247184753418
flux_point: 1.097055435180664
