n_obs: 10
data_preparation: 3.6436753273010254
writing: 0.3467690944671631
reading: 0.11336231231689453
data_fitting: 0.09574699401855469
flux_point: 1.1297595500946045
