n_obs: 10
data_preparation: 3.576918363571167
writing: 0.32752108573913574
reading: 0.11120271682739258
data_fitting: 0.09520554542541504
flux_point: 1.113556146621704
