n_obs: 10
data_preparation: 7.000471591949463
writing: 0.2183072566986084
reading: 0.17368102073669434
data_fitting: 0.18867731094360352
flux_point: 2.4746296405792236
