n_obs: 10
data_preparation: 7.707165956497192
writing: 0.15583229064941406
reading: 0.1823136806488037
data_fitting: 0.2094728946685791
flux_point: 3.0155906677246094
