n_obs: 10
data_preparation: 7.13666033744812
writing: 0.21824288368225098
reading: 0.19214200973510742
data_fitting: 0.31427526473999023
flux_point: 4.1181840896606445
