n_obs: 10
data_preparation: 3.6656246185302734
writing: 0.3498954772949219
reading: 0.11348366737365723
data_fitting: 0.0922858715057373
flux_point: 1.117469072341919
