n_obs: 10
data_preparation: 4.725157976150513
writing: 0.17077374458312988
reading: 0.16847443580627441
data_fitting: 0.379497766494751
flux_point: 3.9044716358184814
