n_obs: 10
data_preparation: 7.937169075012207
writing: 0.16585350036621094
reading: 0.1987004280090332
data_fitting: 0.23049235343933105
flux_point: 3.8326661586761475
