n_obs: 10
data_preparation: 7.054728031158447
writing: 0.17354202270507812
reading: 0.21115875244140625
data_fitting: 0.47338104248046875
flux_point: 3.622694730758667
