n_obs: 10
data_preparation: 6.596306324005127
writing: 0.13598370552062988
reading: 0.15891718864440918
data_fitting: 0.17641282081604004
flux_point: 2.5384044647216797
