n_obs: 10
data_preparation: 6.55008339881897
writing: 0.13557767868041992
reading: 0.15586614608764648
data_fitting: 0.17148542404174805
flux_point: 2.478821277618408
