n_obs: 10
data_preparation: 7.224997043609619
writing: 0.18964338302612305
reading: 0.18017077445983887
data_fitting: 0.19775056838989258
flux_point: 2.207947015762329
