n_obs: 10
data_preparation: 3.3192548751831055
writing: 0.2219846248626709
reading: 0.18057656288146973
data_fitting: 1.1055679321289062
flux_point: 3.190077304840088
