n_obs: 10
data_preparation: 6.222779273986816
writing: 0.15704965591430664
reading: 0.1838207244873047
data_fitting: 0.4509110450744629
flux_point: 3.001187562942505
