n_obs: 10
data_preparation: 6.887148141860962
writing: 0.13525915145874023
reading: 0.15570425987243652
data_fitting: 0.1899394989013672
flux_point: 2.7799062728881836
