n_obs: 10
data_preparation: 6.569030046463013
writing: 0.14389967918395996
reading: 0.1534879207611084
data_fitting: 0.18720054626464844
flux_point: 5.513366222381592
