n_obs: 10
data_preparation: 3.5765864849090576
writing: 0.3090531826019287
reading: 0.11130118370056152
data_fitting: 0.09259986877441406
flux_point: 1.128774642944336
