n_obs: 10
data_preparation: 3.3587570190429688
writing: 0.24109673500061035
reading: 0.19267821311950684
data_fitting: 1.360588550567627
flux_point: 3.4942381381988525
