n_obs: 10
data_preparation: 6.676084280014038
writing: 0.1873176097869873
reading: 0.21480369567871094
data_fitting: 1.1849069595336914
flux_point: 10.96557354927063
