n_obs: 10
data_preparation: 6.04292106628418
writing: 0.21052861213684082
reading: 0.22260379791259766
data_fitting: 0.46999502182006836
flux_point: 4.268368244171143
