n_obs: 10
data_preparation: 6.403130531311035
writing: 0.13392949104309082
reading: 0.1535964012145996
data_fitting: 0.1696491241455078
flux_point: 2.616469621658325
