n_obs: 10
data_preparation: 6.239647150039673
writing: 0.1564958095550537
reading: 0.18706226348876953
data_fitting: 0.4198455810546875
flux_point: 2.8810012340545654
