n_obs: 10
data_preparation: 4.816521644592285
writing: 0.16528987884521484
reading: 0.19238638877868652
data_fitting: 0.3439662456512451
flux_point: 3.5430359840393066
