n_obs: 10
data_preparation: 3.3593289852142334
writing: 0.10527205467224121
reading: 0.11813712120056152
data_fitting: 0.2888798713684082
flux_point: 1.2534434795379639
