n_obs: 10
data_preparation: 7.479552268981934
writing: 0.21188950538635254
reading: 0.25318264961242676
data_fitting: 0.5455272197723389
flux_point: 3.9067509174346924
