n_obs: 10
data_preparation: 3.582908868789673
writing: 0.37039732933044434
reading: 0.11514997482299805
data_fitting: 0.09528899192810059
flux_point: 1.2556538581848145
