n_obs: 10
data_preparation: 9.138519525527954
writing: 0.19757962226867676
reading: 0.23917341232299805
data_fitting: 0.26720714569091797
flux_point: 4.540427207946777
