n_obs: 10
data_preparation: 3.60178279876709
writing: 0.32766246795654297
reading: 0.11021018028259277
data_fitting: 0.08811616897583008
flux_point: 0.9599175453186035
