n_obs: 10
data_preparation: 6.5380308628082275
writing: 0.1338510513305664
reading: 0.1547837257385254
data_fitting: 0.1808481216430664
flux_point: 2.590928077697754
