n_obs: 10
data_preparation: 4.3131184577941895
writing: 0.2600114345550537
reading: 0.1353447437286377
data_fitting: 0.10257244110107422
flux_point: 1.2010056972503662
