n_obs: 10
data_preparation: 3.534912586212158
writing: 0.3195838928222656
reading: 0.10921144485473633
data_fitting: 0.0907297134399414
flux_point: 1.1042594909667969
