n_obs: 10
data_preparation: 5.418022394180298
writing: 0.23115110397338867
reading: 0.21209406852722168
data_fitting: 0.4420144557952881
flux_point: 4.39427375793457
