n_obs: 10
data_preparation: 6.302101135253906
writing: 0.17981600761413574
reading: 0.18896722793579102
data_fitting: 1.3987817764282227
flux_point: 15.141322135925293
