n_obs: 10
data_preparation: 4.677936553955078
writing: 0.24509882926940918
reading: 0.13078069686889648
data_fitting: 0.09191417694091797
flux_point: 1.1420345306396484
