n_obs: 10
data_preparation: 3.5806374549865723
writing: 0.37056541442871094
reading: 0.11129212379455566
data_fitting: 0.09239506721496582
flux_point: 1.0962042808532715
