n_obs: 10
data_preparation: 7.167950868606567
writing: 0.1457982063293457
reading: 0.1688230037689209
data_fitting: 0.12270164489746094
flux_point: 1.517714500427246
