n_obs: 10
data_preparation: 6.566571474075317
writing: 0.13386917114257812
reading: 0.15165972709655762
data_fitting: 0.17786526679992676
flux_point: 2.6938815116882324
