n_obs: 10
data_preparation: 3.546751022338867
writing: 0.32411670684814453
reading: 0.1122894287109375
data_fitting: 0.09065723419189453
flux_point: 1.1328353881835938
