n_obs: 10
data_preparation: 3.442563056945801
writing: 0.10721254348754883
reading: 0.118499755859375
data_fitting: 0.22780370712280273
flux_point: 1.2247908115386963
