n_obs: 10
data_preparation: 4.661950588226318
writing: 0.15184378623962402
reading: 0.15529370307922363
data_fitting: 0.3551344871520996
flux_point: 3.067197561264038
