n_obs: 10
data_preparation: 3.549673080444336
writing: 0.3330380916595459
reading: 0.10701990127563477
data_fitting: 0.0891106128692627
flux_point: 1.1038711071014404
