n_obs: 10
data_preparation: 6.63155198097229
writing: 0.13531756401062012
reading: 0.15432333946228027
data_fitting: 0.175584077835083
flux_point: 2.5297648906707764
