n_obs: 10
data_preparation: 6.768355131149292
writing: 0.13555431365966797
reading: 0.1560688018798828
data_fitting: 0.18010711669921875
flux_point: 2.6046524047851562
