n_obs: 10
data_preparation: 11.76672625541687
writing: 0.20685911178588867
reading: 0.23672080039978027
data_fitting: 0.19767475128173828
flux_point: 2.394132614135742
