n_obs: 10
data_preparation: 8.206201076507568
writing: 0.17028498649597168
reading: 0.1932518482208252
data_fitting: 0.1392209529876709
flux_point: 1.7440581321716309
