n_obs: 10
data_preparation: 6.946907997131348
writing: 0.1699965000152588
reading: 0.17315292358398438
data_fitting: 0.21481585502624512
flux_point: 6.646847724914551
