n_obs: 10
data_preparation: 6.445172071456909
writing: 0.16593170166015625
reading: 0.18790483474731445
data_fitting: 0.1875746250152588
flux_point: 2.0919899940490723
