n_obs: 10
data_preparation: 3.8269448280334473
writing: 0.33478713035583496
reading: 0.11608219146728516
data_fitting: 0.09147191047668457
flux_point: 1.0837421417236328
