n_obs: 10
data_preparation: 3.5289621353149414
writing: 0.35969066619873047
reading: 0.1174919605255127
data_fitting: 0.23241209983825684
flux_point: 1.2490370273590088
