n_obs: 10
data_preparation: 8.19116497039795
writing: 0.16727566719055176
reading: 0.19762158393859863
data_fitting: 0.22174429893493652
flux_point: 3.184857130050659
