n_obs: 10
data_preparation: 3.6193788051605225
writing: 0.326244592666626
reading: 0.11366868019104004
data_fitting: 0.09345412254333496
flux_point: 1.142439842224121
