n_obs: 10
data_preparation: 8.10570740699768
writing: 0.1661233901977539
reading: 0.19461774826049805
data_fitting: 0.19635772705078125
flux_point: 2.3931615352630615
