n_obs: 10
data_preparation: 8.4418466091156
writing: 0.2069721221923828
reading: 0.20158028602600098
data_fitting: 0.26859307289123535
flux_point: 8.032319068908691
