n_obs: 10
data_preparation: 5.384951114654541
writing: 0.14808440208435059
reading: 0.15831875801086426
data_fitting: 0.12425565719604492
flux_point: 1.602905511856079
