# Elapsed time   CPU (%)     Real (MB)   Virtual (MB)
       0.000        0.000        8.277       39.109
       0.504      164.800       91.629      363.383
       1.007      164.800      144.949      647.199
       1.511       99.300      179.328      685.180
       2.015       99.300      196.949      780.191
       2.518       99.300      197.586      781.461
       3.022      101.300      196.293      780.246
       3.525      101.300      197.520      781.285
       4.029       99.300      199.566      783.270
       4.533      101.300      197.641      781.285
       5.036       99.300      198.812      782.273
       5.540       99.300      199.145      782.273
       6.044      101.200      199.145      782.273
       6.547       99.200      199.145      782.273
       7.051       99.300      199.145      782.273
       7.555       99.200      199.145      782.273
       8.059      101.200      199.203      782.273
       8.562       99.200      199.207      782.273
       9.066       98.800      199.219      782.273
       9.572      100.800      199.227      782.273
      10.078      100.800      199.234      782.273
      10.584      100.800      199.355      782.273
      11.090       98.800      199.648      782.273
      11.596      100.800      199.805      782.273
