data_fitting: 0.0627450942993164
data_preparation: 5.839349985122681
flux_point: 0.5349128246307373
reading: 0.0852668285369873
writing: 0.1286180019378662
