data_fitting: 0.07134699821472168
data_preparation: 6.2079339027404785
flux_point: 0.6058211326599121
reading: 0.09345006942749023
writing: 0.1397101879119873
