data_preparation: 54.56250810623169
writing: 0.12792611122131348
reading: 0.09091711044311523
data_fitting: 0.07068800926208496
flux_point: 0.5406649112701416
