data_fitting: 0.06608319282531738
data_preparation: 6.037491321563721
flux_point: 0.5832231044769287
reading: 0.08570432662963867
writing: 0.12784099578857422
